Conc1	1.37E-08	
Start1	300	
Stop1	539.8	
Kobs	0.000638062978260801	
Error Kobs	2.40952193682383E-05	
Koff	0	
Error Koff	0	
Time1	Data1	Fit1	
300	0.00192794	0	
300.2	0.00335903	0.00079278	
300.4	0.00427098	0.0015851	
300.6	0.00589832	0.00237697	
300.8	0.00762783	0.00316837	
301	0.00916128	0.00395932	
301.2	0.01112912	0.00474981	
301.4	0.01307277	0.00553985	
301.6	0.01499378	0.00632942	
301.8	0.01695597	0.00711854	
302	0.01866853	0.00790721	
302.2	0.01980715	0.00869541	
302.4	0.02167505	0.00948317	
302.6	0.02287971	0.01027046	
302.8	0.02417415	0.0110573	
303	0.02522099	0.01184369	
303.2	0.02629967	0.01262962	
303.4	0.02759199	0.0134151	
303.6	0.02910834	0.01420012	
303.8	0.03060194	0.01498469	
304	0.03148695	0.01576881	
304.2	0.03218138	0.01655247	
304.4	0.03287204	0.01733568	
304.6	0.0339143	0.01811843	
304.8	0.03488173	0.01890073	
305	0.03564965	0.01968258	
305.2	0.03696831	0.02046398	
305.4	0.03821938	0.02124493	
305.6	0.03925102	0.02202542	
305.8	0.04032069	0.02280547	
306	0.041408	0.02358506	
306.2	0.04270359	0.0243642	
306.4	0.04433625	0.02514289	
306.6	0.04531746	0.02592113	
306.8	0.04670259	0.02669892	
307	0.04806449	0.02747626	
307.2	0.04910208	0.02825316	
307.4	0.05007808	0.0290296	
307.6	0.05074796	0.02980559	
307.8	0.05173575	0.03058114	
308	0.05220858	0.03135623	
308.2	0.05285102	0.03213088	
308.4	0.05353148	0.03290508	
308.6	0.05467286	0.03367883	
308.8	0.05560154	0.03445214	
309	0.05653093	0.03522499	
309.2	0.05735019	0.0359974	
309.4	0.05832616	0.03676937	
309.6	0.05913884	0.03754088	
309.8	0.06013247	0.03831196	
310	0.0611242	0.03908258	
310.2	0.06207259	0.03985276	
310.4	0.06299039	0.0406225	
310.6	0.06430635	0.04139178	
310.8	0.0652052	0.04216063	
311	0.0661292	0.04292903	
311.2	0.06701584	0.04369698	
311.4	0.06789161	0.04446449	
311.6	0.06857888	0.04523156	
311.8	0.06978107	0.04599819	
312	0.06995373	0.04676437	
312.2	0.07103302	0.0475301	
312.4	0.07183436	0.0482954	
312.6	0.07310502	0.04906025	
312.8	0.07357918	0.04982466	
313	0.07511087	0.05058863	
313.2	0.07587813	0.05135215	
313.4	0.07693502	0.05211524	
313.6	0.07753516	0.05287788	
313.8	0.07805827	0.05364008	
314	0.07869148	0.05440184	
314.2	0.0793166	0.05516317	
314.4	0.08020953	0.05592405	
314.6	0.08133896	0.05668449	
314.8	0.08183363	0.05744449	
315	0.08255325	0.05820405	
315.2	0.08304783	0.05896317	
315.4	0.08349685	0.05972185	
315.6	0.08441464	0.0604801	
315.8	0.08466358	0.0612379	
316	0.08484514	0.06199527	
316.2	0.08616794	0.0627522	
316.4	0.08688442	0.06350869	
316.6	0.08764445	0.06426475	
316.8	0.0883709	0.06502036	
317	0.08950632	0.06577555	
317.2	0.09028516	0.06653029	
317.4	0.09144017	0.0672846	
317.6	0.09210974	0.06803847	
317.8	0.09308367	0.0687919	
318	0.09431579	0.0695449	
318.2	0.09504372	0.07029746	
318.4	0.09622439	0.07104959	
318.6	0.09716797	0.07180129	
318.8	0.09797636	0.07255255	
319	0.09867544	0.07330337	
319.2	0.09894342	0.07405376	
319.4	0.09968418	0.07480372	
319.6	0.10129171	0.07555324	
319.8	0.10184755	0.07630233	
320	0.103089	0.07705099	
320.2	0.10378149	0.07779921	
320.4	0.10427552	0.078547	
320.6	0.10475265	0.07929436	
320.8	0.10547764	0.08004128	
321	0.10658375	0.08078778	
321.2	0.10787495	0.08153384	
321.4	0.10830228	0.08227947	
321.6	0.10846356	0.08302467	
321.8	0.10920958	0.08376944	
322	0.11008592	0.08451378	
322.2	0.11045088	0.08525768	
322.4	0.11132963	0.08600116	
322.6	0.11210318	0.08674421	
322.8	0.11302009	0.08748683	
323	0.11398209	0.08822901	
323.2	0.11499423	0.08897077	
323.4	0.11600043	0.0897121	
323.6	0.11706656	0.09045301	
323.8	0.11736695	0.09119348	
324	0.1183695	0.09193352	
324.2	0.1188603	0.09267314	
324.4	0.11956173	0.09341233	
324.6	0.12011544	0.09415109	
324.8	0.12074269	0.09488943	
325	0.12163055	0.09562733	
325.2	0.1220267	0.09636481	
325.4	0.12204416	0.09710187	
325.6	0.12238024	0.0978385	
325.8	0.1225913	0.0985747	
326	0.12290205	0.09931047	
326.2	0.12329342	0.10004583	
326.4	0.12348889	0.10078075	
326.6	0.12447664	0.10151525	
326.8	0.12501514	0.10224933	
327	0.12552046	0.10298298	
327.2	0.12593617	0.10371621	
327.4	0.12630404	0.10444901	
327.6	0.12692047	0.10518139	
327.8	0.12789005	0.10591334	
328	0.12931584	0.10664488	
328.2	0.13001524	0.10737599	
328.4	0.13104837	0.10810667	
328.6	0.13205361	0.10883694	
328.8	0.13352655	0.10956678	
329	0.13495972	0.1102962	
329.2	0.13627079	0.1110252	
329.4	0.13749685	0.11175377	
329.6	0.13802475	0.11248193	
329.8	0.13880146	0.11320966	
330	0.13982557	0.11393698	
330.2	0.14040779	0.11466387	
330.4	0.14013634	0.11539034	
330.6	0.14077334	0.11611639	
330.8	0.14088975	0.11684202	
331	0.14141846	0.11756724	
331.2	0.14214085	0.11829203	
331.4	0.14262782	0.1190164	
331.6	0.1430533	0.11974036	
331.8	0.14339622	0.1204639	
332	0.14391733	0.12118701	
332.2	0.14429488	0.12190971	
332.4	0.14486136	0.122632	
332.6	0.14575454	0.12335386	
332.8	0.14680293	0.12407531	
333	0.14773337	0.12479634	
333.2	0.14902677	0.12551695	
333.4	0.15005619	0.12623715	
333.6	0.15055919	0.12695693	
333.8	0.15135631	0.12767629	
334	0.15202927	0.12839524	
334.2	0.152258	0.12911377	
334.4	0.15249589	0.12983189	
334.6	0.15334542	0.13054959	
334.8	0.1541552	0.13126687	
335	0.15475443	0.13198374	
335.2	0.15496192	0.1327002	
335.4	0.15513962	0.13341624	
335.6	0.15589641	0.13413187	
335.8	0.1566357	0.13484708	
336	0.15684701	0.13556188	
336.2	0.15751614	0.13627627	
336.4	0.15839564	0.13699025	
336.6	0.16000619	0.13770381	
336.8	0.1607812	0.13841696	
337	0.16176013	0.13912969	
337.2	0.16249726	0.13984202	
337.4	0.16322689	0.14055393	
337.6	0.16383396	0.14126543	
337.8	0.16452627	0.14197652	
338	0.16553477	0.1426872	
338.2	0.16612919	0.14339746	
338.4	0.16698066	0.14410732	
338.6	0.167251	0.14481676	
338.8	0.16764826	0.1455258	
339	0.16807379	0.14623442	
339.2	0.16863167	0.14694264	
339.4	0.16922978	0.14765045	
339.6	0.16983502	0.14835784	
339.8	0.17063776	0.14906483	
340	0.17104608	0.14977141	
340.2	0.17237254	0.15047758	
340.4	0.17356139	0.15118334	
340.6	0.17484585	0.15188869	
340.8	0.17539439	0.15259364	
341	0.17604358	0.15329818	
341.2	0.17660212	0.15400231	
341.4	0.17711965	0.15470603	
341.6	0.17790943	0.15540935	
341.8	0.17878624	0.15611226	
342	0.17964445	0.15681476	
342.2	0.1805655	0.15751686	
342.4	0.18104052	0.15821855	
342.6	0.18165988	0.15891984	
342.8	0.18235892	0.15962072	
343	0.1829672	0.16032119	
343.2	0.18356818	0.16102126	
343.4	0.18397667	0.16172092	
343.6	0.18461966	0.16242018	
343.8	0.1859997	0.16311904	
344	0.18652839	0.16381749	
344.2	0.18763476	0.16451554	
344.4	0.18873225	0.16521318	
344.6	0.18916064	0.16591042	
344.8	0.18944063	0.16660726	
345	0.18987145	0.16730369	
345.2	0.19000455	0.16799973	
345.4	0.18994228	0.16869535	
345.6	0.19038682	0.16939058	
345.8	0.19080119	0.17008541	
346	0.19115269	0.17077983	
346.2	0.19183673	0.17147385	
346.4	0.19215601	0.17216747	
346.6	0.19307612	0.17286069	
346.8	0.19356941	0.17355351	
347	0.19393346	0.17424592	
347.2	0.19466858	0.17493794	
347.4	0.19539506	0.17562956	
347.6	0.19613798	0.17632077	
347.8	0.19732659	0.17701159	
348	0.19821986	0.17770201	
348.2	0.19950185	0.17839203	
348.4	0.20007217	0.17908165	
348.6	0.20058315	0.17977087	
348.8	0.20121301	0.18045969	
349	0.20215698	0.18114811	
349.2	0.20247324	0.18183614	
349.4	0.20328023	0.18252377	
349.6	0.20396364	0.183211	
349.8	0.2048631	0.18389783	
350	0.20564423	0.18458426	
350.2	0.20601676	0.1852703	
350.4	0.20649523	0.18595594	
350.6	0.20705281	0.18664119	
350.8	0.20778727	0.18732604	
351	0.20816553	0.18801049	
351.2	0.20889367	0.18869455	
351.4	0.20962461	0.18937821	
351.6	0.21036445	0.19006148	
351.8	0.21150689	0.19074435	
352	0.21220462	0.19142682	
352.2	0.21257041	0.19210891	
352.4	0.21325016	0.19279059	
352.6	0.21401103	0.19347189	
352.8	0.21545951	0.19415278	
353	0.21652407	0.19483329	
353.2	0.21701902	0.1955134	
353.4	0.21812105	0.19619312	
353.6	0.21899417	0.19687244	
353.8	0.21923592	0.19755138	
354	0.21981189	0.19822992	
354.2	0.21950337	0.19890806	
354.4	0.22034105	0.19958582	
354.6	0.22095165	0.20026318	
354.8	0.22162035	0.20094015	
355	0.22214653	0.20161673	
355.2	0.22261497	0.20229292	
355.4	0.22345834	0.20296872	
355.6	0.22376259	0.20364413	
355.8	0.22425921	0.20431914	
356	0.22471956	0.20499377	
356.2	0.22507314	0.20566801	
356.4	0.22593479	0.20634185	
356.6	0.22642222	0.20701531	
356.8	0.22749217	0.20768838	
357	0.22812129	0.20836105	
357.2	0.22848476	0.20903334	
357.4	0.22947578	0.20970524	
357.6	0.23010692	0.21037675	
357.8	0.23078632	0.21104788	
358	0.23195801	0.21171861	
358.2	0.23259744	0.21238896	
358.4	0.2339363	0.21305892	
358.6	0.23458367	0.21372849	
358.8	0.23558715	0.21439768	
359	0.23643516	0.21506647	
359.2	0.23711327	0.21573488	
359.4	0.23798314	0.21640291	
359.6	0.23835917	0.21707055	
359.8	0.23901104	0.2177378	
360	0.23904165	0.21840467	
360.2	0.23946871	0.21907115	
360.4	0.24007962	0.21973724	
360.6	0.24036315	0.22040295	
360.8	0.24041905	0.22106828	
361	0.24112293	0.22173322	
361.2	0.24100158	0.22239777	
361.4	0.24149068	0.22306194	
361.6	0.24199394	0.22372573	
361.8	0.24286316	0.22438913	
362	0.24325233	0.22505215	
362.2	0.24433391	0.22571479	
362.4	0.24499917	0.22637704	
362.6	0.24556642	0.22703892	
362.8	0.24637431	0.2277004	
363	0.24699933	0.22836151	
363.2	0.24786842	0.22902223	
363.4	0.24837859	0.22968257	
363.6	0.24905098	0.23034253	
363.8	0.24983694	0.23100211	
364	0.24999633	0.2316613	
364.2	0.25129601	0.23232012	
364.4	0.25147154	0.23297855	
364.6	0.25147777	0.2336366	
364.8	0.25191293	0.23429428	
365	0.25266436	0.23495157	
365.2	0.25291819	0.23560848	
365.4	0.25319455	0.23626501	
365.6	0.2538057	0.23692116	
365.8	0.25472219	0.23757694	
366	0.25506489	0.23823233	
366.2	0.25640893	0.23888735	
366.4	0.25704245	0.23954198	
366.6	0.25763126	0.24019624	
366.8	0.25831246	0.24085012	
367	0.25852393	0.24150362	
367.2	0.2591649	0.24215674	
367.4	0.26002529	0.24280949	
367.6	0.26041503	0.24346185	
367.8	0.26111428	0.24411385	
368	0.26185897	0.24476546	
368.2	0.26282309	0.2454167	
368.4	0.26324703	0.24606756	
368.6	0.26403338	0.24671804	
368.8	0.2645793	0.24736815	
369	0.26483755	0.24801788	
369.2	0.26589728	0.24866723	
369.4	0.2661525	0.24931621	
369.6	0.26680221	0.24996482	
369.8	0.26763789	0.25061305	
370	0.26796802	0.2512609	
370.2	0.26930455	0.25190838	
370.4	0.26995764	0.25255549	
370.6	0.27029217	0.25320222	
370.8	0.2710401	0.25384858	
371	0.27160561	0.25449456	
371.2	0.27260312	0.25514017	
371.4	0.27299498	0.25578541	
371.6	0.27320324	0.25643028	
371.8	0.27392652	0.25707477	
372	0.27483055	0.25771889	
372.2	0.27563198	0.25836263	
372.4	0.276116	0.25900601	
372.6	0.27636616	0.25964901	
372.8	0.27706326	0.26029164	
373	0.27798429	0.26093389	
373.2	0.27879311	0.26157578	
373.4	0.27884889	0.2622173	
373.6	0.27972589	0.26285844	
373.8	0.2807737	0.26349922	
374	0.28162726	0.26413962	
374.2	0.28265176	0.26477965	
374.4	0.28307021	0.26541931	
374.6	0.28364655	0.26605861	
374.8	0.28474726	0.26669753	
375	0.28453277	0.26733608	
375.2	0.28447572	0.26797427	
375.4	0.2843182	0.26861208	
375.6	0.28464677	0.26924953	
375.8	0.28513528	0.26988661	
376	0.28555366	0.27052332	
376.2	0.28639661	0.27115966	
376.4	0.28639112	0.27179563	
376.6	0.28673975	0.27243124	
376.8	0.28720253	0.27306648	
377	0.28792343	0.27370135	
377.2	0.28849713	0.27433585	
377.4	0.28939339	0.27496999	
377.6	0.29033728	0.27560376	
377.8	0.2914275	0.27623716	
378	0.29199262	0.2768702	
378.2	0.29274616	0.27750287	
378.4	0.29298967	0.27813517	
378.6	0.2936647	0.27876711	
378.8	0.29414045	0.27939869	
379	0.29409894	0.2800299	
379.2	0.2950686	0.28066074	
379.4	0.2959154	0.28129122	
379.6	0.29702057	0.28192133	
379.8	0.29826751	0.28255108	
380	0.29879661	0.28318047	
380.2	0.29944448	0.28380949	
380.4	0.30037859	0.28443815	
380.6	0.30128323	0.28506644	
380.8	0.30236212	0.28569437	
381	0.30355202	0.28632194	
381.2	0.30406401	0.28694915	
381.4	0.30504651	0.28757599	
381.6	0.30522521	0.28820247	
381.8	0.30580657	0.28882859	
382	0.30564581	0.28945434	
382.2	0.30574795	0.29007974	
382.4	0.30589834	0.29070477	
382.6	0.30655088	0.29132944	
382.8	0.30701157	0.29195375	
383	0.30749518	0.2925777	
383.2	0.30828181	0.29320129	
383.4	0.30902261	0.29382451	
383.6	0.30947379	0.29444738	
383.8	0.31003484	0.29506989	
384	0.3109588	0.29569203	
384.2	0.31144903	0.29631382	
384.4	0.31253216	0.29693525	
384.6	0.31326994	0.29755631	
384.8	0.3146928	0.29817702	
385	0.31499308	0.29879737	
385.2	0.31544755	0.29941736	
385.4	0.31579022	0.300037	
385.6	0.31581837	0.30065627	
385.8	0.31665846	0.30127519	
386	0.31670648	0.30189374	
386.2	0.31725613	0.30251194	
386.4	0.31807556	0.30312979	
386.6	0.31843832	0.30374727	
386.8	0.3187562	0.3043644	
387	0.31930843	0.30498117	
387.2	0.31996381	0.30559759	
387.4	0.32068033	0.30621365	
387.6	0.32123202	0.30682935	
387.8	0.32196506	0.30744469	
388	0.32313378	0.30805968	
388.2	0.32356745	0.30867432	
388.4	0.32474555	0.3092886	
388.6	0.32602281	0.30990252	
388.8	0.32651555	0.31051609	
389	0.32664558	0.3111293	
389.2	0.32723631	0.31174216	
389.4	0.32771016	0.31235467	
389.6	0.32870216	0.31296682	
389.8	0.32917366	0.31357862	
390	0.32969361	0.31419006	
390.2	0.33013728	0.31480115	
390.4	0.33048815	0.31541189	
390.6	0.3307727	0.31602227	
390.8	0.33145724	0.3166323	
391	0.33209687	0.31724198	
391.2	0.33257568	0.3178513	
391.4	0.33327003	0.31846027	
391.6	0.33350799	0.31906889	
391.8	0.33410319	0.31967716	
392	0.33535889	0.32028508	
392.2	0.33634664	0.32089264	
392.4	0.33724811	0.32149986	
392.6	0.33696341	0.32210672	
392.8	0.33746537	0.32271323	
393	0.33841317	0.32331939	
393.2	0.33900351	0.3239252	
393.4	0.33939084	0.32453066	
393.6	0.34022089	0.32513577	
393.8	0.34070876	0.32574053	
394	0.34150403	0.32634494	
394.2	0.34177722	0.326949	
394.4	0.34252473	0.32755271	
394.6	0.34311293	0.32815608	
394.8	0.34374083	0.32875909	
395	0.34440778	0.32936175	
395.2	0.34489941	0.32996407	
395.4	0.34508868	0.33056604	
395.6	0.34524766	0.33116766	
395.8	0.34653621	0.33176893	
396	0.3476933	0.33236985	
396.2	0.3480845	0.33297043	
396.4	0.34820273	0.33357066	
396.6	0.34835041	0.33417054	
396.8	0.3498177	0.33477008	
397	0.3502871	0.33536926	
397.2	0.35087833	0.33596811	
397.4	0.35107287	0.3365666	
397.6	0.35178344	0.33716475	
397.8	0.35229064	0.33776255	
398	0.35315467	0.33836001	
398.2	0.35367706	0.33895712	
398.4	0.35453004	0.33955389	
398.6	0.35504609	0.34015031	
398.8	0.35597157	0.34074639	
399	0.35639339	0.34134212	
399.2	0.35674139	0.34193751	
399.4	0.3569931	0.34253256	
399.6	0.35792212	0.34312725	
399.8	0.35869112	0.34372161	
400	0.35920727	0.34431562	
400.2	0.35973767	0.34490929	
400.4	0.36029068	0.34550262	
400.6	0.36131308	0.3460956	
400.8	0.36183726	0.34668824	
401	0.36178784	0.34728053	
401.2	0.36242457	0.34787249	
401.4	0.362799	0.3484641	
401.6	0.36311468	0.34905537	
401.8	0.36400559	0.3496463	
402	0.36512315	0.35023688	
402.2	0.3654039	0.35082713	
402.4	0.36613019	0.35141703	
402.6	0.36678886	0.35200659	
402.8	0.36781482	0.35259581	
403	0.36841235	0.35318469	
403.2	0.36918666	0.35377323	
403.4	0.36943991	0.35436143	
403.6	0.37039471	0.35494929	
403.8	0.37078218	0.35553681	
404	0.37143636	0.35612399	
404.2	0.37188941	0.35671083	
404.4	0.37209854	0.35729733	
404.6	0.37279378	0.35788349	
404.8	0.37288851	0.35846931	
405	0.37326731	0.3590548	
405.2	0.37402832	0.35963994	
405.4	0.37445995	0.36022475	
405.6	0.37496922	0.36080922	
405.8	0.37568832	0.36139335	
406	0.37599623	0.36197714	
406.2	0.37621102	0.36256059	
406.4	0.37705374	0.36314371	
406.6	0.37779474	0.36372649	
406.8	0.37890458	0.36430894	
407	0.3795108	0.36489104	
407.2	0.38019164	0.36547281	
407.4	0.38084907	0.36605425	
407.6	0.38185036	0.36663534	
407.8	0.38213076	0.3672161	
408	0.38252686	0.36779653	
408.2	0.38351143	0.36837662	
408.4	0.38425083	0.36895637	
408.6	0.38481931	0.36953579	
408.8	0.38533125	0.37011488	
409	0.385924	0.37069363	
409.2	0.3866437	0.37127204	
409.4	0.38726044	0.37185012	
409.6	0.3873505	0.37242787	
409.8	0.38780216	0.37300528	
410	0.38846547	0.37358236	
410.2	0.38891211	0.3741591	
410.4	0.38942346	0.37473551	
410.6	0.38978676	0.37531159	
410.8	0.390495	0.37588733	
411	0.39107941	0.37646274	
411.2	0.39183819	0.37703782	
411.4	0.39228361	0.37761257	
411.6	0.39274498	0.37818698	
411.8	0.39332984	0.37876106	
412	0.39432385	0.37933481	
412.2	0.39511725	0.37990823	
412.4	0.39580208	0.38048131	
412.6	0.39645878	0.38105407	
412.8	0.39716754	0.38162649	
413	0.39802438	0.38219858	
413.2	0.39874679	0.38277035	
413.4	0.39974743	0.38334178	
413.6	0.4001834	0.38391288	
413.8	0.40141558	0.38448365	
414	0.40215756	0.38505409	
414.2	0.4022463	0.3856242	
414.4	0.40311109	0.38619398	
414.6	0.4031493	0.38676343	
414.8	0.40341322	0.38733255	
415	0.40410852	0.38790134	
415.2	0.40429843	0.3884698	
415.4	0.40481185	0.38903794	
415.6	0.40542838	0.38960575	
415.8	0.40632201	0.39017322	
416	0.40736178	0.39074037	
416.2	0.40740682	0.3913072	
416.4	0.4083907	0.39187369	
416.6	0.40846099	0.39243986	
416.8	0.40862059	0.39300569	
417	0.40881079	0.39357121	
417.2	0.40982769	0.39413639	
417.4	0.41069163	0.39470125	
417.6	0.41110136	0.39526578	
417.8	0.4117341	0.39582999	
418	0.41223381	0.39639386	
418.2	0.41262601	0.39695742	
418.4	0.41345972	0.39752064	
418.6	0.41361373	0.39808354	
418.8	0.41449956	0.39864612	
419	0.41557139	0.39920837	
419.2	0.41628522	0.39977029	
419.4	0.41739284	0.40033189	
419.6	0.41819662	0.40089317	
419.8	0.41902945	0.40145412	
420	0.42707164	0.40201483	
420.2	0.42484409	0.40196353	
420.4	0.42223635	0.40191224	
420.6	0.42013491	0.40186095	
420.8	0.41797007	0.40180968	
421	0.41600094	0.4017584	
421.2	0.41401236	0.40170714	
421.4	0.41229563	0.40165588	
421.6	0.41115569	0.40160462	
421.8	0.41020274	0.40155338	
422	0.40950114	0.40150214	
422.2	0.40971986	0.4014509	
422.4	0.40958093	0.40139968	
422.6	0.40869005	0.40134846	
422.8	0.40819157	0.40129724	
423	0.40777126	0.40124604	
423.2	0.40700779	0.40119483	
423.4	0.40612979	0.40114364	
423.6	0.40533911	0.40109245	
423.8	0.40475503	0.40104127	
424	0.40406657	0.4009901	
424.2	0.40348756	0.40093893	
424.4	0.40263982	0.40088777	
424.6	0.40261444	0.40083661	
424.8	0.40229963	0.40078546	
425	0.40206816	0.40073432	
425.2	0.40141297	0.40068319	
425.4	0.40139131	0.40063206	
425.6	0.40127637	0.40058093	
425.8	0.40118313	0.40052982	
426	0.40077864	0.40047871	
426.2	0.40091314	0.40042761	
426.4	0.40074077	0.40037651	
426.6	0.40023477	0.40032542	
426.8	0.39990309	0.40027434	
427	0.39999121	0.40022326	
427.2	0.39931621	0.40017219	
427.4	0.39906649	0.40012113	
427.6	0.39882472	0.40007007	
427.8	0.39898933	0.40001902	
428	0.39862759	0.39996797	
428.2	0.3989881	0.39991694	
428.4	0.39865032	0.3998659	
428.6	0.39866347	0.39981488	
428.8	0.39782445	0.39976386	
429	0.39780693	0.39971285	
429.2	0.39729003	0.39966185	
429.4	0.39756959	0.39961085	
429.6	0.39713036	0.39955985	
429.8	0.39708189	0.39950887	
430	0.39652284	0.39945789	
430.2	0.39571466	0.39940692	
430.4	0.3957976	0.39935595	
430.6	0.39529047	0.39930499	
430.8	0.39461636	0.39925404	
431	0.39448746	0.39920309	
431.2	0.39401801	0.39915215	
431.4	0.39422021	0.39910122	
431.6	0.39408562	0.39905029	
431.8	0.39446479	0.39899937	
432	0.39471175	0.39894846	
432.2	0.39500742	0.39889755	
432.4	0.39478105	0.39884665	
432.6	0.39442713	0.39879575	
432.8	0.39382834	0.39874486	
433	0.3941982	0.39869398	
433.2	0.39368632	0.39864311	
433.4	0.3935111	0.39859224	
433.6	0.3933077	0.39854138	
433.8	0.39323166	0.39849052	
434	0.39233622	0.39843967	
434.2	0.3916248	0.39838883	
434.4	0.39203069	0.39833799	
434.6	0.39100931	0.39828716	
434.8	0.39052159	0.39823634	
435	0.39067271	0.39818552	
435.2	0.39039598	0.39813471	
435.4	0.39061402	0.39808391	
435.6	0.39022995	0.39803311	
435.8	0.39062618	0.39798232	
436	0.39047367	0.39793154	
436.2	0.38990051	0.39788076	
436.4	0.38963528	0.39782999	
436.6	0.38940705	0.39777922	
436.8	0.38928633	0.39772847	
437	0.38947513	0.39767771	
437.2	0.38935932	0.39762697	
437.4	0.38962507	0.39757623	
437.6	0.38974242	0.3975255	
437.8	0.38927809	0.39747477	
438	0.38927614	0.39742405	
438.2	0.38943208	0.39737334	
438.4	0.38920511	0.39732263	
438.6	0.38862649	0.39727193	
438.8	0.38871878	0.39722124	
439	0.38852846	0.39717055	
439.2	0.38802968	0.39711987	
439.4	0.38818896	0.39706919	
439.6	0.38807329	0.39701853	
439.8	0.38767825	0.39696787	
440	0.38761723	0.39691721	
440.2	0.38775676	0.39686656	
440.4	0.38785315	0.39681592	
440.6	0.38785672	0.39676529	
440.8	0.38743879	0.39671466	
441	0.38750015	0.39666403	
441.2	0.38705337	0.39661342	
441.4	0.38717459	0.39656281	
441.6	0.38644909	0.3965122	
441.8	0.38640617	0.39646161	
442	0.3867719	0.39641102	
442.2	0.38593785	0.39636043	
442.4	0.38552333	0.39630986	
442.6	0.38528787	0.39625929	
442.8	0.38552636	0.39620872	
443	0.38530882	0.39615816	
443.2	0.38541308	0.39610761	
443.4	0.38587858	0.39605707	
443.6	0.38625412	0.39600653	
443.8	0.38635111	0.395956	
444	0.38716493	0.39590547	
444.2	0.3869762	0.39585495	
444.4	0.38675916	0.39580444	
444.6	0.3863858	0.39575393	
444.8	0.38611543	0.39570343	
445	0.38613225	0.39565294	
445.2	0.38550011	0.39560245	
445.4	0.38563906	0.39555197	
445.6	0.38521145	0.3955015	
445.8	0.38487608	0.39545103	
446	0.38438541	0.39540057	
446.2	0.3834598	0.39535011	
446.4	0.38284014	0.39529966	
446.6	0.38263369	0.39524922	
446.8	0.38269822	0.39519879	
447	0.38220131	0.39514836	
447.2	0.3816338	0.39509793	
447.4	0.38172226	0.39504752	
447.6	0.3818117	0.39499711	
447.8	0.38222686	0.3949467	
448	0.38252713	0.39489631	
448.2	0.38217157	0.39484592	
448.4	0.3820135	0.39479553	
448.6	0.38176803	0.39474516	
448.8	0.38164722	0.39469478	
449	0.38190372	0.39464442	
449.2	0.38196203	0.39459406	
449.4	0.38223512	0.39454371	
449.6	0.3822198	0.39449336	
449.8	0.38200205	0.39444302	
450	0.38186092	0.39439269	
450.2	0.38168748	0.39434237	
450.4	0.38160919	0.39429205	
450.6	0.38152304	0.39424173	
450.8	0.38110707	0.39419143	
451	0.3808919	0.39414112	
451.2	0.38082774	0.39409083	
451.4	0.38144621	0.39404054	
451.6	0.38181479	0.39399026	
451.8	0.38236541	0.39393999	
452	0.38195273	0.39388972	
452.2	0.38123723	0.39383946	
452.4	0.38125405	0.3937892	
452.6	0.3809194	0.39373895	
452.8	0.38065637	0.39368871	
453	0.38120874	0.39363847	
453.2	0.38053238	0.39358824	
453.4	0.3803453	0.39353802	
453.6	0.38024783	0.3934878	
453.8	0.37962683	0.39343759	
454	0.37994667	0.39338739	
454.2	0.3797352	0.39333719	
454.4	0.3792901	0.393287	
454.6	0.37917981	0.39323681	
454.8	0.37924893	0.39318663	
455	0.37913705	0.39313646	
455.2	0.37899504	0.39308629	
455.4	0.37903354	0.39303613	
455.6	0.37904467	0.39298598	
455.8	0.37897852	0.39293583	
456	0.37868692	0.39288569	
456.2	0.37860465	0.39283556	
456.4	0.37867508	0.39278543	
456.6	0.37824699	0.39273531	
456.8	0.37871398	0.3926852	
457	0.37901316	0.39263509	
457.2	0.37827203	0.39258499	
457.4	0.37886392	0.39253489	
457.6	0.37903256	0.3924848	
457.8	0.37915353	0.39243472	
458	0.38033991	0.39238464	
458.2	0.38026729	0.39233457	
458.4	0.38048818	0.39228451	
458.6	0.38093792	0.39223445	
458.8	0.38038569	0.3921844	
459	0.38006694	0.39213436	
459.2	0.37983848	0.39208432	
459.4	0.37966517	0.39203429	
459.6	0.37939933	0.39198426	
459.8	0.37930321	0.39193424	
460	0.37904736	0.39188423	
460.2	0.37895055	0.39183422	
460.4	0.37885684	0.39178422	
460.6	0.37854563	0.39173423	
460.8	0.37855106	0.39168424	
461	0.37760703	0.39163426	
461.2	0.37745556	0.39158429	
461.4	0.37792781	0.39153432	
461.6	0.37777899	0.39148436	
461.8	0.37789809	0.3914344	
462	0.37819191	0.39138445	
462.2	0.37768828	0.39133451	
462.4	0.37707939	0.39128458	
462.6	0.37725233	0.39123465	
462.8	0.3767133	0.39118472	
463	0.37637189	0.39113481	
463.2	0.37621599	0.3910849	
463.4	0.37619191	0.39103499	
463.6	0.37627597	0.39098509	
463.8	0.37654491	0.3909352	
464	0.37693787	0.39088532	
464.2	0.37761627	0.39083544	
464.4	0.37745818	0.39078557	
464.6	0.37748477	0.3907357	
464.8	0.37756876	0.39068584	
465	0.37766957	0.39063599	
465.2	0.37854054	0.39058614	
465.4	0.3784886	0.3905363	
465.6	0.3782134	0.39048647	
465.8	0.37851033	0.39043664	
466	0.37819711	0.39038682	
466.2	0.37828202	0.390337	
466.4	0.37833729	0.39028719	
466.6	0.3784204	0.39023739	
466.8	0.37766434	0.39018759	
467	0.37705023	0.3901378	
467.2	0.37685617	0.39008802	
467.4	0.37690273	0.39003824	
467.6	0.37659401	0.38998847	
467.8	0.37608495	0.38993871	
468	0.3760665	0.38988895	
468.2	0.37519303	0.3898392	
468.4	0.37469073	0.38978945	
468.6	0.37409097	0.38973972	
468.8	0.37398807	0.38968998	
469	0.37370978	0.38964026	
469.2	0.37315802	0.38959054	
469.4	0.37275201	0.38954082	
469.6	0.37328713	0.38949112	
469.8	0.37383827	0.38944142	
470	0.37437868	0.38939172	
470.2	0.3751041	0.38934203	
470.4	0.37492937	0.38929235	
470.6	0.37539948	0.38924268	
470.8	0.37558019	0.38919301	
471	0.3754717	0.38914334	
471.2	0.3761336	0.38909369	
471.4	0.37662603	0.38904404	
471.6	0.37629729	0.38899439	
471.8	0.37648537	0.38894476	
472	0.37636769	0.38889513	
472.2	0.37598468	0.3888455	
472.4	0.37602801	0.38879588	
472.6	0.37528641	0.38874627	
472.8	0.37504809	0.38869666	
473	0.37498848	0.38864707	
473.2	0.37487544	0.38859747	
473.4	0.37467236	0.38854789	
473.6	0.37435554	0.3884983	
473.8	0.37397771	0.38844873	
474	0.37402478	0.38839916	
474.2	0.37404876	0.3883496	
474.4	0.37379752	0.38830005	
474.6	0.3739337	0.3882505	
474.8	0.37365508	0.38820095	
475	0.3736199	0.38815142	
475.2	0.37396771	0.38810189	
475.4	0.3737408	0.38805237	
475.6	0.37366578	0.38800285	
475.8	0.37402642	0.38795334	
476	0.37428161	0.38790383	
476.2	0.37466911	0.38785433	
476.4	0.37486962	0.38780484	
476.6	0.37440692	0.38775536	
476.8	0.3746518	0.38770588	
477	0.37484947	0.3876564	
477.2	0.37418859	0.38760694	
477.4	0.37387171	0.38755748	
477.6	0.37391691	0.38750802	
477.8	0.37407019	0.38745858	
478	0.3742897	0.38740913	
478.2	0.37430799	0.3873597	
478.4	0.37349737	0.38731027	
478.6	0.37324801	0.38726085	
478.8	0.37298495	0.38721143	
479	0.37258422	0.38716202	
479.2	0.3721216	0.38711262	
479.4	0.37196981	0.38706322	
479.6	0.37212941	0.38701383	
479.8	0.37234669	0.38696445	
480	0.37244137	0.38691507	
480.2	0.37198194	0.38686569	
480.4	0.37176359	0.38681633	
480.6	0.37149001	0.38676697	
480.8	0.37160259	0.38671762	
481	0.37153103	0.38666827	
481.2	0.37166478	0.38661893	
481.4	0.37237306	0.38656959	
481.6	0.37282486	0.38652027	
481.8	0.37334417	0.38647094	
482	0.37339044	0.38642163	
482.2	0.37312188	0.38637232	
482.4	0.37291908	0.38632302	
482.6	0.37344843	0.38627372	
482.8	0.37347598	0.38622443	
483	0.37352694	0.38617515	
483.2	0.37365335	0.38612587	
483.4	0.37369395	0.3860766	
483.6	0.37386215	0.38602733	
483.8	0.37378642	0.38597807	
484	0.37340107	0.38592882	
484.2	0.37332822	0.38587957	
484.4	0.37315849	0.38583033	
484.6	0.37284789	0.3857811	
484.8	0.37269425	0.38573187	
485	0.3728253	0.38568265	
485.2	0.37283483	0.38563344	
485.4	0.37336131	0.38558423	
485.6	0.373525	0.38553503	
485.8	0.37333659	0.38548583	
486	0.37276521	0.38543664	
486.2	0.37234306	0.38538746	
486.4	0.37222443	0.38533828	
486.6	0.37261067	0.38528911	
486.8	0.37275791	0.38523995	
487	0.37213674	0.38519079	
487.2	0.37224111	0.38514163	
487.4	0.37202405	0.38509249	
487.6	0.37215937	0.38504335	
487.8	0.37163204	0.38499422	
488	0.37131158	0.38494509	
488.2	0.37105062	0.38489597	
488.4	0.37068115	0.38484685	
488.6	0.37075985	0.38479775	
488.8	0.37085145	0.38474864	
489	0.37086519	0.38469955	
489.2	0.3711168	0.38465046	
489.4	0.37098476	0.38460138	
489.6	0.37093534	0.3845523	
489.8	0.37096025	0.38450323	
490	0.37104348	0.38445416	
490.2	0.37106144	0.38440511	
490.4	0.37132971	0.38435605	
490.6	0.37158169	0.38430701	
490.8	0.37153793	0.38425797	
491	0.37141531	0.38420894	
491.2	0.37202633	0.38415991	
491.4	0.37208222	0.38411089	
491.6	0.37244147	0.38406188	
491.8	0.37204947	0.38401287	
492	0.37229888	0.38396387	
492.2	0.37258255	0.38391487	
492.4	0.37270598	0.38386588	
492.6	0.37314733	0.3838169	
492.8	0.37319366	0.38376792	
493	0.37326917	0.38371895	
493.2	0.37341583	0.38366999	
493.4	0.37310031	0.38362103	
493.6	0.37289867	0.38357208	
493.8	0.37239145	0.38352313	
494	0.37260108	0.38347419	
494.2	0.3723041	0.38342526	
494.4	0.37174061	0.38337633	
494.6	0.37104798	0.38332741	
494.8	0.37094533	0.3832785	
495	0.37081556	0.38322959	
495.2	0.37096895	0.38318069	
495.4	0.37098063	0.38313179	
495.6	0.37066489	0.3830829	
495.8	0.37065852	0.38303402	
496	0.37114615	0.38298514	
496.2	0.37118528	0.38293627	
496.4	0.37150292	0.38288741	
496.6	0.37204431	0.38283855	
496.8	0.37183613	0.3827897	
497	0.37124654	0.38274085	
497.2	0.3714373	0.38269201	
497.4	0.371381	0.38264318	
497.6	0.37110367	0.38259435	
497.8	0.37109519	0.38254553	
498	0.37152084	0.38249672	
498.2	0.37084106	0.38244791	
498.4	0.37054573	0.38239911	
498.6	0.37065618	0.38235031	
498.8	0.37090126	0.38230152	
499	0.37091593	0.38225274	
499.2	0.37126173	0.38220396	
499.4	0.37090888	0.38215519	
499.6	0.37090733	0.38210642	
499.8	0.37112358	0.38205767	
500	0.37124039	0.38200891	
500.2	0.37101315	0.38196017	
500.4	0.37131297	0.38191143	
500.6	0.37081576	0.38186269	
500.8	0.37070223	0.38181397	
501	0.37039611	0.38176525	
501.2	0.37096487	0.38171653	
501.4	0.37103974	0.38166782	
501.6	0.37072894	0.38161912	
501.8	0.37023915	0.38157042	
502	0.3704972	0.38152173	
502.2	0.37040202	0.38147305	
502.4	0.37064199	0.38142437	
502.6	0.37088506	0.3813757	
502.8	0.37042649	0.38132704	
503	0.37021122	0.38127838	
503.2	0.37021534	0.38122972	
503.4	0.36998324	0.38118108	
503.6	0.37041809	0.38113244	
503.8	0.37041994	0.3810838	
504	0.37074345	0.38103517	
504.2	0.37046539	0.38098655	
504.4	0.37066822	0.38093794	
504.6	0.37046003	0.38088933	
504.8	0.37056463	0.38084072	
505	0.37019148	0.38079213	
505.2	0.3700374	0.38074354	
505.4	0.36980003	0.38069495	
505.6	0.36952782	0.38064637	
505.8	0.36914216	0.3805978	
506	0.36951484	0.38054924	
506.2	0.36903437	0.38050068	
506.4	0.36886952	0.38045212	
506.6	0.36862581	0.38040357	
506.8	0.3679515	0.38035503	
507	0.367937	0.3803065	
507.2	0.36780486	0.38025797	
507.4	0.36773877	0.38020945	
507.6	0.36780927	0.38016093	
507.8	0.36770739	0.38011242	
508	0.36757161	0.38006392	
508.2	0.36762183	0.38001542	
508.4	0.36801812	0.37996693	
508.6	0.36799819	0.37991844	
508.8	0.36804421	0.37986996	
509	0.36798917	0.37982149	
509.2	0.36796313	0.37977302	
509.4	0.36842821	0.37972456	
509.6	0.36902864	0.37967611	
509.8	0.36967652	0.37962766	
510	0.37056924	0.37957922	
510.2	0.37050971	0.37953078	
510.4	0.37105293	0.37948235	
510.6	0.37122708	0.37943393	
510.8	0.371101	0.37938551	
511	0.37103319	0.3793371	
511.2	0.3708049	0.37928869	
511.4	0.37042552	0.37924029	
511.6	0.37011518	0.3791919	
511.8	0.3701742	0.37914351	
512	0.37011906	0.37909513	
512.2	0.37030842	0.37904676	
512.4	0.36993093	0.37899839	
512.6	0.36989336	0.37895003	
512.8	0.36946639	0.37890167	
513	0.36869078	0.37885332	
513.2	0.36879415	0.37880498	
513.4	0.36881553	0.37875664	
513.6	0.36896315	0.37870831	
513.8	0.36891976	0.37865999	
514	0.36939483	0.37861167	
514.2	0.36932076	0.37856336	
514.4	0.36942311	0.37851505	
514.6	0.36949406	0.37846675	
514.8	0.36931689	0.37841846	
515	0.36952171	0.37837017	
515.2	0.36940562	0.37832189	
515.4	0.3692348	0.37827361	
515.6	0.36988432	0.37822534	
515.8	0.37012025	0.37817708	
516	0.37016185	0.37812882	
516.2	0.37008259	0.37808057	
516.4	0.37000592	0.37803233	
516.6	0.37025696	0.37798409	
516.8	0.36982242	0.37793585	
517	0.3695689	0.37788763	
517.2	0.36947022	0.37783941	
517.4	0.36910896	0.37779119	
517.6	0.36905823	0.37774299	
517.8	0.36880979	0.37769479	
518	0.3692008	0.37764659	
518.2	0.36868416	0.3775984	
518.4	0.36798717	0.37755022	
518.6	0.36782087	0.37750204	
518.8	0.36760611	0.37745387	
519	0.36780718	0.3774057	
519.2	0.36754262	0.37735755	
519.4	0.3673115	0.37730939	
519.6	0.36739151	0.37726125	
519.8	0.36695903	0.37721311	
520	0.36649387	0.37716497	
520.2	0.36650124	0.37711684	
520.4	0.36654199	0.37706872	
520.6	0.36667404	0.37702061	
520.8	0.36659447	0.3769725	
521	0.36642041	0.37692439	
521.2	0.36610212	0.3768763	
521.4	0.36574794	0.37682821	
521.6	0.36572498	0.37678012	
521.8	0.36557156	0.37673204	
522	0.36569608	0.37668397	
522.2	0.36541549	0.3766359	
522.4	0.36482064	0.37658784	
522.6	0.36484987	0.37653979	
522.8	0.36534853	0.37649174	
523	0.3654762	0.3764437	
523.2	0.36568795	0.37639566	
523.4	0.36569582	0.37634763	
523.6	0.36601255	0.37629961	
523.8	0.36571016	0.37625159	
524	0.36594732	0.37620358	
524.2	0.36682745	0.37615557	
524.4	0.36683538	0.37610758	
524.6	0.36709203	0.37605958	
524.8	0.36685292	0.3760116	
525	0.36660912	0.37596361	
525.2	0.36639672	0.37591564	
525.4	0.36613238	0.37586767	
525.6	0.36680683	0.37581971	
525.8	0.3664512	0.37577175	
526	0.36645596	0.3757238	
526.2	0.36614575	0.37567586	
526.4	0.36608765	0.37562792	
526.6	0.36634364	0.37557999	
526.8	0.36654397	0.37553206	
527	0.3664689	0.37548414	
527.2	0.366757	0.37543623	
527.4	0.36672688	0.37538832	
527.6	0.36683476	0.37534042	
527.8	0.36669953	0.37529253	
528	0.36731861	0.37524464	
528.2	0.3675774	0.37519675	
528.4	0.36690819	0.37514888	
528.6	0.36675954	0.37510101	
528.8	0.36697857	0.37505314	
529	0.3670938	0.37500528	
529.2	0.36733482	0.37495743	
529.4	0.36728606	0.37490959	
529.6	0.36763321	0.37486175	
529.8	0.3675132	0.37481391	
530	0.36767331	0.37476608	
530.2	0.3675505	0.37471826	
530.4	0.36777621	0.37467045	
530.6	0.36762806	0.37462264	
530.8	0.36737596	0.37457483	
531	0.36717229	0.37452704	
531.2	0.36645503	0.37447924	
531.4	0.36599697	0.37443146	
531.6	0.36599805	0.37438368	
531.8	0.36585081	0.37433591	
532	0.36603867	0.37428814	
532.2	0.36558775	0.37424038	
532.4	0.36472925	0.37419262	
532.6	0.36522035	0.37414488	
532.8	0.36533306	0.37409713	
533	0.36560121	0.3740494	
533.2	0.36580181	0.37400167	
533.4	0.36563784	0.37395394	
533.6	0.36565701	0.37390622	
533.8	0.36553597	0.37385851	
534	0.36539728	0.37381081	
534.2	0.36566982	0.37376311	
534.4	0.36578756	0.37371541	
534.6	0.36584934	0.37366772	
534.8	0.36580579	0.37362004	
535	0.36550105	0.37357237	
535.2	0.36539371	0.3735247	
535.4	0.36572477	0.37347703	
535.6	0.3666234	0.37342938	
535.8	0.36659524	0.37338173	
536	0.36650045	0.37333408	
536.2	0.36593096	0.37328644	
536.4	0.36566363	0.37323881	
536.6	0.36582868	0.37319118	
536.8	0.36564156	0.37314356	
537	0.36570872	0.37309595	
537.2	0.36520994	0.37304834	
537.4	0.36478419	0.37300073	
537.6	0.36433295	0.37295314	
537.8	0.36446075	0.37290555	
538	0.36461842	0.37285796	
538.2	0.36493367	0.37281038	
538.4	0.36513827	0.37276281	
538.6	0.36560021	0.37271525	
538.8	0.36589515	0.37266769	
539	0.36623707	0.37262013	
539.2	0.36687357	0.37257258	
539.4	0.36722286	0.37252504	
539.6	0.36778747	0.37247751	
539.8	0.36763551	0.37242998	
