Conc1	3E-07	
Start1	240	
Stop1	599.8	
Kobs	2.14939956600862E-49	
Error Kobs	3.2807550327554E-05	
Koff	0	
Error Koff	0	
Time1	Data1	Fit1	
240	0.01200119	0	
240.2	0.01152737	0.00052991	
240.4	0.01157907	0.0010596	
240.6	0.01179965	0.00158906	
240.8	0.01181724	0.00211831	
241	0.01205799	0.00264734	
241.2	0.0118715	0.00317616	
241.4	0.01212706	0.00370475	
241.6	0.01257702	0.00423312	
241.8	0.0124764	0.00476128	
242	0.01263184	0.00528921	
242.2	0.01300939	0.00581693	
242.4	0.012698	0.00634443	
242.6	0.01257112	0.00687171	
242.8	0.01226766	0.00739877	
243	0.01224618	0.00792561	
243.2	0.01281223	0.00845224	
243.4	0.01306311	0.00897865	
243.6	0.01314508	0.00950484	
243.8	0.01298512	0.01003081	
244	0.01336261	0.01055656	
244.2	0.01291443	0.0110821	
244.4	0.01357688	0.01160742	
244.6	0.0134253	0.01213252	
244.8	0.01423551	0.0126574	
245	0.01466585	0.01318207	
245.2	0.01483276	0.01370652	
245.4	0.01533978	0.01423075	
245.6	0.01556381	0.01475476	
245.8	0.01544631	0.01527856	
246	0.01561085	0.01580214	
246.2	0.01557493	0.0163255	
246.4	0.01581721	0.01684865	
246.6	0.01573467	0.01737158	
246.8	0.01553567	0.0178943	
247	0.01584827	0.01841679	
247.2	0.01682703	0.01893907	
247.4	0.01714974	0.01946114	
247.6	0.01720857	0.01998299	
247.8	0.01794188	0.02050462	
248	0.01893512	0.02102604	
248.2	0.01923988	0.02154724	
248.4	0.02031186	0.02206822	
248.6	0.02117727	0.02258899	
248.8	0.0225905	0.02310954	
249	0.02256294	0.02362988	
249.2	0.0231324	0.02415	
249.4	0.0233423	0.02466991	
249.6	0.02338926	0.0251896	
249.8	0.02355147	0.02570908	
250	0.02373443	0.02622834	
250.2	0.02389414	0.02674739	
250.4	0.02436324	0.02726622	
250.6	0.02369461	0.02778483	
250.8	0.02379175	0.02830323	
251	0.02366402	0.02882142	
251.2	0.02386219	0.02933939	
251.4	0.02361798	0.02985715	
251.6	0.02379453	0.0303747	
251.8	0.02462697	0.03089202	
252	0.02516025	0.03140914	
252.2	0.02545665	0.03192604	
252.4	0.02656452	0.03244273	
252.6	0.02718547	0.0329592	
252.8	0.02766756	0.03347546	
253	0.02826832	0.0339915	
253.2	0.02880862	0.03450734	
253.4	0.02957559	0.03502295	
253.6	0.0299356	0.03553836	
253.8	0.03066536	0.03605355	
254	0.03133494	0.03656853	
254.2	0.03172043	0.03708329	
254.4	0.03221045	0.03759784	
254.6	0.03234391	0.03811218	
254.8	0.03285738	0.0386263	
255	0.03308712	0.03914022	
255.2	0.03335524	0.03965391	
255.4	0.03327666	0.0401674	
255.6	0.0333197	0.04068067	
255.8	0.03385885	0.04119374	
256	0.03410498	0.04170659	
256.2	0.03426601	0.04221922	
256.4	0.03475652	0.04273165	
256.6	0.03492678	0.04324386	
256.8	0.03518127	0.04375586	
257	0.03520431	0.04426765	
257.2	0.03548549	0.04477922	
257.4	0.03676199	0.04529059	
257.6	0.03662103	0.04580174	
257.8	0.03703985	0.04631268	
258	0.03759389	0.04682341	
258.2	0.03864277	0.04733392	
258.4	0.03976812	0.04784423	
258.6	0.04091518	0.04835433	
258.8	0.04148471	0.04886421	
259	0.04269989	0.04937388	
259.2	0.04308532	0.04988334	
259.4	0.04356353	0.05039259	
259.6	0.04383908	0.05090163	
259.8	0.04450269	0.05141046	
260	0.04447545	0.05191908	
260.2	0.04454006	0.05242749	
260.4	0.04481684	0.05293568	
260.6	0.04502487	0.05344367	
260.8	0.04471233	0.05395145	
261	0.04486893	0.05445901	
261.2	0.0455748	0.05496637	
261.4	0.04556898	0.05547351	
261.6	0.04534136	0.05598045	
261.8	0.04539402	0.05648717	
262	0.04627325	0.05699369	
262.2	0.04688067	0.05749999	
262.4	0.0474333	0.05800609	
262.6	0.04822228	0.05851198	
262.8	0.04858705	0.05901765	
263	0.04962981	0.05952312	
263.2	0.05002164	0.06002838	
263.4	0.0513007	0.06053343	
263.6	0.05178654	0.06103827	
263.8	0.05262641	0.0615429	
264	0.05287666	0.06204732	
264.2	0.05366548	0.06255154	
264.4	0.0541444	0.06305554	
264.6	0.05429902	0.06355934	
264.8	0.05432281	0.06406292	
265	0.05483432	0.0645663	
265.2	0.05496072	0.06506947	
265.4	0.05447934	0.06557243	
265.6	0.05516282	0.06607519	
265.8	0.05555892	0.06657773	
266	0.0562946	0.06708007	
266.2	0.05666025	0.0675822	
266.4	0.05692721	0.06808412	
266.6	0.05757176	0.06858583	
266.8	0.05819064	0.06908734	
267	0.05916007	0.06958863	
267.2	0.06012495	0.07008973	
267.4	0.06144885	0.07059061	
267.6	0.06171155	0.07109128	
267.8	0.06185148	0.07159175	
268	0.06211458	0.07209201	
268.2	0.06218734	0.07259207	
268.4	0.06193418	0.07309191	
268.6	0.06186067	0.07359155	
268.8	0.06206953	0.07409098	
269	0.06204644	0.07459021	
269.2	0.06208006	0.07508923	
269.4	0.06199776	0.07558804	
269.6	0.06265898	0.07608665	
269.8	0.0630799	0.07658505	
270	0.06351081	0.07708324	
270.2	0.06399101	0.07758122	
270.4	0.06430308	0.07807901	
270.6	0.06513343	0.07857658	
270.8	0.06604679	0.07907395	
271	0.06684105	0.07957111	
271.2	0.06766288	0.08006807	
271.4	0.06824994	0.08056482	
271.6	0.06841929	0.08106136	
271.8	0.06821024	0.0815577	
272	0.06854037	0.08205383	
272.2	0.06855463	0.08254976	
272.4	0.06884215	0.08304549	
272.6	0.06951139	0.083541	
272.8	0.07023111	0.08403631	
273	0.07097731	0.08453142	
273.2	0.0710568	0.08502632	
273.4	0.07151684	0.08552102	
273.6	0.07204164	0.08601551	
273.8	0.0725395	0.0865098	
274	0.07347934	0.08700388	
274.2	0.07394547	0.08749776	
274.4	0.07453381	0.08799144	
274.6	0.07545858	0.08848491	
274.8	0.07638844	0.08897817	
275	0.07697635	0.08947123	
275.2	0.07744884	0.08996409	
275.4	0.07766623	0.09045674	
275.6	0.07808436	0.09094919	
275.8	0.07860082	0.09144143	
276	0.0791716	0.09193347	
276.2	0.07961687	0.09242531	
276.4	0.07978841	0.09291694	
276.6	0.08024561	0.09340837	
276.8	0.08047084	0.0938996	
277	0.08075984	0.09439062	
277.2	0.08027192	0.09488144	
277.4	0.08068306	0.09537206	
277.6	0.08049229	0.09586247	
277.8	0.08073474	0.09635268	
278	0.08179728	0.09684269	
278.2	0.08230221	0.09733249	
278.4	0.0827775	0.09782209	
278.6	0.08366174	0.09831149	
278.8	0.08413391	0.09880069	
279	0.08471573	0.09928968	
279.2	0.08472056	0.09977847	
279.4	0.08564841	0.10026706	
279.6	0.08625417	0.10075544	
279.8	0.0872204	0.10124363	
280	0.08739453	0.10173161	
280.2	0.08855707	0.10221939	
280.4	0.08876869	0.10270697	
280.6	0.08902792	0.10319434	
280.8	0.08958496	0.10368152	
281	0.08965203	0.10416849	
281.2	0.08981611	0.10465526	
281.4	0.09012887	0.10514183	
281.6	0.09067158	0.10562819	
281.8	0.09158345	0.10611436	
282	0.09237352	0.10660032	
282.2	0.09301916	0.10708609	
282.4	0.09312929	0.10757165	
282.6	0.09377085	0.10805701	
282.8	0.09412404	0.10854217	
283	0.09441003	0.10902713	
283.2	0.09424973	0.10951189	
283.4	0.09531916	0.10999644	
283.6	0.09538717	0.1104808	
283.8	0.0961772	0.11096496	
284	0.09636964	0.11144891	
284.2	0.0974395	0.11193267	
284.4	0.09749669	0.11241622	
284.6	0.0980594	0.11289958	
284.8	0.09857005	0.11338273	
285	0.09907194	0.11386569	
285.2	0.09979947	0.11434844	
285.4	0.100057	0.114831	
285.6	0.10082824	0.11531335	
285.8	0.10097553	0.11579551	
286	0.10134015	0.11627746	
286.2	0.10261756	0.11675922	
286.4	0.10325273	0.11724077	
286.6	0.10414514	0.11772213	
286.8	0.1047685	0.11820329	
287	0.10495621	0.11868425	
287.2	0.10578609	0.11916501	
287.4	0.10630307	0.11964557	
287.6	0.10639983	0.12012593	
287.8	0.1069598	0.12060609	
288	0.10687697	0.12108605	
288.2	0.10720688	0.12156582	
288.4	0.10750791	0.12204538	
288.6	0.1080364	0.12252475	
288.8	0.10853801	0.12300392	
289	0.10917883	0.12348289	
289.2	0.10894709	0.12396166	
289.4	0.10893341	0.12444023	
289.6	0.1089817	0.12491861	
289.8	0.10911993	0.12539679	
290	0.10992143	0.12587477	
290.2	0.11091567	0.12635255	
290.4	0.11143415	0.12683013	
290.6	0.11156773	0.12730752	
290.8	0.11235122	0.1277847	
291	0.11276729	0.1282617	
291.2	0.11367128	0.12873849	
291.4	0.11359286	0.12921508	
291.6	0.11382682	0.12969148	
291.8	0.1138512	0.13016768	
292	0.11361284	0.13064369	
292.2	0.11421747	0.13111949	
292.4	0.11457985	0.1315951	
292.6	0.11539576	0.13207051	
292.8	0.11584679	0.13254573	
293	0.11588964	0.13302075	
293.2	0.11601186	0.13349557	
293.4	0.11645015	0.1339702	
293.6	0.11651918	0.13444463	
293.8	0.11714577	0.13491886	
294	0.11759689	0.13539289	
294.2	0.1178919	0.13586673	
294.4	0.11841971	0.13634038	
294.6	0.11896172	0.13681383	
294.8	0.1203588	0.13728708	
295	0.12078029	0.13776013	
295.2	0.12090997	0.13823299	
295.4	0.12124282	0.13870566	
295.6	0.12183694	0.13917812	
295.8	0.12248537	0.1396504	
296	0.12322991	0.14012247	
296.2	0.12397868	0.14059435	
296.4	0.12389389	0.14106604	
296.6	0.12499408	0.14153753	
296.8	0.12474204	0.14200883	
297	0.1252118	0.14247993	
297.2	0.12568372	0.14295083	
297.4	0.1257539	0.14342154	
297.6	0.1261076	0.14389206	
297.8	0.12669347	0.14436238	
298	0.12693814	0.1448325	
298.2	0.12734209	0.14530243	
298.4	0.12799908	0.14577217	
298.6	0.1286527	0.14624171	
298.8	0.12904066	0.14671106	
299	0.12942963	0.14718021	
299.2	0.12975617	0.14764917	
299.4	0.13057745	0.14811793	
299.6	0.13115873	0.1485865	
299.8	0.13176063	0.14905488	
300	0.13237479	0.14952306	
300.2	0.13258986	0.14999105	
300.4	0.13266403	0.15045884	
300.6	0.13319472	0.15092645	
300.8	0.1326817	0.15139385	
301	0.13323908	0.15186107	
301.2	0.13310796	0.15232809	
301.4	0.13298508	0.15279491	
301.6	0.13374217	0.15326155	
301.8	0.13429851	0.15372799	
302	0.13441346	0.15419423	
302.2	0.13522561	0.15466029	
302.4	0.1357067	0.15512615	
302.6	0.13629547	0.15559182	
302.8	0.13676266	0.15605729	
303	0.13760689	0.15652257	
303.2	0.13798037	0.15698766	
303.4	0.1386207	0.15745256	
303.6	0.13918622	0.15791727	
303.8	0.14047857	0.15838178	
304	0.14094656	0.1588461	
304.2	0.14155333	0.15931023	
304.4	0.14265179	0.15977416	
304.6	0.14294065	0.1602379	
304.8	0.14326903	0.16070146	
305	0.14368225	0.16116482	
305.2	0.14422457	0.16162798	
305.4	0.14461051	0.16209096	
305.6	0.1452403	0.16255374	
305.8	0.14570147	0.16301633	
306	0.14575995	0.16347873	
306.2	0.14637093	0.16394094	
306.4	0.14671057	0.16440296	
306.6	0.1467849	0.16486479	
306.8	0.1475938	0.16532642	
307	0.14799987	0.16578787	
307.2	0.14838648	0.16624912	
307.4	0.14814918	0.16671018	
307.6	0.14899854	0.16717105	
307.8	0.14922914	0.16763173	
308	0.14923665	0.16809222	
308.2	0.14993064	0.16855252	
308.4	0.15082281	0.16901263	
308.6	0.15076833	0.16947255	
308.8	0.15138673	0.16993227	
309	0.15189032	0.17039181	
309.2	0.15235496	0.17085116	
309.4	0.15229129	0.17131031	
309.6	0.15293706	0.17176928	
309.8	0.15353369	0.17222805	
310	0.1541429	0.17268664	
310.2	0.15454556	0.17314504	
310.4	0.15540686	0.17360324	
310.6	0.1557669	0.17406126	
310.8	0.15616133	0.17451909	
311	0.15603671	0.17497672	
311.2	0.15634936	0.17543417	
311.4	0.15641979	0.17589143	
311.6	0.15737579	0.1763485	
311.8	0.15696594	0.17680538	
312	0.15740601	0.17726207	
312.2	0.15793997	0.17771857	
312.4	0.15859751	0.17817488	
312.6	0.15853971	0.17863101	
312.8	0.15911917	0.17908694	
313	0.15969454	0.17954269	
313.2	0.1607192	0.17999824	
313.4	0.16146284	0.18045361	
313.6	0.1626987	0.18090879	
313.8	0.16277903	0.18136378	
314	0.1633088	0.18181858	
314.2	0.16364907	0.1822732	
314.4	0.16414934	0.18272762	
314.6	0.16423431	0.18318186	
314.8	0.16426261	0.18363591	
315	0.1650618	0.18408977	
315.2	0.1658744	0.18454345	
315.4	0.16638323	0.18499693	
315.6	0.16714754	0.18545023	
315.8	0.16718914	0.18590334	
316	0.16771182	0.18635627	
316.2	0.16833927	0.186809	
316.4	0.16865841	0.18726155	
316.6	0.16930461	0.18771391	
316.8	0.17056035	0.18816608	
317	0.17121478	0.18861807	
317.2	0.17221597	0.18906987	
317.4	0.17256716	0.18952148	
317.6	0.17294404	0.1899729	
317.8	0.1727032	0.19042414	
318	0.17328553	0.19087519	
318.2	0.17398401	0.19132606	
318.4	0.17434138	0.19177673	
318.6	0.17495111	0.19222722	
318.8	0.17576967	0.19267753	
319	0.17637358	0.19312764	
319.2	0.17720136	0.19357758	
319.4	0.17737403	0.19402732	
319.6	0.17782598	0.19447688	
319.8	0.17742882	0.19492625	
320	0.17810816	0.19537544	
320.2	0.17821469	0.19582444	
320.4	0.17811264	0.19627325	
320.6	0.17866989	0.19672188	
320.8	0.17898957	0.19717032	
321	0.17908646	0.19761858	
321.2	0.17930241	0.19806665	
321.4	0.17949606	0.19851454	
321.6	0.17942576	0.19896224	
321.8	0.17991007	0.19940975	
322	0.18066953	0.19985708	
322.2	0.18111779	0.20030423	
322.4	0.18213754	0.20075119	
322.6	0.18269581	0.20119796	
322.8	0.18310951	0.20164455	
323	0.18319143	0.20209095	
323.2	0.18370297	0.20253717	
323.4	0.18402028	0.20298321	
323.6	0.18452769	0.20342906	
323.8	0.18474496	0.20387472	
324	0.18541193	0.2043202	
324.2	0.18561738	0.2047655	
324.4	0.18621914	0.20521061	
324.6	0.18733569	0.20565554	
324.8	0.18763417	0.20610028	
325	0.1879909	0.20654484	
325.2	0.18834613	0.20698922	
325.4	0.18905647	0.20743341	
325.6	0.18928073	0.20787742	
325.8	0.18970382	0.20832124	
326	0.19010865	0.20876488	
326.2	0.19026105	0.20920833	
326.4	0.19063494	0.20965161	
326.6	0.19035511	0.21009469	
326.8	0.19019485	0.2105376	
327	0.19030068	0.21098032	
327.2	0.19109951	0.21142286	
327.4	0.1915888	0.21186521	
327.6	0.19231557	0.21230739	
327.8	0.19280789	0.21274937	
328	0.19334259	0.21319118	
328.2	0.19446114	0.2136328	
328.4	0.19521804	0.21407424	
328.6	0.19583586	0.2145155	
328.8	0.19617986	0.21495657	
329	0.19691951	0.21539746	
329.2	0.19768138	0.21583817	
329.4	0.19819266	0.2162787	
329.6	0.19855569	0.21671904	
329.8	0.1990205	0.21715921	
330	0.19972337	0.21759919	
330.2	0.19972071	0.21803898	
330.4	0.19952336	0.2184786	
330.6	0.19965	0.21891803	
330.8	0.1997143	0.21935728	
331	0.19984445	0.21979635	
331.2	0.20054338	0.22023524	
331.4	0.20085482	0.22067394	
331.6	0.20197165	0.22111247	
331.8	0.20208802	0.22155081	
332	0.2027867	0.22198897	
332.2	0.20351706	0.22242695	
332.4	0.20357471	0.22286475	
332.6	0.2044894	0.22330236	
332.8	0.20514369	0.2237398	
333	0.2055848	0.22417705	
333.2	0.20643904	0.22461413	
333.4	0.20714902	0.22505102	
333.6	0.20769563	0.22548773	
333.8	0.20833631	0.22592426	
334	0.20866391	0.22636061	
334.2	0.20855274	0.22679678	
334.4	0.20840462	0.22723277	
334.6	0.20885226	0.22766858	
334.8	0.20902355	0.2281042	
335	0.20918171	0.22853965	
335.2	0.20982918	0.22897492	
335.4	0.2107117	0.22941	
335.6	0.21152361	0.22984491	
335.8	0.21200371	0.23027964	
336	0.21244535	0.23071418	
336.2	0.21240295	0.23114855	
336.4	0.21325716	0.23158274	
336.6	0.21442079	0.23201674	
336.8	0.21507849	0.23245057	
337	0.21561226	0.23288422	
337.2	0.21674335	0.23331768	
337.4	0.21694179	0.23375097	
337.6	0.21697902	0.23418408	
337.8	0.21765587	0.23461701	
338	0.21757728	0.23504976	
338.2	0.21745788	0.23548233	
338.4	0.21721813	0.23591472	
338.6	0.21734779	0.23634693	
338.8	0.21704671	0.23677897	
339	0.2169524	0.23721082	
339.2	0.21764262	0.2376425	
339.4	0.21853555	0.23807399	
339.6	0.21850831	0.23850531	
339.8	0.21857207	0.23893645	
340	0.21874734	0.23936741	
340.2	0.21925652	0.2397982	
340.4	0.22059467	0.2402288	
340.6	0.2214783	0.24065923	
340.8	0.22240728	0.24108947	
341	0.22303241	0.24151954	
341.2	0.22389498	0.24194944	
341.4	0.22446568	0.24237915	
341.6	0.22542316	0.24280869	
341.8	0.22597276	0.24323804	
342	0.22590337	0.24366722	
342.2	0.22576967	0.24409622	
342.4	0.22614403	0.24452505	
342.6	0.22642442	0.2449537	
342.8	0.22657104	0.24538217	
343	0.22693168	0.24581046	
343.2	0.22746629	0.24623857	
343.4	0.22767072	0.24666651	
343.6	0.22731089	0.24709427	
343.8	0.22787569	0.24752185	
344	0.22876321	0.24794926	
344.2	0.22948679	0.24837649	
344.4	0.23067014	0.24880354	
344.6	0.23107736	0.24923041	
344.8	0.2315976	0.24965711	
345	0.23220115	0.25008363	
345.2	0.2324872	0.25050998	
345.4	0.23272902	0.25093615	
345.6	0.23273485	0.25136214	
345.8	0.23241015	0.25178796	
346	0.2325184	0.25221359	
346.2	0.23301127	0.25263906	
346.4	0.23343216	0.25306434	
346.6	0.23370969	0.25348946	
346.8	0.23379193	0.25391439	
347	0.2343876	0.25433915	
347.2	0.23483648	0.25476373	
347.4	0.23524111	0.25518814	
347.6	0.23575577	0.25561237	
347.8	0.23688837	0.25603642	
348	0.2375659	0.2564603	
348.2	0.23850158	0.25688401	
348.4	0.23929624	0.25730754	
348.6	0.23969153	0.25773089	
348.8	0.24033005	0.25815407	
349	0.24100083	0.25857707	
349.2	0.24115788	0.2589999	
349.4	0.24155431	0.25942255	
349.6	0.24134503	0.25984503	
349.8	0.24181183	0.26026733	
350	0.24199139	0.26068946	
350.2	0.24270072	0.26111141	
350.4	0.24244848	0.26153319	
350.6	0.24265402	0.2619548	
350.8	0.24251209	0.26237623	
351	0.24259421	0.26279748	
351.2	0.242628	0.26321856	
351.4	0.24315737	0.26363947	
351.6	0.24408095	0.2640602	
351.8	0.24479337	0.26448075	
352	0.24527693	0.26490114	
352.2	0.24611748	0.26532135	
352.4	0.2468946	0.26574138	
352.6	0.24793675	0.26616124	
352.8	0.24904291	0.26658093	
353	0.24969313	0.26700044	
353.2	0.24999831	0.26741978	
353.4	0.25015139	0.26783895	
353.6	0.25002353	0.26825794	
353.8	0.25071463	0.26867676	
354	0.25070805	0.2690954	
354.2	0.25091116	0.26951388	
354.4	0.25070701	0.26993218	
354.6	0.25057622	0.2703503	
354.8	0.25048568	0.27076825	
355	0.25088654	0.27118603	
355.2	0.25157369	0.27160364	
355.4	0.25253605	0.27202107	
355.6	0.25347278	0.27243833	
355.8	0.25399579	0.27285542	
356	0.25510093	0.27327234	
356.2	0.25589789	0.27368908	
356.4	0.25687922	0.27410565	
356.6	0.25804467	0.27452204	
356.8	0.25828727	0.27493827	
357	0.25825323	0.27535432	
357.2	0.25901503	0.2757702	
357.4	0.25934447	0.27618591	
357.6	0.25964012	0.27660145	
357.8	0.25964322	0.27701681	
358	0.25989156	0.277432	
358.2	0.2600724	0.27784702	
358.4	0.26086994	0.27826187	
358.6	0.26131268	0.27867654	
358.8	0.26181001	0.27909105	
359	0.26262411	0.27950538	
359.2	0.26315034	0.27991954	
359.4	0.26382552	0.28033353	
359.6	0.26478085	0.28074735	
359.8	0.26505466	0.281161	
360	0.26591137	0.28157447	
360.2	0.26618137	0.28198778	
360.4	0.26673124	0.28240091	
360.6	0.26705921	0.28281387	
360.8	0.26666714	0.28322666	
361	0.26699844	0.28363928	
361.2	0.26801279	0.28405173	
361.4	0.26787061	0.28446401	
361.6	0.26763576	0.28487612	
361.8	0.26735991	0.28528806	
362	0.26789095	0.28569982	
362.2	0.26838041	0.28611142	
362.4	0.26887653	0.28652284	
362.6	0.2692674	0.2869341	
362.8	0.26945111	0.28734518	
363	0.27020116	0.2877561	
363.2	0.27078535	0.28816684	
363.4	0.27115233	0.28857742	
363.6	0.27195968	0.28898782	
363.8	0.27211061	0.28939806	
364	0.2738242	0.28980812	
364.2	0.27474628	0.29021801	
364.4	0.2754107	0.29062774	
364.6	0.27611764	0.2910373	
364.8	0.27683965	0.29144668	
365	0.27707266	0.2918559	
365.2	0.27787426	0.29226494	
365.4	0.27791	0.29267382	
365.6	0.27764597	0.29308253	
365.8	0.27759967	0.29349107	
366	0.27767449	0.29389944	
366.2	0.27762635	0.29430764	
366.4	0.27781541	0.29471567	
366.6	0.27865681	0.29512353	
366.8	0.27913817	0.29553122	
367	0.28022903	0.29593875	
367.2	0.28087656	0.2963461	
367.4	0.28080268	0.29675329	
367.6	0.28133246	0.29716031	
367.8	0.28207851	0.29756716	
368	0.28359975	0.29797384	
368.2	0.28400358	0.29838036	
368.4	0.28435886	0.2987867	
368.6	0.28490746	0.29919288	
368.8	0.28520912	0.29959888	
369	0.28469287	0.30000473	
369.2	0.28547727	0.3004104	
369.4	0.28540344	0.3008159	
369.6	0.28503271	0.30122124	
369.8	0.2853492	0.30162641	
370	0.2851545	0.30203141	
370.2	0.28569308	0.30243624	
370.4	0.28623046	0.3028409	
370.6	0.28642715	0.3032454	
370.8	0.28662935	0.30364973	
371	0.28713725	0.30405389	
371.2	0.28727377	0.30445789	
371.4	0.28745219	0.30486172	
371.6	0.28816873	0.30526538	
371.8	0.28885131	0.30566887	
372	0.28949352	0.3060722	
372.2	0.28998338	0.30647536	
372.4	0.29052417	0.30687835	
372.6	0.29103558	0.30728118	
372.8	0.29140905	0.30768384	
373	0.29177557	0.30808633	
373.2	0.2928738	0.30848865	
373.4	0.29351063	0.30889081	
373.6	0.29425565	0.3092928	
373.8	0.29491746	0.30969463	
374	0.29534995	0.31009629	
374.2	0.29580046	0.31049778	
374.4	0.2962186	0.31089911	
374.6	0.29647962	0.31130027	
374.8	0.29729049	0.31170126	
375	0.29755003	0.31210209	
375.2	0.29790292	0.31250276	
375.4	0.29787043	0.31290325	
375.6	0.2981533	0.31330358	
375.8	0.29870226	0.31370375	
376	0.29906895	0.31410375	
376.2	0.29947349	0.31450358	
376.4	0.29991332	0.31490325	
376.6	0.29964336	0.31530275	
376.8	0.29991863	0.31570209	
377	0.29995615	0.31610126	
377.2	0.30040426	0.31650027	
377.4	0.30084864	0.31689911	
377.6	0.30074972	0.31729778	
377.8	0.30122976	0.31769629	
378	0.30197659	0.31809464	
378.2	0.30210422	0.31849282	
378.4	0.30270596	0.31889084	
378.6	0.30318928	0.31928869	
378.8	0.30353663	0.31968637	
379	0.30365401	0.3200839	
379.2	0.30432796	0.32048125	
379.4	0.30511272	0.32087844	
379.6	0.30575499	0.32127547	
379.8	0.30665844	0.32167234	
380	0.30688642	0.32206904	
380.2	0.3072515	0.32246557	
380.4	0.30769976	0.32286194	
380.6	0.30799169	0.32325815	
380.8	0.3086643	0.32365419	
381	0.30899528	0.32405007	
381.2	0.30971101	0.32444578	
381.4	0.31030344	0.32484133	
381.6	0.31061507	0.32523672	
381.8	0.31154389	0.32563195	
382	0.31199857	0.326027	
382.2	0.31241147	0.3264219	
382.4	0.31321434	0.32681663	
382.6	0.31396772	0.3272112	
382.8	0.31444099	0.32760561	
383	0.31505268	0.32799985	
383.2	0.31531716	0.32839393	
383.4	0.31545354	0.32878784	
383.6	0.31558262	0.3291816	
383.8	0.31605519	0.32957519	
384	0.31602428	0.32996861	
384.2	0.31688364	0.33036188	
384.4	0.31725715	0.33075498	
384.6	0.31782725	0.33114792	
384.8	0.31771139	0.33154069	
385	0.31807437	0.3319333	
385.2	0.31804128	0.33232575	
385.4	0.3181641	0.33271804	
385.6	0.31830777	0.33311017	
385.8	0.31869317	0.33350213	
386	0.31896884	0.33389393	
386.2	0.31940146	0.33428557	
386.4	0.31981915	0.33467704	
386.6	0.32027988	0.33506836	
386.8	0.32065967	0.33545951	
387	0.32093258	0.3358505	
387.2	0.32131308	0.33624133	
387.4	0.32167911	0.33663199	
387.6	0.32268916	0.3370225	
387.8	0.32303987	0.33741284	
388	0.32364677	0.33780302	
388.2	0.32445126	0.33819304	
388.4	0.32445876	0.3385829	
388.6	0.32501238	0.3389726	
388.8	0.32486402	0.33936213	
389	0.32566758	0.3397515	
389.2	0.32616321	0.34014072	
389.4	0.32671236	0.34052977	
389.6	0.32730152	0.34091866	
389.8	0.32742316	0.34130739	
390	0.32793857	0.34169596	
390.2	0.32854524	0.34208436	
390.4	0.32912235	0.34247261	
390.6	0.32975809	0.3428607	
390.8	0.33030928	0.34324862	
391	0.33114562	0.34363638	
391.2	0.33136547	0.34402399	
391.4	0.3313717	0.34441143	
391.6	0.33223871	0.34479871	
391.8	0.3328791	0.34518584	
392	0.33304893	0.3455728	
392.2	0.33297617	0.3459596	
392.4	0.33369498	0.34634624	
392.6	0.3341404	0.34673272	
392.8	0.33431114	0.34711904	
393	0.33485553	0.34750521	
393.2	0.33531051	0.34789121	
393.4	0.33521845	0.34827705	
393.6	0.33583103	0.34866273	
393.8	0.33599325	0.34904825	
394	0.33696294	0.34943362	
394.2	0.33741898	0.34981882	
394.4	0.33779134	0.35020386	
394.6	0.33865094	0.35058875	
394.8	0.33925629	0.35097347	
395	0.33932448	0.35135804	
395.2	0.33945094	0.35174244	
395.4	0.33965723	0.35212669	
395.6	0.34014714	0.35251078	
395.8	0.34040984	0.35289471	
396	0.33989945	0.35327848	
396.2	0.34010351	0.35366209	
396.4	0.34124424	0.35404554	
396.6	0.34179007	0.35442883	
396.8	0.34194982	0.35481197	
397	0.34258402	0.35519494	
397.2	0.34341886	0.35557776	
397.4	0.34412079	0.35596042	
397.6	0.34536055	0.35634292	
397.8	0.34606176	0.35672526	
398	0.3467239	0.35710744	
398.2	0.34707385	0.35748947	
398.4	0.34781706	0.35787134	
398.6	0.348434	0.35825304	
398.8	0.34853003	0.3586346	
399	0.34854679	0.35901599	
399.2	0.3490811	0.35939722	
399.4	0.34905012	0.3597783	
399.6	0.34899995	0.36015922	
399.8	0.34942696	0.36053998	
400	0.34980969	0.36092058	
400.2	0.35066126	0.36130103	
400.4	0.35130341	0.36168132	
400.6	0.3515642	0.36206145	
400.8	0.35177307	0.36244142	
401	0.35189323	0.36282124	
401.2	0.35224124	0.3632009	
401.4	0.35230537	0.3635804	
401.6	0.35246468	0.36395975	
401.8	0.35277774	0.36433893	
402	0.35275303	0.36471796	
402.2	0.35318543	0.36509684	
402.4	0.35319711	0.36547555	
402.6	0.35340013	0.36585411	
402.8	0.35338333	0.36623252	
403	0.35359062	0.36661076	
403.2	0.35390248	0.36698885	
403.4	0.35448172	0.36736679	
403.6	0.35485621	0.36774456	
403.8	0.3559716	0.36812218	
404	0.35689657	0.36849965	
404.2	0.35755889	0.36887695	
404.4	0.35803153	0.36925411	
404.6	0.35875074	0.3696311	
404.8	0.35945986	0.37000794	
405	0.36013039	0.37038462	
405.2	0.36077547	0.37076115	
405.4	0.36130209	0.37113752	
405.6	0.36188797	0.37151374	
405.8	0.36276624	0.3718898	
406	0.36335586	0.3722657	
406.2	0.3637109	0.37264145	
406.4	0.3635988	0.37301704	
406.6	0.36394897	0.37339248	
406.8	0.36364378	0.37376776	
407	0.3635963	0.37414288	
407.2	0.36382927	0.37451785	
407.4	0.36448889	0.37489267	
407.6	0.36466823	0.37526733	
407.8	0.36513018	0.37564183	
408	0.36535485	0.37601618	
408.2	0.36584746	0.37639038	
408.4	0.36636398	0.37676442	
408.6	0.36775457	0.3771383	
408.8	0.36839107	0.37751203	
409	0.36921828	0.37788561	
409.2	0.36986897	0.37825903	
409.4	0.37067554	0.3786323	
409.6	0.37094282	0.37900541	
409.8	0.37162956	0.37937837	
410	0.37197718	0.37975117	
410.2	0.3724834	0.38012382	
410.4	0.37227786	0.38049631	
410.6	0.37256112	0.38086865	
410.8	0.37259348	0.38124083	
411	0.37236055	0.38161287	
411.2	0.3728521	0.38198474	
411.4	0.37320965	0.38235647	
411.6	0.37330991	0.38272804	
411.8	0.37307916	0.38309945	
412	0.37339011	0.38347071	
412.2	0.37390968	0.38384182	
412.4	0.37476959	0.38421277	
412.6	0.37586977	0.38458358	
412.8	0.37573262	0.38495422	
413	0.37657465	0.38532472	
413.2	0.3770954	0.38569506	
413.4	0.3774675	0.38606524	
413.6	0.37712752	0.38643528	
413.8	0.37721949	0.38680516	
414	0.37727011	0.38717488	
414.2	0.37748442	0.38754446	
414.4	0.37739183	0.38791388	
414.6	0.37838847	0.38828315	
414.8	0.37902343	0.38865226	
415	0.3793853	0.38902122	
415.2	0.38036545	0.38939003	
415.4	0.38084397	0.38975869	
415.6	0.38164772	0.39012719	
415.8	0.38217746	0.39049554	
416	0.38260171	0.39086374	
416.2	0.38318289	0.39123179	
416.4	0.38449462	0.39159968	
416.6	0.38513138	0.39196742	
416.8	0.38554424	0.39233501	
417	0.38609443	0.39270245	
417.2	0.38628453	0.39306974	
417.4	0.3864461	0.39343687	
417.6	0.38613091	0.39380385	
417.8	0.38640679	0.39417068	
418	0.38709361	0.39453735	
418.2	0.38792807	0.39490388	
418.4	0.38862275	0.39527025	
418.6	0.38940298	0.39563647	
418.8	0.38932906	0.39600254	
419	0.38959166	0.39636846	
419.2	0.38956376	0.39673423	
419.4	0.38978227	0.39709984	
419.6	0.39021761	0.39746531	
419.8	0.39017971	0.39783062	
420	0.3901121	0.39819578	
420.2	0.39055834	0.39856079	
420.4	0.39172222	0.39892565	
420.6	0.39233913	0.39929036	
420.8	0.39202549	0.39965492	
421	0.39245445	0.40001932	
421.2	0.39300447	0.40038358	
421.4	0.39297564	0.40074768	
421.6	0.39367263	0.40111163	
421.8	0.39423293	0.40147544	
422	0.39515931	0.40183909	
422.2	0.39561404	0.40220259	
422.4	0.39583805	0.40256594	
422.6	0.39651528	0.40292914	
422.8	0.39709647	0.40329219	
423	0.39804605	0.40365509	
423.2	0.39823823	0.40401784	
423.4	0.39922091	0.40438044	
423.6	0.39997402	0.40474289	
423.8	0.4003953	0.40510519	
424	0.40080052	0.40546733	
424.2	0.40173195	0.40582933	
424.4	0.40306595	0.40619118	
424.6	0.40320266	0.40655288	
424.8	0.40308464	0.40691443	
425	0.40363992	0.40727583	
425.2	0.40388245	0.40763708	
425.4	0.40387041	0.40799818	
425.6	0.4045084	0.40835913	
425.8	0.40449236	0.40871993	
426	0.40486478	0.40908058	
426.2	0.40520704	0.40944109	
426.4	0.40558492	0.40980144	
426.6	0.4062907	0.41016164	
426.8	0.40665725	0.4105217	
427	0.40640684	0.4108816	
427.2	0.40678408	0.41124136	
427.4	0.40743559	0.41160097	
427.6	0.40753633	0.41196043	
427.8	0.40750128	0.41231974	
428	0.40798619	0.4126789	
428.2	0.40889908	0.41303791	
428.4	0.40948855	0.41339677	
428.6	0.40920805	0.41375549	
428.8	0.40945719	0.41411406	
429	0.41009479	0.41447247	
429.2	0.41075658	0.41483074	
429.4	0.41087624	0.41518887	
429.6	0.41157409	0.41554684	
429.8	0.411831	0.41590466	
430	0.41241395	0.41626234	
430.2	0.41295126	0.41661987	
430.4	0.41331688	0.41697725	
430.6	0.41395112	0.41733448	
430.8	0.41441104	0.41769157	
431	0.41486802	0.4180485	
431.2	0.41614419	0.41840529	
431.4	0.41644964	0.41876193	
431.6	0.41684795	0.41911842	
431.8	0.41711718	0.41947477	
432	0.41768897	0.41983097	
432.2	0.41789732	0.42018702	
432.4	0.41816069	0.42054292	
432.6	0.41816869	0.42089868	
432.8	0.41915782	0.42125429	
433	0.42011457	0.42160975	
433.2	0.42069954	0.42196506	
433.4	0.4210774	0.42232023	
433.6	0.42197446	0.42267525	
433.8	0.42207874	0.42303012	
434	0.4224995	0.42338485	
434.2	0.42278381	0.42373943	
434.4	0.42289453	0.42409386	
434.6	0.42344655	0.42444814	
434.8	0.42364434	0.42480228	
435	0.42404354	0.42515627	
435.2	0.42437197	0.42551012	
435.4	0.4244156	0.42586382	
435.6	0.42470483	0.42621737	
435.8	0.42462337	0.42657078	
436	0.42466366	0.42692404	
436.2	0.42469351	0.42727715	
436.4	0.42498604	0.42763012	
436.6	0.42546817	0.42798294	
436.8	0.42648501	0.42833561	
437	0.42708471	0.42868814	
437.2	0.42720622	0.42904052	
437.4	0.4276145	0.42939276	
437.6	0.42824395	0.42974485	
437.8	0.42831049	0.4300968	
438	0.42855201	0.4304486	
438.2	0.42899145	0.43080025	
438.4	0.42958664	0.43115176	
438.6	0.43026722	0.43150312	
438.8	0.43072136	0.43185434	
439	0.43153204	0.43220541	
439.2	0.43226388	0.43255634	
439.4	0.4331588	0.43290712	
439.6	0.43356385	0.43325775	
439.8	0.43402951	0.43360824	
440	0.43462865	0.43395859	
440.2	0.43486866	0.43430879	
440.4	0.43522246	0.43465884	
440.6	0.43593709	0.43500875	
440.8	0.43637852	0.43535852	
441	0.43639993	0.43570814	
441.2	0.43637646	0.43605762	
441.4	0.43662636	0.43640695	
441.6	0.43679488	0.43675613	
441.8	0.43725276	0.43710517	
442	0.43745703	0.43745407	
442.2	0.43796549	0.43780282	
442.4	0.43831295	0.43815143	
442.6	0.43841449	0.4384999	
442.8	0.43851147	0.43884822	
443	0.43866583	0.43919639	
443.2	0.43906672	0.43954442	
443.4	0.43966755	0.43989231	
443.6	0.44035683	0.44024005	
443.8	0.44089983	0.44058765	
444	0.44128298	0.44093511	
444.2	0.44124485	0.44128242	
444.4	0.44166513	0.44162958	
444.6	0.44246922	0.44197661	
444.8	0.44294481	0.44232349	
445	0.44313699	0.44267022	
445.2	0.44314847	0.44301682	
445.4	0.44340703	0.44336327	
445.6	0.44431564	0.44370957	
445.8	0.44498273	0.44405573	
446	0.44516541	0.44440175	
446.2	0.44537825	0.44474763	
446.4	0.44611462	0.44509336	
446.6	0.44606066	0.44543895	
446.8	0.44625913	0.4457844	
447	0.44673391	0.4461297	
447.2	0.44780517	0.44647486	
447.4	0.44851784	0.44681988	
447.6	0.4491438	0.44716475	
447.8	0.44923365	0.44750948	
448	0.44912205	0.44785407	
448.2	0.4492521	0.44819852	
448.4	0.44984514	0.44854282	
448.6	0.45051278	0.44888698	
448.8	0.45101465	0.449231	
449	0.45114729	0.44957487	
449.2	0.45153455	0.44991861	
449.4	0.45263686	0.4502622	
449.6	0.45347609	0.45060565	
449.8	0.4539681	0.45094895	
450	0.45506371	0.45129212	
450.2	0.45515985	0.45163514	
450.4	0.45574882	0.45197802	
450.6	0.45569415	0.45232076	
450.8	0.45613233	0.45266335	
451	0.45654724	0.45300581	
451.2	0.45711121	0.45334812	
451.4	0.45699131	0.45369029	
451.6	0.45712971	0.45403232	
451.8	0.45711087	0.45437421	
452	0.45662963	0.45471595	
452.2	0.45686705	0.45505756	
452.4	0.45757883	0.45539902	
452.6	0.45825218	0.45574034	
452.8	0.45897392	0.45608152	
453	0.45949705	0.45642256	
453.2	0.4598151	0.45676346	
453.4	0.46060363	0.45710422	
453.6	0.46096975	0.45744483	
453.8	0.46189003	0.45778531	
454	0.46248987	0.45812564	
454.2	0.46246342	0.45846583	
454.4	0.46267207	0.45880588	
454.6	0.46291341	0.45914579	
454.8	0.46315238	0.45948556	
455	0.46363563	0.45982519	
455.2	0.46466371	0.46016468	
455.4	0.46520644	0.46050403	
455.6	0.46567336	0.46084324	
455.8	0.46622634	0.4611823	
456	0.46677994	0.46152123	
456.2	0.46774092	0.46186002	
456.4	0.46879163	0.46219866	
456.6	0.46946556	0.46253717	
456.8	0.46958674	0.46287553	
457	0.47018006	0.46321376	
457.2	0.47070178	0.46355184	
457.4	0.47130684	0.46388979	
457.6	0.47127049	0.46422759	
457.8	0.47152932	0.46456526	
458	0.47142363	0.46490279	
458.2	0.47169559	0.46524017	
458.4	0.47193938	0.46557742	
458.6	0.47210173	0.46591452	
458.8	0.47245548	0.46625149	
459	0.47285596	0.46658832	
459.2	0.47348414	0.46692501	
459.4	0.47338654	0.46726155	
459.6	0.47367128	0.46759796	
459.8	0.47423003	0.46793423	
460	0.47435194	0.46827036	
460.2	0.47463102	0.46860636	
460.4	0.47500853	0.46894221	
460.6	0.47536974	0.46927792	
460.8	0.47584084	0.46961349	
461	0.47629471	0.46994893	
461.2	0.47667034	0.47028423	
461.4	0.47708609	0.47061938	
461.6	0.47689367	0.4709544	
461.8	0.47710383	0.47128928	
462	0.47780597	0.47162402	
462.2	0.4783729	0.47195863	
462.4	0.47850962	0.47229309	
462.6	0.47818574	0.47262741	
462.8	0.47856802	0.4729616	
463	0.4787945	0.47329565	
463.2	0.47931881	0.47362956	
463.4	0.47997534	0.47396333	
463.6	0.48097904	0.47429697	
463.8	0.4812801	0.47463046	
464	0.48174139	0.47496382	
464.2	0.48267872	0.47529704	
464.4	0.48358072	0.47563012	
464.6	0.48459159	0.47596306	
464.8	0.48536387	0.47629587	
465	0.48606482	0.47662854	
465.2	0.48703636	0.47696107	
465.4	0.48773573	0.47729346	
465.6	0.48788317	0.47762571	
465.8	0.4881157	0.47795783	
466	0.48840952	0.47828981	
466.2	0.48847564	0.47862165	
466.4	0.48859717	0.47895336	
466.6	0.4890402	0.47928493	
466.8	0.48987779	0.47961636	
467	0.49033468	0.47994765	
467.2	0.49044856	0.4802788	
467.4	0.49139519	0.48060982	
467.6	0.49182779	0.4809407	
467.8	0.49184791	0.48127145	
468	0.49239396	0.48160206	
468.2	0.49293837	0.48193253	
468.4	0.49343557	0.48226286	
468.6	0.49336626	0.48259306	
468.8	0.49331655	0.48292312	
469	0.49347453	0.48325304	
469.2	0.4934589	0.48358283	
469.4	0.49366853	0.48391248	
469.6	0.49375036	0.48424199	
469.8	0.49402705	0.48457137	
470	0.49423136	0.48490061	
470.2	0.49502496	0.48522971	
470.4	0.49548022	0.48555868	
470.6	0.49607753	0.48588751	
470.8	0.49664237	0.48621621	
471	0.49674327	0.48654477	
471.2	0.49681475	0.48687319	
471.4	0.49788053	0.48720148	
471.6	0.49830418	0.48752963	
471.8	0.49891306	0.48785765	
472	0.49984936	0.48818553	
472.2	0.50024606	0.48851327	
472.4	0.50038437	0.48884088	
472.6	0.50067221	0.48916835	
472.8	0.50111668	0.48949569	
473	0.50200699	0.48982289	
473.2	0.50261882	0.49014996	
473.4	0.50319391	0.49047689	
473.6	0.5033042	0.49080368	
473.8	0.5035542	0.49113034	
474	0.50342576	0.49145687	
474.2	0.50350027	0.49178326	
474.4	0.50295986	0.49210951	
474.6	0.50305567	0.49243563	
474.8	0.50348644	0.49276162	
475	0.50371849	0.49308747	
475.2	0.50407808	0.49341318	
475.4	0.50504176	0.49373876	
475.6	0.50521414	0.4940642	
475.8	0.50544748	0.49438951	
476	0.5059407	0.49471469	
476.2	0.50607327	0.49503973	
476.4	0.5069646	0.49536463	
476.6	0.50783106	0.49568941	
476.8	0.50853937	0.49601404	
477	0.50948266	0.49633854	
477.2	0.50983699	0.49666291	
477.4	0.51021412	0.49698715	
477.6	0.51035222	0.49731125	
477.8	0.51067763	0.49763521	
478	0.51099476	0.49795904	
478.2	0.51132799	0.49828274	
478.4	0.51177743	0.4986063	
478.6	0.5126513	0.49892973	
478.8	0.51354794	0.49925303	
479	0.51406735	0.49957619	
479.2	0.51453326	0.49989921	
479.4	0.51492822	0.50022211	
479.6	0.51471679	0.50054487	
479.8	0.51505266	0.50086749	
480	0.51505266	0.50119001	
480.2	0.51453245	0.50119001	
480.4	0.5139656	0.50119001	
480.6	0.51348696	0.50119001	
480.8	0.51299822	0.50119001	
481	0.51308136	0.50119001	
481.2	0.51312868	0.50119001	
481.4	0.51350003	0.50119001	
481.6	0.51363037	0.50119001	
481.8	0.51412581	0.50119001	
482	0.51483221	0.50119001	
482.2	0.515359	0.50119001	
482.4	0.51605794	0.50119001	
482.6	0.51656861	0.50119001	
482.8	0.5168858	0.50119001	
483	0.51748983	0.50119001	
483.2	0.51754062	0.50119001	
483.4	0.51763916	0.50119001	
483.6	0.51813394	0.50119001	
483.8	0.51870145	0.50119001	
484	0.51917665	0.50119001	
484.2	0.51921335	0.50119001	
484.4	0.5194241	0.50119001	
484.6	0.51977425	0.50119001	
484.8	0.51986837	0.50119001	
485	0.52043144	0.50119001	
485.2	0.52046585	0.50119001	
485.4	0.52052952	0.50119001	
485.6	0.52034774	0.50119001	
485.8	0.52039288	0.50119001	
486	0.52043307	0.50119001	
486.2	0.52034285	0.50119001	
486.4	0.52060454	0.50119001	
486.6	0.51989822	0.50119001	
486.8	0.5199595	0.50119001	
487	0.51990691	0.50119001	
487.2	0.52016284	0.50119001	
487.4	0.52082247	0.50119001	
487.6	0.52071629	0.50119001	
487.8	0.52055844	0.50119001	
488	0.52048839	0.50119001	
488.2	0.52066872	0.50119001	
488.4	0.52125615	0.50119001	
488.6	0.52147196	0.50119001	
488.8	0.52148054	0.50119001	
489	0.52132002	0.50119001	
489.2	0.52092861	0.50119001	
489.4	0.52079762	0.50119001	
489.6	0.52120706	0.50119001	
489.8	0.52102631	0.50119001	
490	0.52107295	0.50119001	
490.2	0.52107198	0.50119001	
490.4	0.52100064	0.50119001	
490.6	0.52063373	0.50119001	
490.8	0.5212865	0.50119001	
491	0.52126345	0.50119001	
491.2	0.5216082	0.50119001	
491.4	0.521344	0.50119001	
491.6	0.52100279	0.50119001	
491.8	0.52096908	0.50119001	
492	0.5210644	0.50119001	
492.2	0.52130718	0.50119001	
492.4	0.52144975	0.50119001	
492.6	0.52113347	0.50119001	
492.8	0.52082106	0.50119001	
493	0.52011727	0.50119001	
493.2	0.52010151	0.50119001	
493.4	0.52032895	0.50119001	
493.6	0.52025996	0.50119001	
493.8	0.52014104	0.50119001	
494	0.52051182	0.50119001	
494.2	0.52047923	0.50119001	
494.4	0.52058934	0.50119001	
494.6	0.52109046	0.50119001	
494.8	0.52126751	0.50119001	
495	0.52112142	0.50119001	
495.2	0.52097173	0.50119001	
495.4	0.52091664	0.50119001	
495.6	0.52163905	0.50119001	
495.8	0.52139804	0.50119001	
496	0.52132475	0.50119001	
496.2	0.52153829	0.50119001	
496.4	0.52149554	0.50119001	
496.6	0.52154067	0.50119001	
496.8	0.52125768	0.50119001	
497	0.52125348	0.50119001	
497.2	0.52175577	0.50119001	
497.4	0.52206214	0.50119001	
497.6	0.5223549	0.50119001	
497.8	0.52292099	0.50119001	
498	0.52290542	0.50119001	
498.2	0.52269969	0.50119001	
498.4	0.52282892	0.50119001	
498.6	0.52292129	0.50119001	
498.8	0.52231934	0.50119001	
499	0.52217094	0.50119001	
499.2	0.52202153	0.50119001	
499.4	0.52195177	0.50119001	
499.6	0.52219078	0.50119001	
499.8	0.52138457	0.50119001	
500	0.5214227	0.50119001	
500.2	0.52084266	0.50119001	
500.4	0.52055775	0.50119001	
500.6	0.52034355	0.50119001	
500.8	0.51979358	0.50119001	
501	0.51959474	0.50119001	
501.2	0.5197341	0.50119001	
501.4	0.52013062	0.50119001	
501.6	0.51974798	0.50119001	
501.8	0.51949864	0.50119001	
502	0.51956886	0.50119001	
502.2	0.51979519	0.50119001	
502.4	0.51984865	0.50119001	
502.6	0.51999126	0.50119001	
502.8	0.52042528	0.50119001	
503	0.52091687	0.50119001	
503.2	0.52112256	0.50119001	
503.4	0.52131319	0.50119001	
503.6	0.52174169	0.50119001	
503.8	0.52155259	0.50119001	
504	0.52182967	0.50119001	
504.2	0.52162597	0.50119001	
504.4	0.52190123	0.50119001	
504.6	0.52154042	0.50119001	
504.8	0.52137377	0.50119001	
505	0.52106933	0.50119001	
505.2	0.52117115	0.50119001	
505.4	0.52087632	0.50119001	
505.6	0.52035101	0.50119001	
505.8	0.52030206	0.50119001	
506	0.52112645	0.50119001	
506.2	0.52127339	0.50119001	
506.4	0.52151417	0.50119001	
506.6	0.52158912	0.50119001	
506.8	0.5218126	0.50119001	
507	0.52182153	0.50119001	
507.2	0.52228086	0.50119001	
507.4	0.5222025	0.50119001	
507.6	0.5223766	0.50119001	
507.8	0.52193658	0.50119001	
508	0.521566	0.50119001	
508.2	0.52080769	0.50119001	
508.4	0.52058709	0.50119001	
508.6	0.52039009	0.50119001	
508.8	0.51991846	0.50119001	
509	0.51878892	0.50119001	
509.2	0.51854204	0.50119001	
509.4	0.51827014	0.50119001	
509.6	0.5184916	0.50119001	
509.8	0.51890599	0.50119001	
510	0.51971213	0.50119001	
510.2	0.51988379	0.50119001	
510.4	0.52057259	0.50119001	
510.6	0.52094373	0.50119001	
510.8	0.52178235	0.50119001	
511	0.5223813	0.50119001	
511.2	0.52306064	0.50119001	
511.4	0.52294437	0.50119001	
511.6	0.52302826	0.50119001	
511.8	0.52224832	0.50119001	
512	0.52172618	0.50119001	
512.2	0.52100699	0.50119001	
512.4	0.52107369	0.50119001	
512.6	0.52036052	0.50119001	
512.8	0.51940492	0.50119001	
513	0.51903743	0.50119001	
513.2	0.51914238	0.50119001	
513.4	0.51954273	0.50119001	
513.6	0.5196936	0.50119001	
513.8	0.51957689	0.50119001	
514	0.51956947	0.50119001	
514.2	0.52001078	0.50119001	
514.4	0.52006383	0.50119001	
514.6	0.52001255	0.50119001	
514.8	0.52001336	0.50119001	
515	0.51965391	0.50119001	
515.2	0.51984107	0.50119001	
515.4	0.5200514	0.50119001	
515.6	0.51961111	0.50119001	
515.8	0.51940642	0.50119001	
516	0.51927304	0.50119001	
516.2	0.51877363	0.50119001	
516.4	0.51895335	0.50119001	
516.6	0.51877594	0.50119001	
516.8	0.51887442	0.50119001	
517	0.51919746	0.50119001	
517.2	0.51950416	0.50119001	
517.4	0.51970184	0.50119001	
517.6	0.51941761	0.50119001	
517.8	0.51952747	0.50119001	
518	0.51949478	0.50119001	
518.2	0.51911351	0.50119001	
518.4	0.51874115	0.50119001	
518.6	0.51817199	0.50119001	
518.8	0.5178311	0.50119001	
519	0.51759397	0.50119001	
519.2	0.51828747	0.50119001	
519.4	0.51845489	0.50119001	
519.6	0.51809619	0.50119001	
519.8	0.51810512	0.50119001	
520	0.51755827	0.50119001	
520.2	0.51697108	0.50119001	
520.4	0.51708113	0.50119001	
520.6	0.51713347	0.50119001	
520.8	0.5171146	0.50119001	
521	0.51712354	0.50119001	
521.2	0.51753847	0.50119001	
521.4	0.51753759	0.50119001	
521.6	0.51804574	0.50119001	
521.8	0.51811905	0.50119001	
522	0.51783286	0.50119001	
522.2	0.51794232	0.50119001	
522.4	0.5183945	0.50119001	
522.6	0.5184921	0.50119001	
522.8	0.51910234	0.50119001	
523	0.51962259	0.50119001	
523.2	0.52056596	0.50119001	
523.4	0.52080695	0.50119001	
523.6	0.52054973	0.50119001	
523.8	0.52031499	0.50119001	
524	0.51988885	0.50119001	
524.2	0.51959738	0.50119001	
524.4	0.51981249	0.50119001	
524.6	0.51973589	0.50119001	
524.8	0.51900523	0.50119001	
525	0.51931581	0.50119001	
525.2	0.5188566	0.50119001	
525.4	0.5185319	0.50119001	
525.6	0.51828472	0.50119001	
525.8	0.51757043	0.50119001	
526	0.51721346	0.50119001	
526.2	0.5171298	0.50119001	
526.4	0.51734479	0.50119001	
526.6	0.51763768	0.50119001	
526.8	0.51781153	0.50119001	
527	0.51774046	0.50119001	
527.2	0.51770064	0.50119001	
527.4	0.51779417	0.50119001	
527.6	0.51776523	0.50119001	
527.8	0.51826477	0.50119001	
528	0.51816255	0.50119001	
528.2	0.51817358	0.50119001	
528.4	0.51823565	0.50119001	
528.6	0.51843865	0.50119001	
528.8	0.51839013	0.50119001	
529	0.51889696	0.50119001	
529.2	0.51872983	0.50119001	
529.4	0.51930818	0.50119001	
529.6	0.51914665	0.50119001	
529.8	0.51883839	0.50119001	
530	0.51850801	0.50119001	
530.2	0.51863486	0.50119001	
530.4	0.51907656	0.50119001	
530.6	0.5187737	0.50119001	
530.8	0.51866141	0.50119001	
531	0.5181516	0.50119001	
531.2	0.517529	0.50119001	
531.4	0.51758507	0.50119001	
531.6	0.51712356	0.50119001	
531.8	0.51671155	0.50119001	
532	0.51570647	0.50119001	
532.2	0.51542543	0.50119001	
532.4	0.51546238	0.50119001	
532.6	0.51572342	0.50119001	
532.8	0.51595667	0.50119001	
533	0.51559067	0.50119001	
533.2	0.51601934	0.50119001	
533.4	0.51589873	0.50119001	
533.6	0.51552657	0.50119001	
533.8	0.51565001	0.50119001	
534	0.51569375	0.50119001	
534.2	0.51633816	0.50119001	
534.4	0.51619106	0.50119001	
534.6	0.51588951	0.50119001	
534.8	0.51570897	0.50119001	
535	0.51545909	0.50119001	
535.2	0.51508214	0.50119001	
535.4	0.51522585	0.50119001	
535.6	0.51491576	0.50119001	
535.8	0.51525496	0.50119001	
536	0.51515915	0.50119001	
536.2	0.51586882	0.50119001	
536.4	0.51608847	0.50119001	
536.6	0.51582145	0.50119001	
536.8	0.51575695	0.50119001	
537	0.51542394	0.50119001	
537.2	0.516066	0.50119001	
537.4	0.5161736	0.50119001	
537.6	0.51673153	0.50119001	
537.8	0.51707372	0.50119001	
538	0.5170383	0.50119001	
538.2	0.51711429	0.50119001	
538.4	0.51622468	0.50119001	
538.6	0.51630724	0.50119001	
538.8	0.51597489	0.50119001	
539	0.51596938	0.50119001	
539.2	0.51558397	0.50119001	
539.4	0.51549895	0.50119001	
539.6	0.51545337	0.50119001	
539.8	0.51600911	0.50119001	
540	0.51535732	0.50119001	
540.2	0.51537322	0.50119001	
540.4	0.51483166	0.50119001	
540.6	0.51494042	0.50119001	
540.8	0.51542925	0.50119001	
541	0.51588682	0.50119001	
541.2	0.51644604	0.50119001	
541.4	0.51660003	0.50119001	
541.6	0.51683551	0.50119001	
541.8	0.51699579	0.50119001	
542	0.51687496	0.50119001	
542.2	0.51691429	0.50119001	
542.4	0.51665565	0.50119001	
542.6	0.51616963	0.50119001	
542.8	0.51572239	0.50119001	
543	0.51601236	0.50119001	
543.2	0.51576436	0.50119001	
543.4	0.51590059	0.50119001	
543.6	0.51556848	0.50119001	
543.8	0.51527489	0.50119001	
544	0.51436281	0.50119001	
544.2	0.51410527	0.50119001	
544.4	0.51462122	0.50119001	
544.6	0.51503601	0.50119001	
544.8	0.51567996	0.50119001	
545	0.51584754	0.50119001	
545.2	0.5161105	0.50119001	
545.4	0.5158768	0.50119001	
545.6	0.51585484	0.50119001	
545.8	0.51678661	0.50119001	
546	0.51656206	0.50119001	
546.2	0.51692863	0.50119001	
546.4	0.51677606	0.50119001	
546.6	0.51652591	0.50119001	
546.8	0.51688184	0.50119001	
547	0.51721184	0.50119001	
547.2	0.51658193	0.50119001	
547.4	0.51643701	0.50119001	
547.6	0.51576168	0.50119001	
547.8	0.5154423	0.50119001	
548	0.51541939	0.50119001	
548.2	0.51543784	0.50119001	
548.4	0.51561775	0.50119001	
548.6	0.51527679	0.50119001	
548.8	0.51575794	0.50119001	
549	0.51518277	0.50119001	
549.2	0.51497437	0.50119001	
549.4	0.51459306	0.50119001	
549.6	0.51449893	0.50119001	
549.8	0.51503533	0.50119001	
550	0.51420242	0.50119001	
550.2	0.51412162	0.50119001	
550.4	0.5138356	0.50119001	
550.6	0.51373392	0.50119001	
550.8	0.51411277	0.50119001	
551	0.51448108	0.50119001	
551.2	0.51497696	0.50119001	
551.4	0.51542137	0.50119001	
551.6	0.51530394	0.50119001	
551.8	0.51521525	0.50119001	
552	0.51531729	0.50119001	
552.2	0.51521322	0.50119001	
552.4	0.51497518	0.50119001	
552.6	0.51498156	0.50119001	
552.8	0.5158559	0.50119001	
553	0.51594157	0.50119001	
553.2	0.51544652	0.50119001	
553.4	0.51545689	0.50119001	
553.6	0.5152636	0.50119001	
553.8	0.51530654	0.50119001	
554	0.51503889	0.50119001	
554.2	0.51501701	0.50119001	
554.4	0.51493719	0.50119001	
554.6	0.5149761	0.50119001	
554.8	0.51541848	0.50119001	
555	0.51510785	0.50119001	
555.2	0.51512987	0.50119001	
555.4	0.5148452	0.50119001	
555.6	0.51428559	0.50119001	
555.8	0.51402681	0.50119001	
556	0.51394343	0.50119001	
556.2	0.51411421	0.50119001	
556.4	0.51410807	0.50119001	
556.6	0.51416796	0.50119001	
556.8	0.51483065	0.50119001	
557	0.51432962	0.50119001	
557.2	0.51406971	0.50119001	
557.4	0.51421711	0.50119001	
557.6	0.51445251	0.50119001	
557.8	0.51444218	0.50119001	
558	0.51454958	0.50119001	
558.2	0.51430567	0.50119001	
558.4	0.51427977	0.50119001	
558.6	0.51399635	0.50119001	
558.8	0.51373245	0.50119001	
559	0.51355594	0.50119001	
559.2	0.51358271	0.50119001	
559.4	0.51375968	0.50119001	
559.6	0.51338119	0.50119001	
559.8	0.51321713	0.50119001	
560	0.51319947	0.50119001	
560.2	0.51339766	0.50119001	
560.4	0.51348631	0.50119001	
560.6	0.51396384	0.50119001	
560.8	0.51446874	0.50119001	
561	0.51460931	0.50119001	
561.2	0.51461137	0.50119001	
561.4	0.51487737	0.50119001	
561.6	0.51539139	0.50119001	
561.8	0.51567856	0.50119001	
562	0.51579665	0.50119001	
562.2	0.5161515	0.50119001	
562.4	0.51568013	0.50119001	
562.6	0.51512912	0.50119001	
562.8	0.51457897	0.50119001	
563	0.514089	0.50119001	
563.2	0.51358996	0.50119001	
563.4	0.51301524	0.50119001	
563.6	0.5125	0.50119001	
563.8	0.51143452	0.50119001	
564	0.51089644	0.50119001	
564.2	0.51057529	0.50119001	
564.4	0.51013451	0.50119001	
564.6	0.510296	0.50119001	
564.8	0.51035445	0.50119001	
565	0.51009809	0.50119001	
565.2	0.50982102	0.50119001	
565.4	0.51091667	0.50119001	
565.6	0.51126456	0.50119001	
565.8	0.51128495	0.50119001	
566	0.5113468	0.50119001	
566.2	0.511615	0.50119001	
566.4	0.51172841	0.50119001	
566.6	0.51217443	0.50119001	
566.8	0.51215088	0.50119001	
567	0.51242917	0.50119001	
567.2	0.51278379	0.50119001	
567.4	0.51266352	0.50119001	
567.6	0.51255844	0.50119001	
567.8	0.51205216	0.50119001	
568	0.51242353	0.50119001	
568.2	0.51195841	0.50119001	
568.4	0.51185466	0.50119001	
568.6	0.51184098	0.50119001	
568.8	0.51179096	0.50119001	
569	0.51181757	0.50119001	
569.2	0.51182895	0.50119001	
569.4	0.51196127	0.50119001	
569.6	0.51165589	0.50119001	
569.8	0.51173703	0.50119001	
570	0.51215262	0.50119001	
570.2	0.51188158	0.50119001	
570.4	0.51248503	0.50119001	
570.6	0.51227327	0.50119001	
570.8	0.51203629	0.50119001	
571	0.51240775	0.50119001	
571.2	0.51280244	0.50119001	
571.4	0.5126576	0.50119001	
571.6	0.51272419	0.50119001	
571.8	0.51288652	0.50119001	
572	0.5128764	0.50119001	
572.2	0.51215409	0.50119001	
572.4	0.51179956	0.50119001	
572.6	0.51130943	0.50119001	
572.8	0.51151392	0.50119001	
573	0.51160503	0.50119001	
573.2	0.51113753	0.50119001	
573.4	0.51100828	0.50119001	
573.6	0.51123397	0.50119001	
573.8	0.51106984	0.50119001	
574	0.51069199	0.50119001	
574.2	0.51021186	0.50119001	
574.4	0.51065578	0.50119001	
574.6	0.51050466	0.50119001	
574.8	0.51085914	0.50119001	
575	0.51125456	0.50119001	
575.2	0.51161156	0.50119001	
575.4	0.51130004	0.50119001	
575.6	0.51176134	0.50119001	
575.8	0.51207417	0.50119001	
576	0.5124427	0.50119001	
576.2	0.51231191	0.50119001	
576.4	0.51261733	0.50119001	
576.6	0.51295525	0.50119001	
576.8	0.51290417	0.50119001	
577	0.51268812	0.50119001	
577.2	0.51287844	0.50119001	
577.4	0.51289694	0.50119001	
577.6	0.51270276	0.50119001	
577.8	0.51220408	0.50119001	
578	0.51202736	0.50119001	
578.2	0.51171865	0.50119001	
578.4	0.51175279	0.50119001	
578.6	0.5110093	0.50119001	
578.8	0.51064595	0.50119001	
579	0.51012807	0.50119001	
579.2	0.50997502	0.50119001	
579.4	0.50995705	0.50119001	
579.6	0.51021723	0.50119001	
579.8	0.51019238	0.50119001	
580	0.51060537	0.50119001	
580.2	0.51101591	0.50119001	
580.4	0.51087935	0.50119001	
580.6	0.51065843	0.50119001	
580.8	0.51055159	0.50119001	
581	0.51087363	0.50119001	
581.2	0.5111845	0.50119001	
581.4	0.51090341	0.50119001	
581.6	0.51061773	0.50119001	
581.8	0.51076532	0.50119001	
582	0.51073811	0.50119001	
582.2	0.51041093	0.50119001	
582.4	0.5103572	0.50119001	
582.6	0.50980725	0.50119001	
582.8	0.50936764	0.50119001	
583	0.50931692	0.50119001	
583.2	0.50940479	0.50119001	
583.4	0.50972717	0.50119001	
583.6	0.51002076	0.50119001	
583.8	0.51070051	0.50119001	
584	0.51111502	0.50119001	
584.2	0.51165545	0.50119001	
584.4	0.51185093	0.50119001	
584.6	0.51243125	0.50119001	
584.8	0.5127148	0.50119001	
585	0.51293684	0.50119001	
585.2	0.51303732	0.50119001	
585.4	0.51322567	0.50119001	
585.6	0.51358886	0.50119001	
585.8	0.5138734	0.50119001	
586	0.51334798	0.50119001	
586.2	0.51293932	0.50119001	
586.4	0.51313657	0.50119001	
586.6	0.51259278	0.50119001	
586.8	0.5117402	0.50119001	
587	0.51151429	0.50119001	
587.2	0.5111082	0.50119001	
587.4	0.5110715	0.50119001	
587.6	0.51077555	0.50119001	
587.8	0.51073916	0.50119001	
588	0.50986015	0.50119001	
588.2	0.51010672	0.50119001	
588.4	0.51017875	0.50119001	
588.6	0.51034029	0.50119001	
588.8	0.50996747	0.50119001	
589	0.5097634	0.50119001	
589.2	0.509534	0.50119001	
589.4	0.50967918	0.50119001	
589.6	0.50974452	0.50119001	
589.8	0.50948409	0.50119001	
590	0.50959188	0.50119001	
590.2	0.50999492	0.50119001	
590.4	0.51024781	0.50119001	
590.6	0.51003376	0.50119001	
590.8	0.51015113	0.50119001	
591	0.51086123	0.50119001	
591.2	0.51105059	0.50119001	
591.4	0.51135619	0.50119001	
591.6	0.51153066	0.50119001	
591.8	0.51129973	0.50119001	
592	0.51080545	0.50119001	
592.2	0.51111973	0.50119001	
592.4	0.51141014	0.50119001	
592.6	0.51121738	0.50119001	
592.8	0.51005387	0.50119001	
593	0.50999387	0.50119001	
593.2	0.5095069	0.50119001	
593.4	0.50941165	0.50119001	
593.6	0.50933339	0.50119001	
593.8	0.50928046	0.50119001	
594	0.50929637	0.50119001	
594.2	0.50910881	0.50119001	
594.4	0.50914392	0.50119001	
594.6	0.5091724	0.50119001	
594.8	0.50932455	0.50119001	
595	0.50999364	0.50119001	
595.2	0.51023699	0.50119001	
595.4	0.51031145	0.50119001	
595.6	0.50966687	0.50119001	
595.8	0.50918429	0.50119001	
596	0.50900801	0.50119001	
596.2	0.50861617	0.50119001	
596.4	0.50856888	0.50119001	
596.6	0.5080445	0.50119001	
596.8	0.50787156	0.50119001	
597	0.50831978	0.50119001	
597.2	0.50797933	0.50119001	
597.4	0.50829427	0.50119001	
597.6	0.50819061	0.50119001	
597.8	0.50788422	0.50119001	
598	0.50763479	0.50119001	
598.2	0.50754091	0.50119001	
598.4	0.50766884	0.50119001	
598.6	0.50761274	0.50119001	
598.8	0.50798066	0.50119001	
599	0.50866742	0.50119001	
599.2	0.50884564	0.50119001	
599.4	0.5086309	0.50119001	
599.6	0.50853201	0.50119001	
599.8	0.50890659	0.50119001	
