Conc1	1E-07	
Start1	240	
Stop1	599.8	
Kobs	2.14939956600862E-49	
Error Kobs	3.2807550327554E-05	
Koff	0	
Error Koff	0	
Time1	Data1	Fit1	
240	0.00681664	0	
240.2	0.00621696	0.00015971	
240.4	0.00598809	0.00031939	
240.6	0.00584781	0.00047905	
240.8	0.0059528	0.00063869	
241	0.00629923	0.00079831	
241.2	0.00651853	0.0009579	
241.4	0.00713734	0.00111747	
241.6	0.00750673	0.00127703	
241.8	0.00751113	0.00143656	
242	0.00772127	0.00159606	
242.2	0.00805656	0.00175555	
242.4	0.0086729	0.00191501	
242.6	0.0086036	0.00207445	
242.8	0.00808026	0.00223387	
243	0.0078952	0.00239327	
243.2	0.00867265	0.00255264	
243.4	0.00845703	0.002712	
243.6	0.00846498	0.00287133	
243.8	0.0084239	0.00303064	
244	0.00831412	0.00318992	
244.2	0.00744103	0.00334919	
244.4	0.0076716	0.00350843	
244.6	0.00761135	0.00366765	
244.8	0.0082907	0.00382685	
245	0.00846622	0.00398603	
245.2	0.00871233	0.00414518	
245.4	0.00883349	0.00430432	
245.6	0.00853657	0.00446343	
245.8	0.00849231	0.00462252	
246	0.00881456	0.00478158	
246.2	0.00915723	0.00494063	
246.4	0.00917473	0.00509965	
246.6	0.00845011	0.00525865	
246.8	0.00831481	0.00541763	
247	0.00858068	0.00557659	
247.2	0.00860078	0.00573553	
247.4	0.00853981	0.00589444	
247.6	0.00861626	0.00605333	
247.8	0.00898118	0.0062122	
248	0.00946747	0.00637105	
248.2	0.01016679	0.00652987	
248.4	0.01100548	0.00668868	
248.6	0.01119614	0.00684746	
248.8	0.01168912	0.00700622	
249	0.01159855	0.00716496	
249.2	0.01155886	0.00732367	
249.4	0.01125263	0.00748237	
249.6	0.01116329	0.00764104	
249.8	0.0115141	0.00779969	
250	0.01175219	0.00795832	
250.2	0.01141189	0.00811693	
250.4	0.01072329	0.00827551	
250.6	0.01002996	0.00843407	
250.8	0.00978315	0.00859262	
251	0.00929805	0.00875113	
251.2	0.00912978	0.00890963	
251.4	0.00961678	0.00906811	
251.6	0.01024135	0.00922656	
251.8	0.01076831	0.00938499	
252	0.01184126	0.0095434	
252.2	0.01274327	0.00970179	
252.4	0.01322649	0.00986016	
252.6	0.0132616	0.0100185	
252.8	0.01366007	0.01017682	
253	0.01416263	0.01033512	
253.2	0.01405856	0.0104934	
253.4	0.01450075	0.01065166	
253.6	0.01431648	0.01080989	
253.8	0.01471085	0.01096811	
254	0.01469311	0.0111263	
254.2	0.01422799	0.01128447	
254.4	0.01402068	0.01144261	
254.6	0.01404283	0.01160074	
254.8	0.01381096	0.01175884	
255	0.01419008	0.01191693	
255.2	0.0142636	0.01207499	
255.4	0.01439687	0.01223302	
255.6	0.0140669	0.01239104	
255.8	0.01392194	0.01254904	
256	0.01410336	0.01270701	
256.2	0.01378369	0.01286496	
256.4	0.0135554	0.01302289	
256.6	0.01277807	0.0131808	
256.8	0.01287088	0.01333868	
257	0.01265952	0.01349655	
257.2	0.01244815	0.01365439	
257.4	0.01300875	0.01381221	
257.6	0.01279564	0.01397001	
257.8	0.01314201	0.01412778	
258	0.01349291	0.01428554	
258.2	0.01427975	0.01444327	
258.4	0.01529481	0.01460098	
258.6	0.0160988	0.01475867	
258.8	0.01671805	0.01491634	
259	0.01781386	0.01507399	
259.2	0.01746551	0.01523161	
259.4	0.01766733	0.01538921	
259.6	0.01749552	0.01554679	
259.8	0.01768726	0.01570435	
260	0.01706076	0.01586189	
260.2	0.01673569	0.01601941	
260.4	0.01613785	0.0161769	
260.6	0.01628192	0.01633437	
260.8	0.01655782	0.01649182	
261	0.01623292	0.01664925	
261.2	0.01604815	0.01680666	
261.4	0.01586379	0.01696404	
261.6	0.01556018	0.01712141	
261.8	0.01528097	0.01727875	
262	0.0157839	0.01743607	
262.2	0.01652876	0.01759337	
262.4	0.01687843	0.01775064	
262.6	0.01690054	0.0179079	
262.8	0.01714355	0.01806513	
263	0.01737034	0.01822234	
263.2	0.01733668	0.01837953	
263.4	0.01826776	0.0185367	
263.6	0.01832818	0.01869385	
263.8	0.01868424	0.01885097	
264	0.01894743	0.01900807	
264.2	0.0197169	0.01916515	
264.4	0.0201857	0.01932221	
264.6	0.02083667	0.01947925	
264.8	0.02101337	0.01963627	
265	0.02089938	0.01979326	
265.2	0.02055678	0.01995024	
265.4	0.02027353	0.02010719	
265.6	0.02015399	0.02026412	
265.8	0.02018802	0.02042102	
266	0.02016517	0.02057791	
266.2	0.02083316	0.02073477	
266.4	0.02040224	0.02089162	
266.6	0.02024669	0.02104844	
266.8	0.02033398	0.02120524	
267	0.02042108	0.02136202	
267.2	0.02065135	0.02151877	
267.4	0.02117478	0.02167551	
267.6	0.02097604	0.02183222	
267.8	0.02118703	0.02198891	
268	0.02141254	0.02214558	
268.2	0.02168815	0.02230223	
268.4	0.02164104	0.02245886	
268.6	0.02159519	0.02261546	
268.8	0.02191659	0.02277204	
269	0.02125951	0.0229286	
269.2	0.02090839	0.02308514	
269.4	0.02082021	0.02324166	
269.6	0.02085363	0.02339816	
269.8	0.02150495	0.02355464	
270	0.02136777	0.02371109	
270.2	0.02215379	0.02386752	
270.4	0.02186669	0.02402393	
270.6	0.02266316	0.02418032	
270.8	0.0231273	0.02433669	
271	0.02328559	0.02449303	
271.2	0.02382131	0.02464936	
271.4	0.02446923	0.02480566	
271.6	0.02470368	0.02496194	
271.8	0.0247976	0.0251182	
272	0.02525607	0.02527444	
272.2	0.02544183	0.02543065	
272.4	0.02537904	0.02558685	
272.6	0.02578183	0.02574302	
272.8	0.02615291	0.02589917	
273	0.02600148	0.0260553	
273.2	0.02573435	0.02621141	
273.4	0.02553917	0.0263675	
273.6	0.02563355	0.02652356	
273.8	0.02558359	0.02667961	
274	0.02553505	0.02683563	
274.2	0.02567986	0.02699163	
274.4	0.0260647	0.02714761	
274.6	0.02684799	0.02730356	
274.8	0.02706125	0.0274595	
275	0.02737205	0.02761541	
275.2	0.02762156	0.02777131	
275.4	0.02764962	0.02792718	
275.6	0.02777066	0.02808303	
275.8	0.02807624	0.02823886	
276	0.02860074	0.02839466	
276.2	0.02852852	0.02855045	
276.4	0.02866404	0.02870621	
276.6	0.02889306	0.02886196	
276.8	0.02859486	0.02901768	
277	0.02845263	0.02917338	
277.2	0.0278442	0.02932905	
277.4	0.02790946	0.02948471	
277.6	0.0278287	0.02964034	
277.8	0.02772695	0.02979596	
278	0.02820286	0.02995155	
278.2	0.02836352	0.03010712	
278.4	0.02904672	0.03026267	
278.6	0.02964805	0.0304182	
278.8	0.02999336	0.0305737	
279	0.0301082	0.03072919	
279.2	0.03039932	0.03088465	
279.4	0.03094766	0.03104009	
279.6	0.03119705	0.03119551	
279.8	0.03161517	0.03135091	
280	0.03168916	0.03150629	
280.2	0.03198824	0.03166164	
280.4	0.03236741	0.03181698	
280.6	0.03232958	0.03197229	
280.8	0.03259204	0.03212758	
281	0.03248715	0.03228285	
281.2	0.03216912	0.0324381	
281.4	0.03213203	0.03259333	
281.6	0.03210477	0.03274853	
281.8	0.0321414	0.03290372	
282	0.03203382	0.03305888	
282.2	0.03222853	0.03321402	
282.4	0.03255937	0.03336914	
282.6	0.03289745	0.03352424	
282.8	0.0329689	0.03367932	
283	0.03290377	0.03383437	
283.2	0.03311524	0.03398941	
283.4	0.03326611	0.03414442	
283.6	0.03285737	0.03429941	
283.8	0.03292664	0.03445438	
284	0.03252412	0.03460933	
284.2	0.03302309	0.03476426	
284.4	0.03312607	0.03491916	
284.6	0.03325066	0.03507405	
284.8	0.03379259	0.03522891	
285	0.03396513	0.03538375	
285.2	0.0346422	0.03553857	
285.4	0.03492493	0.03569337	
285.6	0.03567749	0.03584815	
285.8	0.03570364	0.03600291	
286	0.03654729	0.03615764	
286.2	0.03753335	0.03631236	
286.4	0.03842896	0.03646705	
286.6	0.03901718	0.03662172	
286.8	0.03945622	0.03677637	
287	0.03930762	0.036931	
287.2	0.03975339	0.0370856	
287.4	0.03973107	0.03724019	
287.6	0.03940226	0.03739475	
287.8	0.03923501	0.0375493	
288	0.03885179	0.03770382	
288.2	0.03893329	0.03785832	
288.4	0.03876283	0.0380128	
288.6	0.03858015	0.03816725	
288.8	0.03868462	0.03832169	
289	0.03864091	0.03847611	
289.2	0.0384155	0.0386305	
289.4	0.03838597	0.03878487	
289.6	0.03849654	0.03893922	
289.8	0.03842374	0.03909355	
290	0.03877539	0.03924786	
290.2	0.03912841	0.03940215	
290.4	0.03930062	0.03955641	
290.6	0.03941087	0.03971066	
290.8	0.03952604	0.03986488	
291	0.03961606	0.04001908	
291.2	0.04060242	0.04017326	
291.4	0.04063155	0.04032742	
291.6	0.04101739	0.04048156	
291.8	0.04119045	0.04063568	
292	0.04118449	0.04078977	
292.2	0.04089237	0.04094385	
292.4	0.04071388	0.0410979	
292.6	0.04066009	0.04125193	
292.8	0.0408861	0.04140594	
293	0.04088344	0.04155993	
293.2	0.04147238	0.0417139	
293.4	0.041827	0.04186784	
293.6	0.04212925	0.04202177	
293.8	0.04225919	0.04217567	
294	0.04188956	0.04232956	
294.2	0.0419812	0.04248342	
294.4	0.04220245	0.04263726	
294.6	0.04233716	0.04279108	
294.8	0.04276901	0.04294487	
295	0.04350275	0.04309865	
295.2	0.04353746	0.04325241	
295.4	0.04341049	0.04340614	
295.6	0.04389843	0.04355985	
295.8	0.0439712	0.04371354	
296	0.04406292	0.04386722	
296.2	0.04379145	0.04402086	
296.4	0.04362755	0.04417449	
296.6	0.04395221	0.0443281	
296.8	0.04424149	0.04448168	
297	0.04463203	0.04463525	
297.2	0.04522803	0.04478879	
297.4	0.0454877	0.04494231	
297.6	0.04527167	0.04509582	
297.8	0.04491936	0.0452493	
298	0.04477346	0.04540275	
298.2	0.04519891	0.04555619	
298.4	0.04568853	0.04570961	
298.6	0.04571504	0.045863	
298.8	0.04531836	0.04601638	
299	0.04496429	0.04616973	
299.2	0.04464275	0.04632306	
299.4	0.04470991	0.04647637	
299.6	0.04520459	0.04662966	
299.8	0.04503584	0.04678293	
300	0.0450807	0.04693617	
300.2	0.04501847	0.0470894	
300.4	0.04504125	0.0472426	
300.6	0.0459177	0.04739579	
300.8	0.04582609	0.04754895	
301	0.04604778	0.04770209	
301.2	0.04578012	0.04785521	
301.4	0.04556534	0.04800831	
301.6	0.04537078	0.04816139	
301.8	0.0458195	0.04831444	
302	0.04592302	0.04846748	
302.2	0.04620276	0.04862049	
302.4	0.046321	0.04877348	
302.6	0.04628065	0.04892646	
302.8	0.04575172	0.04907941	
303	0.04607031	0.04923234	
303.2	0.04652701	0.04938525	
303.4	0.04699096	0.04953813	
303.6	0.04782736	0.049691	
303.8	0.04838247	0.04984384	
304	0.04884959	0.04999667	
304.2	0.04957954	0.05014947	
304.4	0.05005289	0.05030225	
304.6	0.05095025	0.05045501	
304.8	0.05068899	0.05060775	
305	0.05027292	0.05076047	
305.2	0.04999089	0.05091317	
305.4	0.04975168	0.05106585	
305.6	0.04977949	0.0512185	
305.8	0.04943515	0.05137114	
306	0.04953268	0.05152375	
306.2	0.0495024	0.05167634	
306.4	0.04964504	0.05182891	
306.6	0.04991196	0.05198146	
306.8	0.05000671	0.05213399	
307	0.04997192	0.0522865	
307.2	0.05041654	0.05243899	
307.4	0.05075618	0.05259145	
307.6	0.05146817	0.0527439	
307.8	0.05173943	0.05289632	
308	0.05193747	0.05304872	
308.2	0.05236719	0.05320111	
308.4	0.05294879	0.05335347	
308.6	0.05360843	0.05350581	
308.8	0.05413051	0.05365812	
309	0.05370807	0.05381042	
309.2	0.0540695	0.0539627	
309.4	0.05361364	0.05411495	
309.6	0.05453665	0.05426719	
309.8	0.05476127	0.0544194	
310	0.05527464	0.05457159	
310.2	0.05532424	0.05472377	
310.4	0.05548606	0.05487592	
310.6	0.05603928	0.05502805	
310.8	0.05560316	0.05518015	
311	0.05513412	0.05533224	
311.2	0.05518421	0.05548431	
311.4	0.05506627	0.05563635	
311.6	0.05509698	0.05578838	
311.8	0.05436953	0.05594038	
312	0.05437926	0.05609236	
312.2	0.05445307	0.05624433	
312.4	0.0552183	0.05639627	
312.6	0.05528091	0.05654819	
312.8	0.05533414	0.05670008	
313	0.05504769	0.05685196	
313.2	0.0558143	0.05700382	
313.4	0.05638194	0.05715565	
313.6	0.05733198	0.05730747	
313.8	0.05681623	0.05745926	
314	0.05671088	0.05761104	
314.2	0.05714521	0.05776279	
314.4	0.05718906	0.05791452	
314.6	0.05770076	0.05806623	
314.8	0.05750002	0.05821792	
315	0.05785175	0.05836958	
315.2	0.05819579	0.05852123	
315.4	0.0582111	0.05867286	
315.6	0.05857344	0.05882446	
315.8	0.05862094	0.05897605	
316	0.05899405	0.05912761	
316.2	0.05959952	0.05927915	
316.4	0.05981198	0.05943068	
316.6	0.05991715	0.05958218	
316.8	0.06038807	0.05973366	
317	0.06070889	0.05988511	
317.2	0.06119849	0.06003655	
317.4	0.06100999	0.06018797	
317.6	0.06051663	0.06033937	
317.8	0.06001938	0.06049074	
318	0.0605137	0.06064209	
318.2	0.06102836	0.06079343	
318.4	0.0611819	0.06094474	
318.6	0.06154008	0.06109603	
318.8	0.06211871	0.0612473	
319	0.06212329	0.06139855	
319.2	0.06216723	0.06154978	
319.4	0.06246609	0.06170099	
319.6	0.06285507	0.06185218	
319.8	0.06241151	0.06200334	
320	0.0627559	0.06215449	
320.2	0.06274707	0.06230561	
320.4	0.06225693	0.06245672	
320.6	0.06271321	0.0626078	
320.8	0.06293257	0.06275886	
321	0.0628604	0.0629099	
321.2	0.06287801	0.06306092	
321.4	0.06266162	0.06321192	
321.6	0.06260279	0.0633629	
321.8	0.06276876	0.06351386	
322	0.06286766	0.0636648	
322.2	0.06289156	0.06381571	
322.4	0.0631213	0.06396661	
322.6	0.06285823	0.06411748	
322.8	0.06296987	0.06426833	
323	0.06285508	0.06441917	
323.2	0.06286171	0.06456998	
323.4	0.06309834	0.06472077	
323.6	0.06303363	0.06487154	
323.8	0.06307006	0.06502229	
324	0.06353938	0.06517302	
324.2	0.06372201	0.06532373	
324.4	0.06440656	0.06547441	
324.6	0.06556676	0.06562508	
324.8	0.06641713	0.06577573	
325	0.06641339	0.06592635	
325.2	0.06685231	0.06607695	
325.4	0.06744724	0.06622754	
325.6	0.06716241	0.0663781	
325.8	0.06698484	0.06652864	
326	0.06705252	0.06667916	
326.2	0.06724211	0.06682966	
326.4	0.06713846	0.06698014	
326.6	0.06649225	0.0671306	
326.8	0.06699673	0.06728104	
327	0.0669303	0.06743145	
327.2	0.06714194	0.06758185	
327.4	0.06709289	0.06773222	
327.6	0.06768553	0.06788258	
327.8	0.06785188	0.06803291	
328	0.06855032	0.06818323	
328.2	0.06940905	0.06833352	
328.4	0.06999192	0.06848379	
328.6	0.0704012	0.06863404	
328.8	0.07037752	0.06878427	
329	0.07043318	0.06893448	
329.2	0.07119442	0.06908467	
329.4	0.07117045	0.06923484	
329.6	0.0710991	0.06938498	
329.8	0.07113796	0.06953511	
330	0.07156001	0.06968522	
330.2	0.07149369	0.0698353	
330.4	0.07113115	0.06998536	
330.6	0.07074454	0.07013541	
330.8	0.07131754	0.07028543	
331	0.07069688	0.07043543	
331.2	0.07062927	0.07058541	
331.4	0.0701887	0.07073537	
331.6	0.07119042	0.07088531	
331.8	0.0711537	0.07103523	
332	0.07188586	0.07118513	
332.2	0.07207184	0.07133501	
332.4	0.07202144	0.07148487	
332.6	0.07194588	0.0716347	
332.8	0.07188652	0.07178452	
333	0.07224399	0.07193431	
333.2	0.07229734	0.07208409	
333.4	0.07218788	0.07223384	
333.6	0.07211693	0.07238358	
333.8	0.07230231	0.07253329	
334	0.07267827	0.07268298	
334.2	0.07280745	0.07283265	
334.4	0.07270186	0.0729823	
334.6	0.07272684	0.07313193	
334.8	0.07313979	0.07328154	
335	0.07282692	0.07343113	
335.2	0.07295879	0.0735807	
335.4	0.07348664	0.07373024	
335.6	0.07438901	0.07387977	
335.8	0.07498106	0.07402928	
336	0.07569204	0.07417876	
336.2	0.07546556	0.07432823	
336.4	0.07570294	0.07447767	
336.6	0.0759434	0.07462709	
336.8	0.07616953	0.0747765	
337	0.07676281	0.07492588	
337.2	0.07694954	0.07507524	
337.4	0.07700902	0.07522458	
337.6	0.07679652	0.0753739	
337.8	0.0775886	0.0755232	
338	0.07723875	0.07567248	
338.2	0.07720498	0.07582174	
338.4	0.0768347	0.07597097	
338.6	0.07656109	0.07612019	
338.8	0.07659991	0.07626939	
339	0.07617603	0.07641856	
339.2	0.0763706	0.07656772	
339.4	0.07683329	0.07671685	
339.6	0.07689888	0.07686597	
339.8	0.07697264	0.07701506	
340	0.07709829	0.07716413	
340.2	0.07698167	0.07731319	
340.4	0.07790073	0.07746222	
340.6	0.07803118	0.07761123	
340.8	0.07832177	0.07776022	
341	0.07875645	0.07790919	
341.2	0.07895145	0.07805814	
341.4	0.07896479	0.07820707	
341.6	0.0790019	0.07835598	
341.8	0.0793655	0.07850487	
342	0.07884338	0.07865373	
342.2	0.07835673	0.07880258	
342.4	0.07830408	0.07895141	
342.6	0.07820661	0.07910021	
342.8	0.07864	0.079249	
343	0.07839004	0.07939776	
343.2	0.07845511	0.0795465	
343.4	0.07859879	0.07969523	
343.6	0.07841889	0.07984393	
343.8	0.07927815	0.07999261	
344	0.08001809	0.08014128	
344.2	0.08053499	0.08028992	
344.4	0.08126295	0.08043854	
344.6	0.08134491	0.08058714	
344.8	0.08174226	0.08073572	
345	0.08176467	0.08088428	
345.2	0.08177679	0.08103282	
345.4	0.0816086	0.08118133	
345.6	0.08150198	0.08132983	
345.8	0.08098415	0.08147831	
346	0.08027325	0.08162677	
346.2	0.08018057	0.0817752	
346.4	0.08013231	0.08192362	
346.6	0.08029425	0.08207201	
346.8	0.08032875	0.08222039	
347	0.08029273	0.08236874	
347.2	0.08026482	0.08251708	
347.4	0.08097418	0.08266539	
347.6	0.08140501	0.08281368	
347.8	0.08248581	0.08296196	
348	0.08275864	0.08311021	
348.2	0.0839476	0.08325844	
348.4	0.08482984	0.08340665	
348.6	0.08493203	0.08355484	
348.8	0.08487383	0.08370301	
349	0.08475618	0.08385116	
349.2	0.08462679	0.08399929	
349.4	0.0846644	0.0841474	
349.6	0.08441442	0.08429549	
349.8	0.08430065	0.08444355	
350	0.08404611	0.0845916	
350.2	0.08453463	0.08473963	
350.4	0.08393928	0.08488764	
350.6	0.08380824	0.08503562	
350.8	0.08338981	0.08518359	
351	0.08357872	0.08533153	
351.2	0.08296373	0.08547946	
351.4	0.08348596	0.08562736	
351.6	0.08364851	0.08577525	
351.8	0.08437738	0.08592311	
352	0.08502079	0.08607095	
352.2	0.08575642	0.08621878	
352.4	0.08605231	0.08636658	
352.6	0.08649082	0.08651436	
352.8	0.0873933	0.08666212	
353	0.08800495	0.08680986	
353.2	0.08869553	0.08695758	
353.4	0.08925012	0.08710528	
353.6	0.08967771	0.08725296	
353.8	0.08997679	0.08740062	
354	0.08981347	0.08754826	
354.2	0.08965644	0.08769588	
354.4	0.08901458	0.08784348	
354.6	0.08851327	0.08799106	
354.8	0.08851479	0.08813862	
355	0.08829809	0.08828615	
355.2	0.08817721	0.08843367	
355.4	0.08817058	0.08858117	
355.6	0.08822937	0.08872864	
355.8	0.08831403	0.0888761	
356	0.08906366	0.08902353	
356.2	0.08877389	0.08917095	
356.4	0.08888085	0.08931834	
356.6	0.08967038	0.08946572	
356.8	0.08948353	0.08961307	
357	0.08946281	0.08976041	
357.2	0.09014922	0.08990772	
357.4	0.08991709	0.09005501	
357.6	0.0896237	0.09020228	
357.8	0.08941079	0.09034954	
358	0.08946842	0.09049677	
358.2	0.08936258	0.09064398	
358.4	0.09010232	0.09079117	
358.6	0.09094211	0.09093834	
358.8	0.09132543	0.09108549	
359	0.09162116	0.09123262	
359.2	0.09227356	0.09137973	
359.4	0.09239698	0.09152682	
359.6	0.09323072	0.09167389	
359.8	0.0933545	0.09182094	
360	0.09355846	0.09196797	
360.2	0.09320347	0.09211498	
360.4	0.0931053	0.09226197	
360.6	0.09289907	0.09240894	
360.8	0.09208961	0.09255589	
361	0.09261707	0.09270281	
361.2	0.09286538	0.09284972	
361.4	0.09229079	0.09299661	
361.6	0.09244697	0.09314347	
361.8	0.0926488	0.09329032	
362	0.09276178	0.09343715	
362.2	0.09343274	0.09358395	
362.4	0.0941185	0.09373074	
362.6	0.09409375	0.0938775	
362.8	0.09389843	0.09402425	
363	0.09427978	0.09417097	
363.2	0.09456827	0.09431768	
363.4	0.09458567	0.09446436	
363.6	0.0948764	0.09461102	
363.8	0.09475704	0.09475767	
364	0.0949805	0.09490429	
364.2	0.09544424	0.0950509	
364.4	0.09530396	0.09519748	
364.6	0.09579683	0.09534404	
364.8	0.09646185	0.09549058	
365	0.09704856	0.09563711	
365.2	0.09695671	0.09578361	
365.4	0.09697169	0.09593009	
365.6	0.09709301	0.09607655	
365.8	0.09690738	0.09622299	
366	0.09703721	0.09636941	
366.2	0.09740085	0.09651582	
366.4	0.0975301	0.0966622	
366.6	0.09819602	0.09680856	
366.8	0.09825164	0.0969549	
367	0.09874495	0.09710122	
367.2	0.09911825	0.09724752	
367.4	0.09894831	0.0973938	
367.6	0.09912481	0.09754006	
367.8	0.09927609	0.0976863	
368	0.09966181	0.09783251	
368.2	0.09949755	0.09797871	
368.4	0.09926039	0.09812489	
368.6	0.09947648	0.09827105	
368.8	0.09893178	0.09841719	
369	0.09827718	0.09856331	
369.2	0.0981898	0.09870941	
369.4	0.09823352	0.09885548	
369.6	0.09823766	0.09900154	
369.8	0.09828464	0.09914758	
370	0.09836462	0.0992936	
370.2	0.09924582	0.09943959	
370.4	0.10040091	0.09958557	
370.6	0.10068084	0.09973153	
370.8	0.10052781	0.09987746	
371	0.10138337	0.10002338	
371.2	0.10176143	0.10016928	
371.4	0.10194706	0.10031515	
371.6	0.10236706	0.10046101	
371.8	0.10245033	0.10060685	
372	0.1028029	0.10075266	
372.2	0.10259403	0.10089846	
372.4	0.10268762	0.10104423	
372.6	0.10280543	0.10118999	
372.8	0.1025268	0.10133573	
373	0.10260954	0.10148144	
373.2	0.10317792	0.10162714	
373.4	0.10384712	0.10177281	
373.6	0.1038623	0.10191847	
373.8	0.10398016	0.1020641	
374	0.10457866	0.10220972	
374.2	0.1051108	0.10235531	
374.4	0.10552884	0.10250089	
374.6	0.10513961	0.10264644	
374.8	0.10552331	0.10279197	
375	0.10550867	0.10293749	
375.2	0.10537709	0.10308298	
375.4	0.10509865	0.10322846	
375.6	0.10480403	0.10337391	
375.8	0.10495844	0.10351934	
376	0.10484461	0.10366476	
376.2	0.10441037	0.10381015	
376.4	0.10413945	0.10395553	
376.6	0.10353794	0.10410088	
376.8	0.10329256	0.10424621	
377	0.10292813	0.10439153	
377.2	0.10305191	0.10453682	
377.4	0.10343903	0.10468209	
377.6	0.10340852	0.10482735	
377.8	0.10404307	0.10497258	
378	0.1047972	0.10511779	
378.2	0.1051046	0.10526299	
378.4	0.10586212	0.10540816	
378.6	0.10620841	0.10555331	
378.8	0.10622	0.10569845	
379	0.1067031	0.10584356	
379.2	0.10685274	0.10598865	
379.4	0.10741599	0.10613373	
379.6	0.10781058	0.10627878	
379.8	0.10842168	0.10642381	
380	0.10789294	0.10656882	
380.2	0.10798282	0.10671382	
380.4	0.10803211	0.10685879	
380.6	0.1078867	0.10700374	
380.8	0.10781511	0.10714868	
381	0.10817207	0.10729359	
381.2	0.10864622	0.10743848	
381.4	0.10921384	0.10758335	
381.6	0.1092954	0.10772821	
381.8	0.11003372	0.10787304	
382	0.11024327	0.10801785	
382.2	0.1104834	0.10816265	
382.4	0.11059544	0.10830742	
382.6	0.11055685	0.10845217	
382.8	0.11061907	0.1085969	
383	0.11106178	0.10874162	
383.2	0.11096684	0.10888631	
383.4	0.11124754	0.10903098	
383.6	0.11109754	0.10917564	
383.8	0.11133196	0.10932027	
384	0.11102578	0.10946488	
384.2	0.11205345	0.10960948	
384.4	0.11210561	0.10975405	
384.6	0.11230865	0.1098986	
384.8	0.11224725	0.11004313	
385	0.11236334	0.11018765	
385.2	0.11159592	0.11033214	
385.4	0.11145493	0.11047661	
385.6	0.11099656	0.11062107	
385.8	0.11124822	0.1107655	
386	0.11071945	0.11090991	
386.2	0.11053542	0.11105431	
386.4	0.11003734	0.11119868	
386.6	0.11014082	0.11134304	
386.8	0.11030092	0.11148737	
387	0.11009973	0.11163168	
387.2	0.11088096	0.11177598	
387.4	0.11106971	0.11192025	
387.6	0.11170482	0.11206451	
387.8	0.11258432	0.11220874	
388	0.11332937	0.11235295	
388.2	0.11446062	0.11249715	
388.4	0.11449191	0.11264132	
388.6	0.11478114	0.11278548	
388.8	0.11449682	0.11292961	
389	0.11481446	0.11307373	
389.2	0.11482045	0.11321782	
389.4	0.11553467	0.1133619	
389.6	0.11532522	0.11350595	
389.8	0.11526528	0.11364999	
390	0.11501438	0.113794	
390.2	0.11486604	0.113938	
390.4	0.11481287	0.11408197	
390.6	0.11508387	0.11422593	
390.8	0.11520336	0.11436986	
391	0.1156107	0.11451378	
391.2	0.11594434	0.11465768	
391.4	0.11584075	0.11480155	
391.6	0.11652854	0.11494541	
391.8	0.11714099	0.11508925	
392	0.11751362	0.11523306	
392.2	0.11749903	0.11537686	
392.4	0.11760944	0.11552064	
392.6	0.11798982	0.11566439	
392.8	0.11769858	0.11580813	
393	0.11815841	0.11595185	
393.2	0.1181482	0.11609554	
393.4	0.11848073	0.11623922	
393.6	0.11820309	0.11638288	
393.8	0.11849881	0.11652652	
394	0.11884991	0.11667014	
394.2	0.11865878	0.11681373	
394.4	0.11879364	0.11695731	
394.6	0.1192932	0.11710087	
394.8	0.11890323	0.11724441	
395	0.11873853	0.11738793	
395.2	0.11883876	0.11753143	
395.4	0.11880311	0.11767491	
395.6	0.11861181	0.11781837	
395.8	0.11903781	0.11796181	
396	0.11904205	0.11810523	
396.2	0.11884934	0.11824863	
396.4	0.11933209	0.11839201	
396.6	0.11944874	0.11853537	
396.8	0.11961241	0.11867871	
397	0.12038291	0.11882203	
397.2	0.12101637	0.11896533	
397.4	0.12172092	0.11910861	
397.6	0.12202151	0.11925188	
397.8	0.12262642	0.11939512	
398	0.12275279	0.11953834	
398.2	0.12227286	0.11968154	
398.4	0.12266245	0.11982472	
398.6	0.12272213	0.11996789	
398.8	0.12192703	0.12011103	
399	0.12217753	0.12025415	
399.2	0.12218695	0.12039726	
399.4	0.12169172	0.12054034	
399.6	0.12150044	0.1206834	
399.8	0.12234901	0.12082645	
400	0.12288377	0.12096947	
400.2	0.12275346	0.12111248	
400.4	0.12327005	0.12125546	
400.6	0.1238675	0.12139843	
400.8	0.1245082	0.12154137	
401	0.12475205	0.1216843	
401.2	0.12514278	0.12182721	
401.4	0.12508965	0.12197009	
401.6	0.12485566	0.12211296	
401.8	0.1255379	0.12225581	
402	0.1252901	0.12239863	
402.2	0.12527078	0.12254144	
402.4	0.12480647	0.12268423	
402.6	0.12431587	0.122827	
402.8	0.12369046	0.12296974	
403	0.12393406	0.12311247	
403.2	0.12327276	0.12325518	
403.4	0.1233064	0.12339787	
403.6	0.12357487	0.12354054	
403.8	0.12441683	0.12368319	
404	0.12489703	0.12382582	
404.2	0.12525915	0.12396843	
404.4	0.12548739	0.12411102	
404.6	0.12605264	0.12425359	
404.8	0.12633956	0.12439614	
405	0.12693056	0.12453868	
405.2	0.12725089	0.12468119	
405.4	0.12769723	0.12482368	
405.6	0.12789693	0.12496615	
405.8	0.12840473	0.12510861	
406	0.12819345	0.12525104	
406.2	0.1282545	0.12539345	
406.4	0.12729194	0.12553585	
406.6	0.12747548	0.12567822	
406.8	0.12705402	0.12582058	
407	0.12727973	0.12596291	
407.2	0.12736826	0.12610523	
407.4	0.12797123	0.12624752	
407.6	0.12833735	0.1263898	
407.8	0.12884653	0.12653206	
408	0.12903123	0.12667429	
408.2	0.12879493	0.12681651	
408.4	0.12827076	0.12695871	
408.6	0.1291028	0.12710089	
408.8	0.12931689	0.12724304	
409	0.12972412	0.12738518	
409.2	0.13056751	0.1275273	
409.4	0.13100453	0.1276694	
409.6	0.13045681	0.12781148	
409.8	0.13049324	0.12795354	
410	0.13048493	0.12809558	
410.2	0.13071806	0.1282376	
410.4	0.13030675	0.1283796	
410.6	0.13051921	0.12852159	
410.8	0.13062193	0.12866355	
411	0.13056858	0.12880549	
411.2	0.13066033	0.12894741	
411.4	0.13038757	0.12908932	
411.6	0.13073583	0.1292312	
411.8	0.13093382	0.12937306	
412	0.13058028	0.12951491	
412.2	0.13058249	0.12965673	
412.4	0.13110004	0.12979854	
412.6	0.13163318	0.12994033	
412.8	0.13189847	0.13008209	
413	0.13253437	0.13022384	
413.2	0.13334849	0.13036557	
413.4	0.13327072	0.13050727	
413.6	0.13300572	0.13064896	
413.8	0.13332268	0.13079063	
414	0.13328062	0.13093228	
414.2	0.13349624	0.13107391	
414.4	0.13324461	0.13121552	
414.6	0.13324649	0.13135711	
414.8	0.13319213	0.13149868	
415	0.13243837	0.13164023	
415.2	0.13268894	0.13178176	
415.4	0.13284295	0.13192327	
415.6	0.13354227	0.13206477	
415.8	0.13341887	0.13220624	
416	0.13292787	0.13234769	
416.2	0.1328598	0.13248913	
416.4	0.1330793	0.13263054	
416.6	0.13350028	0.13277194	
416.8	0.13374385	0.13291331	
417	0.13383955	0.13305467	
417.2	0.13431712	0.133196	
417.4	0.13446204	0.13333732	
417.6	0.1344662	0.13347862	
417.8	0.13508922	0.1336199	
418	0.13571568	0.13376115	
418.2	0.13620347	0.13390239	
418.4	0.13668353	0.13404361	
418.6	0.13677228	0.13418481	
418.8	0.13676241	0.13432599	
419	0.13719234	0.13446715	
419.2	0.13732431	0.13460829	
419.4	0.13721372	0.13474942	
419.6	0.13724172	0.13489052	
419.8	0.13660844	0.1350316	
420	0.13662613	0.13517267	
420.2	0.13676014	0.13531371	
420.4	0.13731932	0.13545473	
420.6	0.13754856	0.13559574	
420.8	0.13706856	0.13573672	
421	0.13746079	0.13587769	
421.2	0.13801836	0.13601864	
421.4	0.137871	0.13615956	
421.6	0.13796865	0.13630047	
421.8	0.13853609	0.13644136	
422	0.13869988	0.13658223	
422.2	0.13869641	0.13672308	
422.4	0.13929274	0.13686391	
422.6	0.13945324	0.13700472	
422.8	0.1398597	0.13714551	
423	0.14027878	0.13728628	
423.2	0.13990176	0.13742703	
423.4	0.14015411	0.13756777	
423.6	0.14044886	0.13770848	
423.8	0.14086302	0.13784917	
424	0.14137923	0.13798985	
424.2	0.14159597	0.1381305	
424.4	0.14205954	0.13827114	
424.6	0.14224759	0.13841175	
424.8	0.14232233	0.13855235	
425	0.14278337	0.13869293	
425.2	0.14248136	0.13883349	
425.4	0.14187155	0.13897402	
425.6	0.14196561	0.13911454	
425.8	0.14179012	0.13925504	
426	0.14181278	0.13939552	
426.2	0.14192716	0.13953599	
426.4	0.14239867	0.13967643	
426.6	0.14225921	0.13981685	
426.8	0.14253531	0.13995725	
427	0.14236103	0.14009763	
427.2	0.14248805	0.140238	
427.4	0.14282283	0.14037834	
427.6	0.143459	0.14051867	
427.8	0.14369909	0.14065897	
428	0.14389526	0.14079926	
428.2	0.14403065	0.14093953	
428.4	0.14402558	0.14107978	
428.6	0.14383142	0.14122	
428.8	0.14367667	0.14136021	
429	0.14381087	0.1415004	
429.2	0.1441278	0.14164057	
429.4	0.14410049	0.14178072	
429.6	0.14414324	0.14192086	
429.8	0.14438267	0.14206097	
430	0.1447919	0.14220106	
430.2	0.14513743	0.14234114	
430.4	0.14534198	0.14248119	
430.6	0.145776	0.14262122	
430.8	0.14627012	0.14276124	
431	0.14641134	0.14290124	
431.2	0.14691244	0.14304121	
431.4	0.14769552	0.14318117	
431.6	0.14811967	0.14332111	
431.8	0.14794571	0.14346103	
432	0.14760776	0.14360093	
432.2	0.14758191	0.14374081	
432.4	0.14753648	0.14388067	
432.6	0.14756385	0.14402051	
432.8	0.14820326	0.14416033	
433	0.14880797	0.14430014	
433.2	0.14922555	0.14443992	
433.4	0.1493084	0.14457969	
433.6	0.14979711	0.14471943	
433.8	0.15037408	0.14485916	
434	0.15051284	0.14499886	
434.2	0.15068488	0.14513855	
434.4	0.1506734	0.14527822	
434.6	0.15129963	0.14541787	
434.8	0.15100832	0.1455575	
435	0.15123702	0.14569711	
435.2	0.15120874	0.1458367	
435.4	0.15097317	0.14597627	
435.6	0.15047361	0.14611582	
435.8	0.14996378	0.14625536	
436	0.14899695	0.14639487	
436.2	0.14900973	0.14653436	
436.4	0.14880234	0.14667384	
436.6	0.14870038	0.1468133	
436.8	0.14954883	0.14695273	
437	0.14918678	0.14709215	
437.2	0.14882333	0.14723155	
437.4	0.14896165	0.14737093	
437.6	0.14911009	0.14751029	
437.8	0.14917763	0.14764963	
438	0.14929978	0.14778895	
438.2	0.14984501	0.14792825	
438.4	0.15022343	0.14806753	
438.6	0.15019689	0.1482068	
438.8	0.15042586	0.14834604	
439	0.15135557	0.14848527	
439.2	0.1516395	0.14862447	
439.4	0.15210744	0.14876366	
439.6	0.15253655	0.14890283	
439.8	0.15262447	0.14904198	
440	0.15267314	0.14918111	
440.2	0.1529756	0.14932022	
440.4	0.15324864	0.14945931	
440.6	0.15345431	0.14959838	
440.8	0.15399843	0.14973743	
441	0.15340004	0.14987646	
441.2	0.15339609	0.15001548	
441.4	0.15364661	0.15015447	
441.6	0.15356133	0.15029345	
441.8	0.15354572	0.15043241	
442	0.15337425	0.15057134	
442.2	0.15360464	0.15071026	
442.4	0.1533862	0.15084916	
442.6	0.15309352	0.15098804	
442.8	0.15356899	0.1511269	
443	0.15399921	0.15126574	
443.2	0.15419112	0.15140456	
443.4	0.15474361	0.15154337	
443.6	0.15509543	0.15168215	
443.8	0.15522357	0.15182091	
444	0.15564837	0.15195966	
444.2	0.15546307	0.15209839	
444.4	0.15572216	0.15223709	
444.6	0.15591792	0.15237578	
444.8	0.15639882	0.15251445	
445	0.1563851	0.1526531	
445.2	0.15630814	0.15279173	
445.4	0.15661504	0.15293034	
445.6	0.15686522	0.15306894	
445.8	0.15688973	0.15320751	
446	0.15686609	0.15334606	
446.2	0.15707672	0.1534846	
446.4	0.1571415	0.15362311	
446.6	0.15707736	0.15376161	
446.8	0.15713438	0.15390009	
447	0.15727406	0.15403855	
447.2	0.15778392	0.15417699	
447.4	0.15820154	0.15431541	
447.6	0.15850825	0.15445381	
447.8	0.15870698	0.15459219	
448	0.158675	0.15473055	
448.2	0.15833249	0.1548689	
448.4	0.15875556	0.15500722	
448.6	0.15940918	0.15514553	
448.8	0.16010126	0.15528381	
449	0.16019338	0.15542208	
449.2	0.16050352	0.15556033	
449.4	0.16153678	0.15569856	
449.6	0.16170124	0.15583677	
449.8	0.16179207	0.15597496	
450	0.16184267	0.15611313	
450.2	0.16154868	0.15625128	
450.4	0.16119324	0.15638942	
450.6	0.16129041	0.15652753	
450.8	0.161309	0.15666563	
451	0.16159838	0.15680371	
451.2	0.16175488	0.15694176	
451.4	0.16144119	0.1570798	
451.6	0.16138135	0.15721782	
451.8	0.16173926	0.15735582	
452	0.1613526	0.1574938	
452.2	0.16173085	0.15763177	
452.4	0.16214993	0.15776971	
452.6	0.16239615	0.15790763	
452.8	0.16271552	0.15804554	
453	0.1627092	0.15818343	
453.2	0.16297004	0.15832129	
453.4	0.16365038	0.15845914	
453.6	0.16355956	0.15859697	
453.8	0.16340496	0.15873478	
454	0.16324176	0.15887257	
454.2	0.16338227	0.15901034	
454.4	0.16377312	0.1591481	
454.6	0.16381858	0.15928583	
454.8	0.16374225	0.15942354	
455	0.16382996	0.15956124	
455.2	0.16406364	0.15969892	
455.4	0.1639726	0.15983658	
455.6	0.16416044	0.15997421	
455.8	0.16430258	0.16011183	
456	0.16404457	0.16024944	
456.2	0.16439137	0.16038702	
456.4	0.16416492	0.16052458	
456.6	0.16435411	0.16066212	
456.8	0.16481465	0.16079965	
457	0.1647314	0.16093716	
457.2	0.1650834	0.16107464	
457.4	0.16560363	0.16121211	
457.6	0.16525964	0.16134956	
457.8	0.16507548	0.16148699	
458	0.16548566	0.1616244	
458.2	0.16634249	0.16176179	
458.4	0.16675558	0.16189917	
458.6	0.16636024	0.16203652	
458.8	0.16678332	0.16217385	
459	0.16682214	0.16231117	
459.2	0.16769414	0.16244847	
459.4	0.16734495	0.16258575	
459.6	0.16748752	0.16272301	
459.8	0.16741745	0.16286025	
460	0.16759205	0.16299747	
460.2	0.16734155	0.16313467	
460.4	0.1667271	0.16327185	
460.6	0.16698655	0.16340902	
460.8	0.16716995	0.16354616	
461	0.1669067	0.16368329	
461.2	0.16699679	0.1638204	
461.4	0.16735302	0.16395749	
461.6	0.16706418	0.16409456	
461.8	0.16732418	0.16423161	
462	0.16819439	0.16436864	
462.2	0.16880656	0.16450566	
462.4	0.16875557	0.16464265	
462.6	0.16851867	0.16477962	
462.8	0.16880501	0.16491658	
463	0.16883878	0.16505352	
463.2	0.16943766	0.16519044	
463.4	0.16927445	0.16532734	
463.6	0.16924893	0.16546422	
463.8	0.16924056	0.16560108	
464	0.16962585	0.16573792	
464.2	0.16992426	0.16587475	
464.4	0.17027767	0.16601155	
464.6	0.17115318	0.16614834	
464.8	0.17169248	0.16628511	
465	0.1719929	0.16642186	
465.2	0.17260196	0.16655859	
465.4	0.17295146	0.1666953	
465.6	0.17319349	0.16683199	
465.8	0.17314756	0.16696866	
466	0.17328354	0.16710532	
466.2	0.17280524	0.16724195	
466.4	0.17274488	0.16737857	
466.6	0.17262746	0.16751517	
466.8	0.17293318	0.16765174	
467	0.17292728	0.1677883	
467.2	0.1731164	0.16792485	
467.4	0.17344665	0.16806137	
467.6	0.17367377	0.16819787	
467.8	0.17403764	0.16833436	
468	0.17472363	0.16847082	
468.2	0.17497269	0.16860727	
468.4	0.17512484	0.1687437	
468.6	0.17498684	0.16888011	
468.8	0.17496917	0.1690165	
469	0.17522977	0.16915287	
469.2	0.17526398	0.16928922	
469.4	0.17496689	0.16942555	
469.6	0.17466275	0.16956187	
469.8	0.17423544	0.16969817	
470	0.17392335	0.16983444	
470.2	0.17342239	0.1699707	
470.4	0.17391912	0.17010694	
470.6	0.17432719	0.17024316	
470.8	0.17503638	0.17037937	
471	0.17535031	0.17051555	
471.2	0.17590299	0.17065171	
471.4	0.17612879	0.17078786	
471.6	0.17674727	0.17092399	
471.8	0.17691996	0.17106009	
472	0.17742442	0.17119618	
472.2	0.17774136	0.17133225	
472.4	0.17818349	0.17146831	
472.6	0.17852066	0.17160434	
472.8	0.1791318	0.17174035	
473	0.1799345	0.17187635	
473.2	0.18039158	0.17201233	
473.4	0.18078955	0.17214828	
473.6	0.18057395	0.17228422	
473.8	0.18073714	0.17242014	
474	0.1805528	0.17255605	
474.2	0.18049652	0.17269193	
474.4	0.18042999	0.17282779	
474.6	0.18039035	0.17296364	
474.8	0.18025202	0.17309946	
475	0.18015729	0.17323527	
475.2	0.18018652	0.17337106	
475.4	0.18008022	0.17350683	
475.6	0.17981827	0.17364258	
475.8	0.17949953	0.17377832	
476	0.17933381	0.17391403	
476.2	0.17939136	0.17404973	
476.4	0.17969596	0.1741854	
476.6	0.1800959	0.17432106	
476.8	0.18013104	0.1744567	
477	0.18083703	0.17459232	
477.2	0.18139939	0.17472792	
477.4	0.18151613	0.17486351	
477.6	0.18129239	0.17499907	
477.8	0.18138341	0.17513462	
478	0.18138828	0.17527014	
478.2	0.18130763	0.17540565	
478.4	0.18129923	0.17554114	
478.6	0.18182273	0.17567661	
478.8	0.18216059	0.17581206	
479	0.18272029	0.1759475	
479.2	0.18320016	0.17608291	
479.4	0.18331915	0.17621831	
479.6	0.18333147	0.17635369	
479.8	0.18382245	0.17648904	
480	0.18382245	0.17662439	
480.2	0.18277974	0.17662439	
480.4	0.18184291	0.17662439	
480.6	0.18075048	0.17662439	
480.8	0.17977525	0.17662439	
481	0.17900952	0.17662439	
481.2	0.1785587	0.17662439	
481.4	0.17830566	0.17662439	
481.6	0.177805	0.17662439	
481.8	0.17797243	0.17662439	
482	0.17828135	0.17662439	
482.2	0.17929515	0.17662439	
482.4	0.17978558	0.17662439	
482.6	0.17983294	0.17662439	
482.8	0.18010205	0.17662439	
483	0.17977145	0.17662439	
483.2	0.18036712	0.17662439	
483.4	0.18038492	0.17662439	
483.6	0.18064359	0.17662439	
483.8	0.18103997	0.17662439	
484	0.18113962	0.17662439	
484.2	0.18064713	0.17662439	
484.4	0.18036188	0.17662439	
484.6	0.18011911	0.17662439	
484.8	0.1798385	0.17662439	
485	0.18004264	0.17662439	
485.2	0.17994587	0.17662439	
485.4	0.17968248	0.17662439	
485.6	0.17989183	0.17662439	
485.8	0.18016587	0.17662439	
486	0.18032848	0.17662439	
486.2	0.18056678	0.17662439	
486.4	0.17995008	0.17662439	
486.6	0.1792968	0.17662439	
486.8	0.17913559	0.17662439	
487	0.17867768	0.17662439	
487.2	0.17874181	0.17662439	
487.4	0.17904078	0.17662439	
487.6	0.17859428	0.17662439	
487.8	0.17852231	0.17662439	
488	0.17802241	0.17662439	
488.2	0.17761226	0.17662439	
488.4	0.17774929	0.17662439	
488.6	0.17775461	0.17662439	
488.8	0.17767085	0.17662439	
489	0.17762486	0.17662439	
489.2	0.17741679	0.17662439	
489.4	0.17724025	0.17662439	
489.6	0.17793767	0.17662439	
489.8	0.17716071	0.17662439	
490	0.17676123	0.17662439	
490.2	0.17671141	0.17662439	
490.4	0.17635163	0.17662439	
490.6	0.17623122	0.17662439	
490.8	0.17658886	0.17662439	
491	0.17631409	0.17662439	
491.2	0.17689955	0.17662439	
491.4	0.17750647	0.17662439	
491.6	0.17737331	0.17662439	
491.8	0.17755834	0.17662439	
492	0.17759565	0.17662439	
492.2	0.17785798	0.17662439	
492.4	0.17849391	0.17662439	
492.6	0.17845363	0.17662439	
492.8	0.17854517	0.17662439	
493	0.17838388	0.17662439	
493.2	0.17808924	0.17662439	
493.4	0.17775112	0.17662439	
493.6	0.17786086	0.17662439	
493.8	0.17732226	0.17662439	
494	0.17733563	0.17662439	
494.2	0.17741349	0.17662439	
494.4	0.17711883	0.17662439	
494.6	0.17676041	0.17662439	
494.8	0.17644049	0.17662439	
495	0.17590412	0.17662439	
495.2	0.1757791	0.17662439	
495.4	0.17546003	0.17662439	
495.6	0.17574173	0.17662439	
495.8	0.17564093	0.17662439	
496	0.17584151	0.17662439	
496.2	0.17628709	0.17662439	
496.4	0.17693776	0.17662439	
496.6	0.17689348	0.17662439	
496.8	0.1770005	0.17662439	
497	0.17714838	0.17662439	
497.2	0.17754187	0.17662439	
497.4	0.17845997	0.17662439	
497.6	0.17874082	0.17662439	
497.8	0.17893776	0.17662439	
498	0.17917123	0.17662439	
498.2	0.17902278	0.17662439	
498.4	0.1790989	0.17662439	
498.6	0.17894345	0.17662439	
498.8	0.17870879	0.17662439	
499	0.17874805	0.17662439	
499.2	0.17859936	0.17662439	
499.4	0.1781796	0.17662439	
499.6	0.17815504	0.17662439	
499.8	0.17780655	0.17662439	
500	0.17783616	0.17662439	
500.2	0.17773824	0.17662439	
500.4	0.17736315	0.17662439	
500.6	0.1769728	0.17662439	
500.8	0.17686196	0.17662439	
501	0.17676053	0.17662439	
501.2	0.17691077	0.17662439	
501.4	0.17713443	0.17662439	
501.6	0.17649769	0.17662439	
501.8	0.17627631	0.17662439	
502	0.17631854	0.17662439	
502.2	0.17642418	0.17662439	
502.4	0.1766452	0.17662439	
502.6	0.17678749	0.17662439	
502.8	0.17716494	0.17662439	
503	0.17758294	0.17662439	
503.2	0.17772194	0.17662439	
503.4	0.17750551	0.17662439	
503.6	0.178338	0.17662439	
503.8	0.17855405	0.17662439	
504	0.17889121	0.17662439	
504.2	0.17900684	0.17662439	
504.4	0.17880524	0.17662439	
504.6	0.17892985	0.17662439	
504.8	0.17837766	0.17662439	
505	0.17796834	0.17662439	
505.2	0.17798315	0.17662439	
505.4	0.17783143	0.17662439	
505.6	0.1771437	0.17662439	
505.8	0.1769901	0.17662439	
506	0.17677911	0.17662439	
506.2	0.17703516	0.17662439	
506.4	0.17692168	0.17662439	
506.6	0.1769662	0.17662439	
506.8	0.17708575	0.17662439	
507	0.17697249	0.17662439	
507.2	0.17710147	0.17662439	
507.4	0.17662222	0.17662439	
507.6	0.17688216	0.17662439	
507.8	0.17645609	0.17662439	
508	0.17663793	0.17662439	
508.2	0.17639198	0.17662439	
508.4	0.17630978	0.17662439	
508.6	0.17644629	0.17662439	
508.8	0.17627932	0.17662439	
509	0.17643074	0.17662439	
509.2	0.17675487	0.17662439	
509.4	0.17678603	0.17662439	
509.6	0.17687894	0.17662439	
509.8	0.17754381	0.17662439	
510	0.17752441	0.17662439	
510.2	0.17803598	0.17662439	
510.4	0.17814546	0.17662439	
510.6	0.17840341	0.17662439	
510.8	0.17869161	0.17662439	
511	0.17847566	0.17662439	
511.2	0.17827662	0.17662439	
511.4	0.17788486	0.17662439	
511.6	0.17818323	0.17662439	
511.8	0.17779607	0.17662439	
512	0.17733021	0.17662439	
512.2	0.17633452	0.17662439	
512.4	0.17623619	0.17662439	
512.6	0.17611863	0.17662439	
512.8	0.17552301	0.17662439	
513	0.17507284	0.17662439	
513.2	0.17504127	0.17662439	
513.4	0.1750554	0.17662439	
513.6	0.17513208	0.17662439	
513.8	0.17532126	0.17662439	
514	0.1750949	0.17662439	
514.2	0.1755235	0.17662439	
514.4	0.17590129	0.17662439	
514.6	0.17646718	0.17662439	
514.8	0.17691879	0.17662439	
515	0.176904	0.17662439	
515.2	0.17715877	0.17662439	
515.4	0.17779309	0.17662439	
515.6	0.17824832	0.17662439	
515.8	0.1780062	0.17662439	
516	0.17774338	0.17662439	
516.2	0.17737065	0.17662439	
516.4	0.17770408	0.17662439	
516.6	0.1777153	0.17662439	
516.8	0.17739344	0.17662439	
517	0.17752296	0.17662439	
517.2	0.17780132	0.17662439	
517.4	0.17777374	0.17662439	
517.6	0.17730521	0.17662439	
517.8	0.17704881	0.17662439	
518	0.17663616	0.17662439	
518.2	0.17642536	0.17662439	
518.4	0.17657284	0.17662439	
518.6	0.17633727	0.17662439	
518.8	0.17615808	0.17662439	
519	0.17593897	0.17662439	
519.2	0.17635678	0.17662439	
519.4	0.17668486	0.17662439	
519.6	0.17664224	0.17662439	
519.8	0.17606858	0.17662439	
520	0.17544557	0.17662439	
520.2	0.17481163	0.17662439	
520.4	0.17507107	0.17662439	
520.6	0.1754612	0.17662439	
520.8	0.17557943	0.17662439	
521	0.17565089	0.17662439	
521.2	0.17572301	0.17662439	
521.4	0.17604066	0.17662439	
521.6	0.17604723	0.17662439	
521.8	0.1761281	0.17662439	
522	0.17618096	0.17662439	
522.2	0.17683829	0.17662439	
522.4	0.17734259	0.17662439	
522.6	0.177528	0.17662439	
522.8	0.17795121	0.17662439	
523	0.17827036	0.17662439	
523.2	0.17889205	0.17662439	
523.4	0.17897632	0.17662439	
523.6	0.17864018	0.17662439	
523.8	0.17819787	0.17662439	
524	0.17823377	0.17662439	
524.2	0.17811342	0.17662439	
524.4	0.17881018	0.17662439	
524.6	0.17850775	0.17662439	
524.8	0.17790637	0.17662439	
525	0.17754794	0.17662439	
525.2	0.17710732	0.17662439	
525.4	0.17726713	0.17662439	
525.6	0.17658812	0.17662439	
525.8	0.17616453	0.17662439	
526	0.17591048	0.17662439	
526.2	0.17579438	0.17662439	
526.4	0.17574646	0.17662439	
526.6	0.17617276	0.17662439	
526.8	0.17569634	0.17662439	
527	0.17539339	0.17662439	
527.2	0.17524888	0.17662439	
527.4	0.17530568	0.17662439	
527.6	0.17508894	0.17662439	
527.8	0.17605418	0.17662439	
528	0.17610802	0.17662439	
528.2	0.17593691	0.17662439	
528.4	0.17623626	0.17662439	
528.6	0.17630671	0.17662439	
528.8	0.17649652	0.17662439	
529	0.17667995	0.17662439	
529.2	0.17719106	0.17662439	
529.4	0.17732568	0.17662439	
529.6	0.17697461	0.17662439	
529.8	0.17714689	0.17662439	
530	0.17710711	0.17662439	
530.2	0.17758853	0.17662439	
530.4	0.1780237	0.17662439	
530.6	0.17823367	0.17662439	
530.8	0.17750453	0.17662439	
531	0.17773364	0.17662439	
531.2	0.17761772	0.17662439	
531.4	0.17780633	0.17662439	
531.6	0.17753655	0.17662439	
531.8	0.17761011	0.17662439	
532	0.17689077	0.17662439	
532.2	0.17695251	0.17662439	
532.4	0.17770091	0.17662439	
532.6	0.17807518	0.17662439	
532.8	0.1776121	0.17662439	
533	0.17719173	0.17662439	
533.2	0.17719697	0.17662439	
533.4	0.17644552	0.17662439	
533.6	0.1758202	0.17662439	
533.8	0.17641581	0.17662439	
534	0.17651422	0.17662439	
534.2	0.17694361	0.17662439	
534.4	0.17673791	0.17662439	
534.6	0.17702238	0.17662439	
534.8	0.17694997	0.17662439	
535	0.17750969	0.17662439	
535.2	0.17751205	0.17662439	
535.4	0.1779849	0.17662439	
535.6	0.17797446	0.17662439	
535.8	0.17867283	0.17662439	
536	0.17838647	0.17662439	
536.2	0.1787148	0.17662439	
536.4	0.1792109	0.17662439	
536.6	0.17848388	0.17662439	
536.8	0.17782293	0.17662439	
537	0.17747969	0.17662439	
537.2	0.17755123	0.17662439	
537.4	0.17741095	0.17662439	
537.6	0.17760692	0.17662439	
537.8	0.17774253	0.17662439	
538	0.17735625	0.17662439	
538.2	0.17687204	0.17662439	
538.4	0.17637335	0.17662439	
538.6	0.17655842	0.17662439	
538.8	0.17673919	0.17662439	
539	0.17704142	0.17662439	
539.2	0.17697874	0.17662439	
539.4	0.17747027	0.17662439	
539.6	0.17734898	0.17662439	
539.8	0.17795773	0.17662439	
540	0.17726558	0.17662439	
540.2	0.17776674	0.17662439	
540.4	0.1781831	0.17662439	
540.6	0.17811893	0.17662439	
540.8	0.1785468	0.17662439	
541	0.17862938	0.17662439	
541.2	0.17872557	0.17662439	
541.4	0.17859097	0.17662439	
541.6	0.17837858	0.17662439	
541.8	0.17782836	0.17662439	
542	0.17733503	0.17662439	
542.2	0.17677954	0.17662439	
542.4	0.17655181	0.17662439	
542.6	0.17612322	0.17662439	
542.8	0.17556029	0.17662439	
543	0.17543949	0.17662439	
543.2	0.17551778	0.17662439	
543.4	0.17614407	0.17662439	
543.6	0.17614033	0.17662439	
543.8	0.17616825	0.17662439	
544	0.17602156	0.17662439	
544.2	0.17583037	0.17662439	
544.4	0.17648862	0.17662439	
544.6	0.17667948	0.17662439	
544.8	0.17698128	0.17662439	
545	0.17673489	0.17662439	
545.2	0.17678573	0.17662439	
545.4	0.17664342	0.17662439	
545.6	0.17647675	0.17662439	
545.8	0.17664828	0.17662439	
546	0.17622249	0.17662439	
546.2	0.17657052	0.17662439	
546.4	0.17676964	0.17662439	
546.6	0.17676207	0.17662439	
546.8	0.17679982	0.17662439	
547	0.17708301	0.17662439	
547.2	0.17658629	0.17662439	
547.4	0.17653632	0.17662439	
547.6	0.17659775	0.17662439	
547.8	0.1761294	0.17662439	
548	0.17628727	0.17662439	
548.2	0.1763778	0.17662439	
548.4	0.17652693	0.17662439	
548.6	0.17656926	0.17662439	
548.8	0.17653447	0.17662439	
549	0.17631604	0.17662439	
549.2	0.17627171	0.17662439	
549.4	0.17615651	0.17662439	
549.6	0.17595533	0.17662439	
549.8	0.17645686	0.17662439	
550	0.17595131	0.17662439	
550.2	0.17622818	0.17662439	
550.4	0.17617323	0.17662439	
550.6	0.17539929	0.17662439	
550.8	0.17507063	0.17662439	
551	0.17445842	0.17662439	
551.2	0.17440409	0.17662439	
551.4	0.17516552	0.17662439	
551.6	0.17516488	0.17662439	
551.8	0.17460871	0.17662439	
552	0.17550372	0.17662439	
552.2	0.17595956	0.17662439	
552.4	0.17608052	0.17662439	
552.6	0.17657101	0.17662439	
552.8	0.17735644	0.17662439	
553	0.17772261	0.17662439	
553.2	0.17797772	0.17662439	
553.4	0.17806034	0.17662439	
553.6	0.17775028	0.17662439	
553.8	0.1780597	0.17662439	
554	0.17787878	0.17662439	
554.2	0.17768845	0.17662439	
554.4	0.17663715	0.17662439	
554.6	0.17587116	0.17662439	
554.8	0.17576003	0.17662439	
555	0.17496628	0.17662439	
555.2	0.17533243	0.17662439	
555.4	0.17499041	0.17662439	
555.6	0.17427608	0.17662439	
555.8	0.17412009	0.17662439	
556	0.17477456	0.17662439	
556.2	0.17469607	0.17662439	
556.4	0.17545761	0.17662439	
556.6	0.17566404	0.17662439	
556.8	0.17647239	0.17662439	
557	0.17627122	0.17662439	
557.2	0.17639377	0.17662439	
557.4	0.17624539	0.17662439	
557.6	0.17658993	0.17662439	
557.8	0.17692045	0.17662439	
558	0.17687978	0.17662439	
558.2	0.17608107	0.17662439	
558.4	0.17582097	0.17662439	
558.6	0.17548827	0.17662439	
558.8	0.17522773	0.17662439	
559	0.17496549	0.17662439	
559.2	0.17539112	0.17662439	
559.4	0.17535269	0.17662439	
559.6	0.17518554	0.17662439	
559.8	0.17543411	0.17662439	
560	0.17559443	0.17662439	
560.2	0.17582582	0.17662439	
560.4	0.17627324	0.17662439	
560.6	0.17667036	0.17662439	
560.8	0.17690142	0.17662439	
561	0.17725296	0.17662439	
561.2	0.17700193	0.17662439	
561.4	0.1772512	0.17662439	
561.6	0.1779009	0.17662439	
561.8	0.17810911	0.17662439	
562	0.17811739	0.17662439	
562.2	0.17809529	0.17662439	
562.4	0.17776925	0.17662439	
562.6	0.1774173	0.17662439	
562.8	0.17766862	0.17662439	
563	0.17743664	0.17662439	
563.2	0.17720082	0.17662439	
563.4	0.17676984	0.17662439	
563.6	0.1765271	0.17662439	
563.8	0.17576631	0.17662439	
564	0.17519698	0.17662439	
564.2	0.17529982	0.17662439	
564.4	0.17509149	0.17662439	
564.6	0.17504806	0.17662439	
564.8	0.17464282	0.17662439	
565	0.17438222	0.17662439	
565.2	0.17396328	0.17662439	
565.4	0.17477773	0.17662439	
565.6	0.1750601	0.17662439	
565.8	0.17495511	0.17662439	
566	0.17501143	0.17662439	
566.2	0.17533615	0.17662439	
566.4	0.175482	0.17662439	
566.6	0.17605393	0.17662439	
566.8	0.1760047	0.17662439	
567	0.1758788	0.17662439	
567.2	0.17573166	0.17662439	
567.4	0.17620681	0.17662439	
567.6	0.17657989	0.17662439	
567.8	0.17669305	0.17662439	
568	0.17694881	0.17662439	
568.2	0.17699474	0.17662439	
568.4	0.17699145	0.17662439	
568.6	0.17675196	0.17662439	
568.8	0.17680762	0.17662439	
569	0.17680996	0.17662439	
569.2	0.17711596	0.17662439	
569.4	0.17739286	0.17662439	
569.6	0.17711123	0.17662439	
569.8	0.17733931	0.17662439	
570	0.17749565	0.17662439	
570.2	0.17727985	0.17662439	
570.4	0.17727977	0.17662439	
570.6	0.17713769	0.17662439	
570.8	0.17698987	0.17662439	
571	0.17741102	0.17662439	
571.2	0.177531	0.17662439	
571.4	0.17755099	0.17662439	
571.6	0.17729598	0.17662439	
571.8	0.17750434	0.17662439	
572	0.17715627	0.17662439	
572.2	0.17714156	0.17662439	
572.4	0.17709979	0.17662439	
572.6	0.1766542	0.17662439	
572.8	0.17660405	0.17662439	
573	0.17612481	0.17662439	
573.2	0.17570799	0.17662439	
573.4	0.17608069	0.17662439	
573.6	0.1762251	0.17662439	
573.8	0.17646928	0.17662439	
574	0.17571553	0.17662439	
574.2	0.17524328	0.17662439	
574.4	0.17547118	0.17662439	
574.6	0.17528888	0.17662439	
574.8	0.17572297	0.17662439	
575	0.17596855	0.17662439	
575.2	0.17612304	0.17662439	
575.4	0.17571313	0.17662439	
575.6	0.17554915	0.17662439	
575.8	0.17588232	0.17662439	
576	0.17598168	0.17662439	
576.2	0.17576233	0.17662439	
576.4	0.17550786	0.17662439	
576.6	0.17535911	0.17662439	
576.8	0.1751096	0.17662439	
577	0.17489387	0.17662439	
577.2	0.17533388	0.17662439	
577.4	0.17608539	0.17662439	
577.6	0.17581262	0.17662439	
577.8	0.17580315	0.17662439	
578	0.17543735	0.17662439	
578.2	0.17571723	0.17662439	
578.4	0.17640142	0.17662439	
578.6	0.17665278	0.17662439	
578.8	0.17706414	0.17662439	
579	0.17715941	0.17662439	
579.2	0.17747064	0.17662439	
579.4	0.17736355	0.17662439	
579.6	0.17707008	0.17662439	
579.8	0.17722197	0.17662439	
580	0.17718406	0.17662439	
580.2	0.17740182	0.17662439	
580.4	0.17709087	0.17662439	
580.6	0.17685844	0.17662439	
580.8	0.17635444	0.17662439	
581	0.17615155	0.17662439	
581.2	0.1759977	0.17662439	
581.4	0.17551984	0.17662439	
581.6	0.17526152	0.17662439	
581.8	0.17559101	0.17662439	
582	0.17530277	0.17662439	
582.2	0.1755467	0.17662439	
582.4	0.17610081	0.17662439	
582.6	0.17620024	0.17662439	
582.8	0.17568818	0.17662439	
583	0.17600659	0.17662439	
583.2	0.1760187	0.17662439	
583.4	0.17607173	0.17662439	
583.6	0.17585635	0.17662439	
583.8	0.17606037	0.17662439	
584	0.17631259	0.17662439	
584.2	0.17667531	0.17662439	
584.4	0.1768714	0.17662439	
584.6	0.17706906	0.17662439	
584.8	0.17675693	0.17662439	
585	0.17666501	0.17662439	
585.2	0.17676843	0.17662439	
585.4	0.17708232	0.17662439	
585.6	0.1778116	0.17662439	
585.8	0.17851905	0.17662439	
586	0.17854492	0.17662439	
586.2	0.17880092	0.17662439	
586.4	0.17918064	0.17662439	
586.6	0.17861406	0.17662439	
586.8	0.17821014	0.17662439	
587	0.17823906	0.17662439	
587.2	0.17781232	0.17662439	
587.4	0.1774264	0.17662439	
587.6	0.17709939	0.17662439	
587.8	0.17616585	0.17662439	
588	0.17559843	0.17662439	
588.2	0.17551373	0.17662439	
588.4	0.17545546	0.17662439	
588.6	0.17496857	0.17662439	
588.8	0.17431512	0.17662439	
589	0.17408476	0.17662439	
589.2	0.1743231	0.17662439	
589.4	0.17470195	0.17662439	
589.6	0.17460818	0.17662439	
589.8	0.17457762	0.17662439	
590	0.17397178	0.17662439	
590.2	0.17398145	0.17662439	
590.4	0.17437951	0.17662439	
590.6	0.17415718	0.17662439	
590.8	0.17421658	0.17662439	
591	0.17429163	0.17662439	
591.2	0.17470402	0.17662439	
591.4	0.17499375	0.17662439	
591.6	0.17516001	0.17662439	
591.8	0.1746333	0.17662439	
592	0.17491127	0.17662439	
592.2	0.17515608	0.17662439	
592.4	0.17573504	0.17662439	
592.6	0.17611988	0.17662439	
592.8	0.17581881	0.17662439	
593	0.17636171	0.17662439	
593.2	0.17636539	0.17662439	
593.4	0.17634484	0.17662439	
593.6	0.17632635	0.17662439	
593.8	0.17610935	0.17662439	
594	0.1760256	0.17662439	
594.2	0.17588492	0.17662439	
594.4	0.17599085	0.17662439	
594.6	0.17524314	0.17662439	
594.8	0.17496283	0.17662439	
595	0.17510874	0.17662439	
595.2	0.17509447	0.17662439	
595.4	0.17483447	0.17662439	
595.6	0.17399436	0.17662439	
595.8	0.1740916	0.17662439	
596	0.17408704	0.17662439	
596.2	0.17403739	0.17662439	
596.4	0.17444138	0.17662439	
596.6	0.17470647	0.17662439	
596.8	0.1749539	0.17662439	
597	0.1759669	0.17662439	
597.2	0.17556502	0.17662439	
597.4	0.17622983	0.17662439	
597.6	0.17655666	0.17662439	
597.8	0.17638539	0.17662439	
598	0.17648045	0.17662439	
598.2	0.17617813	0.17662439	
598.4	0.1762573	0.17662439	
598.6	0.17571189	0.17662439	
598.8	0.17561655	0.17662439	
599	0.17537063	0.17662439	
599.2	0.17502906	0.17662439	
599.4	0.17469515	0.17662439	
599.6	0.17430947	0.17662439	
599.8	0.17461243	0.17662439	
