Conc1	3.33E-08	
Start1	240	
Stop1	599.8	
Kobs	2.14939956600862E-49	
Error Kobs	3.2807550327554E-05	
Koff	0	
Error Koff	0	
Time1	Data1	Fit1	
240	0.00110242	0	
240.2	0.0009117	0.00004156	
240.4	0.00098644	0.00008312	
240.6	0.0010688	0.00012468	
240.8	0.00129874	0.00016623	
241	0.00153385	0.00020778	
241.2	0.00173212	0.00024933	
241.4	0.00204169	0.00029088	
241.6	0.00229689	0.00033243	
241.8	0.00223377	0.00037398	
242	0.0021386	0.00041552	
242.2	0.00236076	0.00045706	
242.4	0.0017146	0.0004986	
242.6	0.00168103	0.00054014	
242.8	0.00102874	0.00058167	
243	0.00077257	0.00062321	
243.2	0.00097628	0.00066474	
243.4	0.00079696	0.00070627	
243.6	-0.00001266	0.0007478	
243.8	0.00006834	0.00078932	
244	0.00007	0.00083085	
244.2	-0.00072723	0.00087237	
244.4	-0.00069201	0.00091389	
244.6	-0.00101734	0.00095541	
244.8	-0.00088531	0.00099693	
245	-0.00127831	0.00103844	
245.2	-0.00121861	0.00107995	
245.4	-0.00118248	0.00112146	
245.6	-0.00107517	0.00116297	
245.8	-0.00139339	0.00120448	
246	-0.00126675	0.00124598	
246.2	-0.00111635	0.00128749	
246.4	-0.00151482	0.00132899	
246.6	-0.0016101	0.00137049	
246.8	-0.0020051	0.00141199	
247	-0.00191168	0.00145348	
247.2	-0.00143118	0.00149498	
247.4	-0.00156876	0.00153647	
247.6	-0.0018048	0.00157796	
247.8	-0.0020527	0.00161945	
248	-0.00236599	0.00166093	
248.2	-0.00252754	0.00170242	
248.4	-0.00192768	0.0017439	
248.6	-0.00235386	0.00178538	
248.8	-0.00218527	0.00182686	
249	-0.00238745	0.00186833	
249.2	-0.00245195	0.00190981	
249.4	-0.00255641	0.00195128	
249.6	-0.00271152	0.00199275	
249.8	-0.00297615	0.00203422	
250	-0.00243348	0.00207569	
250.2	-0.00281617	0.00211715	
250.4	-0.00316374	0.00215862	
250.6	-0.00437396	0.00220008	
250.8	-0.0052815	0.00224154	
251	-0.00565239	0.00228299	
251.2	-0.00547166	0.00232445	
251.4	-0.0058948	0.0023659	
251.6	-0.0057426	0.00240735	
251.8	-0.00551629	0.0024488	
252	-0.00478338	0.00249025	
252.2	-0.00378098	0.0025317	
252.4	-0.00304518	0.00257314	
252.6	-0.00340126	0.00261458	
252.8	-0.00273204	0.00265603	
253	-0.00221763	0.00269746	
253.2	-0.00234054	0.0027389	
253.4	-0.00189514	0.00278033	
253.6	-0.00209905	0.00282177	
253.8	-0.00180154	0.0028632	
254	-0.00142684	0.00290463	
254.2	-0.00198456	0.00294605	
254.4	-0.00235354	0.00298748	
254.6	-0.00318867	0.0030289	
254.8	-0.00321633	0.00307032	
255	-0.00290734	0.00311174	
255.2	-0.00302922	0.00315316	
255.4	-0.00321041	0.00319458	
255.6	-0.00295925	0.00323599	
255.8	-0.00329858	0.0032774	
256	-0.00330995	0.00331881	
256.2	-0.00403102	0.00336022	
256.4	-0.00456878	0.00340163	
256.6	-0.00528723	0.00344303	
256.8	-0.00535088	0.00348443	
257	-0.0055421	0.00352583	
257.2	-0.00602615	0.00356723	
257.4	-0.00539958	0.00360863	
257.6	-0.00553551	0.00365002	
257.8	-0.00526103	0.00369141	
258	-0.0048374	0.00373281	
258.2	-0.00412636	0.00377419	
258.4	-0.00305417	0.00381558	
258.6	-0.00202565	0.00385697	
258.8	-0.00131799	0.00389835	
259	-0.00105559	0.00393973	
259.2	-0.00097042	0.00398111	
259.4	-0.00053692	0.00402249	
259.6	-0.00073053	0.00406386	
259.8	-0.00106295	0.00410524	
260	-0.00155074	0.00414661	
260.2	-0.00237001	0.00418798	
260.4	-0.0025661	0.00422935	
260.6	-0.00292548	0.00427071	
260.8	-0.0033189	0.00431208	
261	-0.00367203	0.00435344	
261.2	-0.00387429	0.0043948	
261.4	-0.00386055	0.00443616	
261.6	-0.00416343	0.00447751	
261.8	-0.00460603	0.00451887	
262	-0.00431223	0.00456022	
262.2	-0.00382603	0.00460157	
262.4	-0.00333569	0.00464292	
262.6	-0.00329641	0.00468427	
262.8	-0.00380439	0.00472561	
263	-0.00396121	0.00476696	
263.2	-0.00365677	0.0048083	
263.4	-0.00339816	0.00484964	
263.6	-0.00326701	0.00489098	
263.8	-0.00315241	0.00493231	
264	-0.00310947	0.00497364	
264.2	-0.00283805	0.00501498	
264.4	-0.00223353	0.00505631	
264.6	-0.00229327	0.00509763	
264.8	-0.00214966	0.00513896	
265	-0.00194658	0.00518029	
265.2	-0.0018129	0.00522161	
265.4	-0.00224897	0.00526293	
265.6	-0.0020344	0.00530425	
265.8	-0.00224113	0.00534556	
266	-0.0019892	0.00538688	
266.2	-0.00161907	0.00542819	
266.4	-0.00200772	0.0054695	
266.6	-0.00203553	0.00551081	
266.8	-0.00226936	0.00555212	
267	-0.00176866	0.00559342	
267.2	-0.00146991	0.00563473	
267.4	-0.00116515	0.00567603	
267.6	-0.00081787	0.00571733	
267.8	-0.00095765	0.00575863	
268	-0.00082655	0.00579992	
268.2	-0.00068007	0.00584122	
268.4	-0.00050042	0.00588251	
268.6	-0.00078817	0.0059238	
268.8	-0.00063837	0.00596509	
269	-0.00092887	0.00600637	
269.2	-0.00142314	0.00604766	
269.4	-0.00212968	0.00608894	
269.6	-0.00202594	0.00613022	
269.8	-0.0020028	0.0061715	
270	-0.00198668	0.00621277	
270.2	-0.00190623	0.00625405	
270.4	-0.00219069	0.00629532	
270.6	-0.00179756	0.00633659	
270.8	-0.0017337	0.00637786	
271	-0.00161851	0.00641913	
271.2	-0.00140079	0.0064604	
271.4	-0.00139618	0.00650166	
271.6	-0.000906	0.00654292	
271.8	-0.00134089	0.00658418	
272	-0.00118384	0.00662544	
272.2	-0.00104968	0.00666669	
272.4	-0.00092297	0.00670795	
272.6	-0.00108641	0.0067492	
272.8	-0.00093484	0.00679045	
273	-0.00101317	0.0068317	
273.2	-0.00152221	0.00687295	
273.4	-0.00170186	0.00691419	
273.6	-0.00168578	0.00695543	
273.8	-0.00189026	0.00699667	
274	-0.00178087	0.00703791	
274.2	-0.00232419	0.00707915	
274.4	-0.00225781	0.00712038	
274.6	-0.00243493	0.00716162	
274.8	-0.00210317	0.00720285	
275	-0.00224987	0.00724408	
275.2	-0.00195183	0.00728531	
275.4	-0.00198021	0.00732653	
275.6	-0.00155515	0.00736775	
275.8	-0.00135512	0.00740898	
276	-0.000883	0.0074502	
276.2	-0.00104041	0.00749141	
276.4	-0.00097715	0.00753263	
276.6	-0.00113935	0.00757384	
276.8	-0.00126054	0.00761506	
277	-0.00141792	0.00765627	
277.2	-0.0016381	0.00769748	
277.4	-0.00144741	0.00773868	
277.6	-0.00127299	0.00777989	
277.8	-0.00105226	0.00782109	
278	-0.00058015	0.00786229	
278.2	-0.00079629	0.00790349	
278.4	-0.00035994	0.00794469	
278.6	0.00019053	0.00798588	
278.8	0.00045528	0.00802708	
279	0.00070149	0.00806827	
279.2	0.00116688	0.00810946	
279.4	0.00146599	0.00815064	
279.6	0.00162875	0.00819183	
279.8	0.00219297	0.00823301	
280	0.00185312	0.0082742	
280.2	0.00224986	0.00831538	
280.4	0.00253692	0.00835655	
280.6	0.00264479	0.00839773	
280.8	0.00253919	0.00843891	
281	0.00236272	0.00848008	
281.2	0.00226345	0.00852125	
281.4	0.0020737	0.00856242	
281.6	0.00232725	0.00860358	
281.8	0.00239423	0.00864475	
282	0.00201226	0.00868591	
282.2	0.00171922	0.00872707	
282.4	0.0015654	0.00876823	
282.6	0.0017352	0.00880939	
282.8	0.00150331	0.00885055	
283	0.00192213	0.0088917	
283.2	0.00158788	0.00893285	
283.4	0.00161672	0.008974	
283.6	0.00104975	0.00901515	
283.8	0.00098103	0.00905629	
284	0.00072644	0.00909744	
284.2	0.00126242	0.00913858	
284.4	0.00127925	0.00917972	
284.6	0.00117501	0.00922086	
284.8	0.00086616	0.009262	
285	0.00100494	0.00930313	
285.2	0.00111434	0.00934426	
285.4	0.00102762	0.0093854	
285.6	0.00148751	0.00942652	
285.8	0.00118129	0.00946765	
286	0.0012474	0.00950878	
286.2	0.00163144	0.0095499	
286.4	0.00168492	0.00959102	
286.6	0.00229166	0.00963214	
286.8	0.00262752	0.00967326	
287	0.0028441	0.00971437	
287.2	0.00286142	0.00975549	
287.4	0.00290611	0.0097966	
287.6	0.0020077	0.00983771	
287.8	0.00174272	0.00987882	
288	0.00149383	0.00991993	
288.2	0.00170487	0.00996103	
288.4	0.0016316	0.01000213	
288.6	0.00149779	0.01004323	
288.8	0.00158416	0.01008433	
289	0.00150804	0.01012543	
289.2	0.0013228	0.01016652	
289.4	0.00113389	0.01020762	
289.6	0.00109221	0.01024871	
289.8	0.00094403	0.0102898	
290	0.00137734	0.01033088	
290.2	0.00146663	0.01037197	
290.4	0.00146122	0.01041305	
290.6	0.00137419	0.01045414	
290.8	0.00163762	0.01049522	
291	0.0016667	0.01053629	
291.2	0.00216303	0.01057737	
291.4	0.00223998	0.01061844	
291.6	0.00212179	0.01065952	
291.8	0.00227334	0.01070059	
292	0.00218836	0.01074166	
292.2	0.00268783	0.01078272	
292.4	0.00271776	0.01082379	
292.6	0.0030679	0.01086485	
292.8	0.00303212	0.01090591	
293	0.00276553	0.01094697	
293.2	0.00313984	0.01098803	
293.4	0.00297862	0.01102908	
293.6	0.00311156	0.01107014	
293.8	0.00298423	0.01111119	
294	0.00305508	0.01115224	
294.2	0.00261142	0.01119329	
294.4	0.00256153	0.01123433	
294.6	0.00193807	0.01127538	
294.8	0.00243486	0.01131642	
295	0.00235045	0.01135746	
295.2	0.00251631	0.0113985	
295.4	0.00259099	0.01143953	
295.6	0.00277285	0.01148057	
295.8	0.00311877	0.0115216	
296	0.00328306	0.01156263	
296.2	0.0036834	0.01160366	
296.4	0.00370106	0.01164469	
296.6	0.0044032	0.01168571	
296.8	0.00455388	0.01172673	
297	0.00468525	0.01176776	
297.2	0.00491662	0.01180878	
297.4	0.00472509	0.01184979	
297.6	0.00484447	0.01189081	
297.8	0.00456938	0.01193182	
298	0.00475312	0.01197283	
298.2	0.00393436	0.01201384	
298.4	0.00380766	0.01205485	
298.6	0.00343209	0.01209586	
298.8	0.00343434	0.01213686	
299	0.00307254	0.01217787	
299.2	0.00277064	0.01221887	
299.4	0.00302691	0.01225987	
299.6	0.00296968	0.01230086	
299.8	0.00314772	0.01234186	
300	0.00285777	0.01238285	
300.2	0.00247078	0.01242384	
300.4	0.00264257	0.01246483	
300.6	0.00324026	0.01250582	
300.8	0.00301679	0.0125468	
301	0.00260261	0.01258779	
301.2	0.00255994	0.01262877	
301.4	0.00235802	0.01266975	
301.6	0.00256712	0.01271073	
301.8	0.00288489	0.0127517	
302	0.0031573	0.01279268	
302.2	0.00311618	0.01283365	
302.4	0.00350107	0.01287462	
302.6	0.00382936	0.01291559	
302.8	0.00355945	0.01295656	
303	0.00346516	0.01299752	
303.2	0.00342647	0.01303848	
303.4	0.00398072	0.01307945	
303.6	0.00419545	0.0131204	
303.8	0.00476751	0.01316136	
304	0.00464749	0.01320232	
304.2	0.00508296	0.01324327	
304.4	0.00588004	0.01328422	
304.6	0.0059763	0.01332517	
304.8	0.00569263	0.01336612	
305	0.00521658	0.01340707	
305.2	0.00555975	0.01344801	
305.4	0.00525326	0.01348895	
305.6	0.00569359	0.01352989	
305.8	0.00568354	0.01357083	
306	0.00575623	0.01361177	
306.2	0.00520548	0.0136527	
306.4	0.00490377	0.01369364	
306.6	0.00443468	0.01373457	
306.8	0.00416605	0.0137755	
307	0.00448827	0.01381642	
307.2	0.00465004	0.01385735	
307.4	0.00466024	0.01389827	
307.6	0.00485088	0.01393919	
307.8	0.00489722	0.01398011	
308	0.00518733	0.01402103	
308.2	0.00579796	0.01406195	
308.4	0.00617569	0.01410286	
308.6	0.00588525	0.01414377	
308.8	0.00609291	0.01418468	
309	0.00640308	0.01422559	
309.2	0.00656036	0.0142665	
309.4	0.00634811	0.0143074	
309.6	0.00697944	0.01434831	
309.8	0.00692321	0.01438921	
310	0.00732157	0.01443011	
310.2	0.00683032	0.014471	
310.4	0.00710091	0.0145119	
310.6	0.00729668	0.01455279	
310.8	0.00746875	0.01459368	
311	0.00750265	0.01463457	
311.2	0.00698308	0.01467546	
311.4	0.006604	0.01471635	
311.6	0.00692657	0.01475723	
311.8	0.00679044	0.01479811	
312	0.00717552	0.01483899	
312.2	0.00719613	0.01487987	
312.4	0.00735378	0.01492075	
312.6	0.00704623	0.01496162	
312.8	0.00724438	0.01500249	
313	0.00746157	0.01504336	
313.2	0.00746773	0.01508423	
313.4	0.007695	0.0151251	
313.6	0.00832305	0.01516597	
313.8	0.00772154	0.01520683	
314	0.00791631	0.01524769	
314.2	0.00772868	0.01528855	
314.4	0.00800909	0.01532941	
314.6	0.007849	0.01537026	
314.8	0.00798007	0.01541112	
315	0.0084623	0.01545197	
315.2	0.00837318	0.01549282	
315.4	0.00830637	0.01553367	
315.6	0.00869188	0.01557451	
315.8	0.00873602	0.01561536	
316	0.00912621	0.0156562	
316.2	0.00937222	0.01569704	
316.4	0.00891415	0.01573788	
316.6	0.0089441	0.01577872	
316.8	0.00917947	0.01581955	
317	0.00953026	0.01586039	
317.2	0.00941079	0.01590122	
317.4	0.00890036	0.01594205	
317.6	0.00878689	0.01598287	
317.8	0.00830216	0.0160237	
318	0.00857609	0.01606452	
318.2	0.00851374	0.01610535	
318.4	0.00856587	0.01614617	
318.6	0.00869299	0.01618698	
318.8	0.00917508	0.0162278	
319	0.00947832	0.01626861	
319.2	0.00920907	0.01630943	
319.4	0.00950733	0.01635024	
319.6	0.00970638	0.01639105	
319.8	0.00930981	0.01643185	
320	0.00965026	0.01647266	
320.2	0.00953975	0.01651346	
320.4	0.00900364	0.01655426	
320.6	0.00946869	0.01659506	
320.8	0.00985751	0.01663586	
321	0.00987666	0.01667666	
321.2	0.0096162	0.01671745	
321.4	0.00915491	0.01675824	
321.6	0.00932377	0.01679903	
321.8	0.00938756	0.01683982	
322	0.00945371	0.01688061	
322.2	0.00936662	0.01692139	
322.4	0.00964183	0.01696217	
322.6	0.00941879	0.01700295	
322.8	0.00914199	0.01704373	
323	0.00885824	0.01708451	
323.2	0.00866763	0.01712528	
323.4	0.0085067	0.01716606	
323.6	0.00816136	0.01720683	
323.8	0.008252	0.0172476	
324	0.00852318	0.01728837	
324.2	0.00887209	0.01732913	
324.4	0.00912009	0.0173699	
324.6	0.01019085	0.01741066	
324.8	0.01085079	0.01745142	
325	0.0110717	0.01749218	
325.2	0.01145928	0.01753293	
325.4	0.01182867	0.01757369	
325.6	0.01181944	0.01761444	
325.8	0.01154609	0.01765519	
326	0.01190802	0.01769594	
326.2	0.01194146	0.01773669	
326.4	0.0117341	0.01777743	
326.6	0.01080357	0.01781817	
326.8	0.01048238	0.01785892	
327	0.01021644	0.01789965	
327.2	0.01022084	0.01794039	
327.4	0.00972464	0.01798113	
327.6	0.00991214	0.01802186	
327.8	0.01018703	0.01806259	
328	0.01040148	0.01810332	
328.2	0.01134705	0.01814405	
328.4	0.01163026	0.01818478	
328.6	0.01201921	0.0182255	
328.8	0.0119597	0.01826623	
329	0.01241119	0.01830695	
329.2	0.01275244	0.01834767	
329.4	0.01315526	0.01838838	
329.6	0.01253124	0.0184291	
329.8	0.01247311	0.01846981	
330	0.01301853	0.01851052	
330.2	0.01281756	0.01855123	
330.4	0.011945	0.01859194	
330.6	0.01114313	0.01863265	
330.8	0.011122	0.01867335	
331	0.01082081	0.01871405	
331.2	0.01033465	0.01875475	
331.4	0.00972368	0.01879545	
331.6	0.01064916	0.01883615	
331.8	0.01079	0.01887684	
332	0.01096089	0.01891753	
332.2	0.0112361	0.01895822	
332.4	0.01086271	0.01899891	
332.6	0.01084685	0.0190396	
332.8	0.01101408	0.01908028	
333	0.01152236	0.01912097	
333.2	0.01190016	0.01916165	
333.4	0.01235163	0.01920233	
333.6	0.01218529	0.01924301	
333.8	0.01267704	0.01928368	
334	0.01300889	0.01932436	
334.2	0.01316514	0.01936503	
334.4	0.01239144	0.0194057	
334.6	0.01222343	0.01944637	
334.8	0.01250652	0.01948703	
335	0.01199612	0.0195277	
335.2	0.01169881	0.01956836	
335.4	0.01195291	0.01960902	
335.6	0.01245639	0.01964968	
335.8	0.01213399	0.01969034	
336	0.01189254	0.01973099	
336.2	0.0114496	0.01977165	
336.4	0.01146713	0.0198123	
336.6	0.01150852	0.01985295	
336.8	0.01202445	0.0198936	
337	0.01279232	0.01993424	
337.2	0.01341682	0.01997489	
337.4	0.01332678	0.02001553	
337.6	0.01312478	0.02005617	
337.8	0.01370244	0.02009681	
338	0.0137842	0.02013744	
338.2	0.01359161	0.02017808	
338.4	0.01297714	0.02021871	
338.6	0.01289268	0.02025934	
338.8	0.01267581	0.02029997	
339	0.01271267	0.0203406	
339.2	0.01254732	0.02038122	
339.4	0.01300364	0.02042185	
339.6	0.01250461	0.02046247	
339.8	0.012687	0.02050309	
340	0.01257356	0.02054371	
340.2	0.01266224	0.02058432	
340.4	0.01342526	0.02062494	
340.6	0.01361316	0.02066555	
340.8	0.01434217	0.02070616	
341	0.01478895	0.02074677	
341.2	0.01460861	0.02078737	
341.4	0.01433429	0.02082798	
341.6	0.01482632	0.02086858	
341.8	0.01535044	0.02090918	
342	0.01483621	0.02094978	
342.2	0.01423147	0.02099038	
342.4	0.01424361	0.02103098	
342.6	0.01421545	0.02107157	
342.8	0.01431809	0.02111216	
343	0.01465896	0.02115275	
343.2	0.01450036	0.02119334	
343.4	0.01477182	0.02123392	
343.6	0.01463011	0.02127451	
343.8	0.01553864	0.02131509	
344	0.01589642	0.02135567	
344.2	0.01635356	0.02139625	
344.4	0.01657586	0.02143683	
344.6	0.0165351	0.0214774	
344.8	0.01676413	0.02151798	
345	0.01659473	0.02155855	
345.2	0.01583256	0.02159912	
345.4	0.01559542	0.02163968	
345.6	0.01532234	0.02168025	
345.8	0.01441191	0.02172081	
346	0.01348027	0.02176138	
346.2	0.01304308	0.02180194	
346.4	0.01257245	0.02184249	
346.6	0.01267939	0.02188305	
346.8	0.01227805	0.0219236	
347	0.01249644	0.02196416	
347.2	0.01263745	0.02200471	
347.4	0.01292706	0.02204526	
347.6	0.01333234	0.0220858	
347.8	0.01409567	0.02212635	
348	0.01453901	0.02216689	
348.2	0.01547695	0.02220743	
348.4	0.01593408	0.02224797	
348.6	0.01663829	0.02228851	
348.8	0.0170179	0.02232905	
349	0.01728413	0.02236958	
349.2	0.01753591	0.02241011	
349.4	0.01754306	0.02245064	
349.6	0.01685676	0.02249117	
349.8	0.01681314	0.0225317	
350	0.01661122	0.02257222	
350.2	0.01664602	0.02261274	
350.4	0.01615577	0.02265327	
350.6	0.01581771	0.02269378	
350.8	0.01520506	0.0227343	
351	0.01518332	0.02277482	
351.2	0.01474475	0.02281533	
351.4	0.01498651	0.02285584	
351.6	0.01526838	0.02289635	
351.8	0.01593546	0.02293686	
352	0.01648101	0.02297737	
352.2	0.01681627	0.02301787	
352.4	0.01657241	0.02305837	
352.6	0.01749991	0.02309887	
352.8	0.01781785	0.02313937	
353	0.01814523	0.02317987	
353.2	0.01806674	0.02322036	
353.4	0.01731942	0.02326086	
353.6	0.01737137	0.02330135	
353.8	0.01761708	0.02334184	
354	0.01719607	0.02338232	
354.2	0.016882	0.02342281	
354.4	0.01647814	0.02346329	
354.6	0.01626446	0.02350377	
354.8	0.01618113	0.02354425	
355	0.01615429	0.02358473	
355.2	0.01671532	0.02362521	
355.4	0.01714551	0.02366568	
355.6	0.01765943	0.02370616	
355.8	0.01759067	0.02374663	
356	0.01793592	0.0237871	
356.2	0.01777255	0.02382756	
356.4	0.01808132	0.02386803	
356.6	0.01944946	0.02390849	
356.8	0.01887044	0.02394895	
357	0.01824807	0.02398941	
357.2	0.01803311	0.02402987	
357.4	0.01791969	0.02407032	
357.6	0.01763421	0.02411078	
357.8	0.01742261	0.02415123	
358	0.0175315	0.02419168	
358.2	0.01752563	0.02423213	
358.4	0.01827589	0.02427258	
358.6	0.01825502	0.02431302	
358.8	0.01813947	0.02435346	
359	0.01906871	0.0243939	
359.2	0.01938383	0.02443434	
359.4	0.01900977	0.02447478	
359.6	0.01938428	0.02451522	
359.8	0.01907658	0.02455565	
360	0.01935169	0.02459608	
360.2	0.01925868	0.02463651	
360.4	0.01929675	0.02467694	
360.6	0.01943583	0.02471736	
360.8	0.01836003	0.02475779	
361	0.0180452	0.02479821	
361.2	0.01819072	0.02483863	
361.4	0.0183225	0.02487905	
361.6	0.01819559	0.02491947	
361.8	0.01863101	0.02495988	
362	0.01843722	0.02500029	
362.2	0.01873811	0.0250407	
362.4	0.01920477	0.02508111	
362.6	0.01943646	0.02512152	
362.8	0.01990376	0.02516193	
363	0.02054013	0.02520233	
363.2	0.02016372	0.02524273	
363.4	0.02004875	0.02528313	
363.6	0.02025179	0.02532353	
363.8	0.01977173	0.02536393	
364	0.02030714	0.02540432	
364.2	0.02102911	0.02544471	
364.4	0.02102305	0.0254851	
364.6	0.02138344	0.02552549	
364.8	0.02126061	0.02556588	
365	0.02082608	0.02560627	
365.2	0.02094714	0.02564665	
365.4	0.02090994	0.02568703	
365.6	0.02044968	0.02572741	
365.8	0.02005608	0.02576779	
366	0.01975684	0.02580816	
366.2	0.02010412	0.02584854	
366.4	0.02028884	0.02588891	
366.6	0.02089451	0.02592928	
366.8	0.02076149	0.02596965	
367	0.02105218	0.02601001	
367.2	0.02085817	0.02605038	
367.4	0.02069672	0.02609074	
367.6	0.02051666	0.0261311	
367.8	0.02061369	0.02617146	
368	0.02096521	0.02621182	
368.2	0.02110982	0.02625218	
368.4	0.02059457	0.02629253	
368.6	0.02074468	0.02633288	
368.8	0.02065839	0.02637323	
369	0.02000391	0.02641358	
369.2	0.02039482	0.02645392	
369.4	0.01992836	0.02649427	
369.6	0.02016305	0.02653461	
369.8	0.02011219	0.02657495	
370	0.02003668	0.02661529	
370.2	0.02050988	0.02665563	
370.4	0.02081182	0.02669596	
370.6	0.02119841	0.0267363	
370.8	0.02149971	0.02677663	
371	0.02170182	0.02681696	
371.2	0.02154825	0.02685728	
371.4	0.02173755	0.02689761	
371.6	0.02134326	0.02693793	
371.8	0.02163105	0.02697826	
372	0.02156166	0.02701858	
372.2	0.02180353	0.02705889	
372.4	0.02168425	0.02709921	
372.6	0.02168619	0.02713953	
372.8	0.02158472	0.02717984	
373	0.02126962	0.02722015	
373.2	0.02152946	0.02726046	
373.4	0.02172692	0.02730077	
373.6	0.02229623	0.02734107	
373.8	0.02203045	0.02738137	
374	0.02247911	0.02742168	
374.2	0.02272319	0.02746198	
374.4	0.02337126	0.02750227	
374.6	0.02342271	0.02754257	
374.8	0.02350146	0.02758286	
375	0.02332579	0.02762316	
375.2	0.02321031	0.02766345	
375.4	0.02279215	0.02770374	
375.6	0.02242536	0.02774402	
375.8	0.02268769	0.02778431	
376	0.02240101	0.02782459	
376.2	0.02171873	0.02786487	
376.4	0.02129813	0.02790515	
376.6	0.02051563	0.02794543	
376.8	0.02023867	0.02798571	
377	0.02007352	0.02802598	
377.2	0.02053119	0.02806625	
377.4	0.02063534	0.02810652	
377.6	0.02090501	0.02814679	
377.8	0.02137301	0.02818706	
378	0.02178256	0.02822732	
378.2	0.02166241	0.02826758	
378.4	0.02214165	0.02830784	
378.6	0.02203275	0.0283481	
378.8	0.02214106	0.02838836	
379	0.02277806	0.02842862	
379.2	0.0228602	0.02846887	
379.4	0.0231072	0.02850912	
379.6	0.02293216	0.02854937	
379.8	0.02309783	0.02858962	
380	0.02278169	0.02862987	
380.2	0.02231642	0.02867011	
380.4	0.02243527	0.02871035	
380.6	0.02202887	0.02875059	
380.8	0.022295	0.02879083	
381	0.02273159	0.02883107	
381.2	0.02306463	0.0288713	
381.4	0.02307929	0.02891154	
381.6	0.02346727	0.02895177	
381.8	0.02377909	0.028992	
382	0.02406472	0.02903222	
382.2	0.02444358	0.02907245	
382.4	0.02505858	0.02911267	
382.6	0.02559886	0.0291529	
382.8	0.0260537	0.02919312	
383	0.02656904	0.02923334	
383.2	0.02652883	0.02927355	
383.4	0.02651215	0.02931377	
383.6	0.02607196	0.02935398	
383.8	0.02635352	0.02939419	
384	0.02573939	0.0294344	
384.2	0.02578671	0.02947461	
384.4	0.02605445	0.02951481	
384.6	0.02583457	0.02955502	
384.8	0.02569997	0.02959522	
385	0.02554811	0.02963542	
385.2	0.02480995	0.02967562	
385.4	0.02442788	0.02971581	
385.6	0.02418714	0.02975601	
385.8	0.02444917	0.0297962	
386	0.02475597	0.02983639	
386.2	0.02462573	0.02987658	
386.4	0.02447334	0.02991676	
386.6	0.02441015	0.02995695	
386.8	0.02439347	0.02999713	
387	0.02439068	0.03003731	
387.2	0.0245566	0.03007749	
387.4	0.02489715	0.03011767	
387.6	0.02502862	0.03015785	
387.8	0.02505546	0.03019802	
388	0.02532481	0.03023819	
388.2	0.02572135	0.03027836	
388.4	0.0260466	0.03031853	
388.6	0.02625093	0.0303587	
388.8	0.02592271	0.03039886	
389	0.02631132	0.03043903	
389.2	0.02603157	0.03047919	
389.4	0.02641338	0.03051935	
389.6	0.02627072	0.0305595	
389.8	0.02597809	0.03059966	
390	0.02580219	0.03063981	
390.2	0.02529681	0.03067997	
390.4	0.02493202	0.03072012	
390.6	0.02495227	0.03076026	
390.8	0.02532075	0.03080041	
391	0.02551529	0.03084055	
391.2	0.02582992	0.0308807	
391.4	0.02640063	0.03092084	
391.6	0.02635382	0.03096098	
391.8	0.02651714	0.03100111	
392	0.02663228	0.03104125	
392.2	0.02661007	0.03108138	
392.4	0.02715802	0.03112151	
392.6	0.02739647	0.03116164	
392.8	0.02724748	0.03120177	
393	0.02723317	0.0312419	
393.2	0.02698735	0.03128202	
393.4	0.02690238	0.03132214	
393.6	0.02633757	0.03136227	
393.8	0.02652179	0.03140238	
394	0.02663819	0.0314425	
394.2	0.02627152	0.03148262	
394.4	0.0262186	0.03152273	
394.6	0.02674155	0.03156284	
394.8	0.02675154	0.03160295	
395	0.02694659	0.03164306	
395.2	0.02721499	0.03168316	
395.4	0.02683159	0.03172327	
395.6	0.02624051	0.03176337	
395.8	0.02648319	0.03180347	
396	0.02636394	0.03184357	
396.2	0.0267542	0.03188366	
396.4	0.02713529	0.03192376	
396.6	0.02738353	0.03196385	
396.8	0.02755734	0.03200394	
397	0.0276331	0.03204403	
397.2	0.02815793	0.03208412	
397.4	0.02850428	0.0321242	
397.6	0.02880172	0.03216429	
397.8	0.02947871	0.03220437	
398	0.02919938	0.03224445	
398.2	0.029508	0.03228453	
398.4	0.02986653	0.0323246	
398.6	0.03019086	0.03236468	
398.8	0.02961101	0.03240475	
399	0.02967897	0.03244482	
399.2	0.02964451	0.03248489	
399.4	0.02910126	0.03252496	
399.6	0.02917551	0.03256502	
399.8	0.02956413	0.03260509	
400	0.0295947	0.03264515	
400.2	0.0295271	0.03268521	
400.4	0.02926971	0.03272526	
400.6	0.02943985	0.03276532	
400.8	0.02930983	0.03280538	
401	0.02893796	0.03284543	
401.2	0.0287714	0.03288548	
401.4	0.02854857	0.03292553	
401.6	0.02836627	0.03296557	
401.8	0.02862722	0.03300562	
402	0.02847806	0.03304566	
402.2	0.02863764	0.0330857	
402.4	0.02825953	0.03312574	
402.6	0.02824962	0.03316578	
402.8	0.02804474	0.03320582	
403	0.02849879	0.03324585	
403.2	0.02880148	0.03328588	
403.4	0.0286114	0.03332591	
403.6	0.0286644	0.03336594	
403.8	0.0288456	0.03340597	
404	0.02890619	0.03344599	
404.2	0.02882004	0.03348601	
404.4	0.02892011	0.03352603	
404.6	0.02905178	0.03356605	
404.8	0.02866303	0.03360607	
405	0.02885421	0.03364609	
405.2	0.02928856	0.0336861	
405.4	0.02942672	0.03372611	
405.6	0.0294049	0.03376612	
405.8	0.03000418	0.03380613	
406	0.03000654	0.03384614	
406.2	0.03005588	0.03388614	
406.4	0.02993082	0.03392614	
406.6	0.03012226	0.03396614	
406.8	0.03014354	0.03400614	
407	0.0301313	0.03404614	
407.2	0.03024083	0.03408614	
407.4	0.03045238	0.03412613	
407.6	0.03023509	0.03416612	
407.8	0.03044824	0.03420611	
408	0.03032433	0.0342461	
408.2	0.03055483	0.03428608	
408.4	0.03035155	0.03432607	
408.6	0.03064245	0.03436605	
408.8	0.03120347	0.03440603	
409	0.03188504	0.03444601	
409.2	0.03240539	0.03448599	
409.4	0.03234287	0.03452596	
409.6	0.03206805	0.03456594	
409.8	0.0324358	0.03460591	
410	0.03208024	0.03464588	
410.2	0.03242541	0.03468584	
410.4	0.03177461	0.03472581	
410.6	0.03189152	0.03476577	
410.8	0.03192687	0.03480574	
411	0.03161547	0.0348457	
411.2	0.03187433	0.03488565	
411.4	0.03112578	0.03492561	
411.6	0.03064828	0.03496557	
411.8	0.03062435	0.03500552	
412	0.03022336	0.03504547	
412.2	0.03034315	0.03508542	
412.4	0.03064513	0.03512537	
412.6	0.03129129	0.03516531	
412.8	0.03159229	0.03520526	
413	0.03191341	0.0352452	
413.2	0.03210615	0.03528514	
413.4	0.03198508	0.03532508	
413.6	0.03182298	0.03536501	
413.8	0.0321608	0.03540495	
414	0.03214332	0.03544488	
414.2	0.0323767	0.03548481	
414.4	0.03217873	0.03552474	
414.6	0.03268101	0.03556467	
414.8	0.03273905	0.03560459	
415	0.03253421	0.03564452	
415.2	0.03278494	0.03568444	
415.4	0.03256235	0.03572436	
415.6	0.03284127	0.03576428	
415.8	0.0329303	0.03580419	
416	0.03261297	0.03584411	
416.2	0.03267165	0.03588402	
416.4	0.03287788	0.03592393	
416.6	0.03281617	0.03596384	
416.8	0.03275364	0.03600375	
417	0.03266395	0.03604365	
417.2	0.03274115	0.03608356	
417.4	0.03248621	0.03612346	
417.6	0.03228043	0.03616336	
417.8	0.03255804	0.03620326	
418	0.03260749	0.03624315	
418.2	0.03301555	0.03628305	
418.4	0.03304741	0.03632294	
418.6	0.03313791	0.03636283	
418.8	0.032614	0.03640272	
419	0.03273259	0.0364426	
419.2	0.03279665	0.03648249	
419.4	0.03294623	0.03652237	
419.6	0.03302911	0.03656225	
419.8	0.0329678	0.03660213	
420	0.03265159	0.03664201	
420.2	0.03260519	0.03668189	
420.4	0.03316762	0.03672176	
420.6	0.03342778	0.03676163	
420.8	0.03305239	0.0368015	
421	0.03338405	0.03684137	
421.2	0.03404455	0.03688124	
421.4	0.03323	0.0369211	
421.6	0.03322212	0.03696097	
421.8	0.0331385	0.03700083	
422	0.03296601	0.03704069	
422.2	0.0332062	0.03708055	
422.4	0.0325516	0.0371204	
422.6	0.03252372	0.03716026	
422.8	0.03240898	0.03720011	
423	0.03281705	0.03723996	
423.2	0.03268875	0.03727981	
423.4	0.03337757	0.03731965	
423.6	0.03356134	0.0373595	
423.8	0.03381166	0.03739934	
424	0.03432963	0.03743918	
424.2	0.03504545	0.03747902	
424.4	0.03592127	0.03751886	
424.6	0.03595423	0.03755869	
424.8	0.03583727	0.03759853	
425	0.03617109	0.03763836	
425.2	0.03612582	0.03767819	
425.4	0.03545159	0.03771802	
425.6	0.03539341	0.03775784	
425.8	0.03493073	0.03779767	
426	0.03480243	0.03783749	
426.2	0.03485321	0.03787731	
426.4	0.03474666	0.03791713	
426.6	0.03499821	0.03795695	
426.8	0.03492891	0.03799676	
427	0.03439178	0.03803658	
427.2	0.03457303	0.03807639	
427.4	0.03477458	0.0381162	
427.6	0.03455467	0.03815601	
427.8	0.03495807	0.03819581	
428	0.03530907	0.03823562	
428.2	0.03557572	0.03827542	
428.4	0.03567267	0.03831522	
428.6	0.03515112	0.03835502	
428.8	0.03531814	0.03839482	
429	0.03525656	0.03843461	
429.2	0.03550361	0.03847441	
429.4	0.03553884	0.0385142	
429.6	0.03568344	0.03855399	
429.8	0.03534398	0.03859378	
430	0.03564965	0.03863356	
430.2	0.03600976	0.03867335	
430.4	0.03638074	0.03871313	
430.6	0.03634989	0.03875291	
430.8	0.03619752	0.03879269	
431	0.03633322	0.03883247	
431.2	0.03681751	0.03887224	
431.4	0.0371921	0.03891201	
431.6	0.03742593	0.03895179	
431.8	0.03752765	0.03899156	
432	0.03724808	0.03903132	
432.2	0.0373823	0.03907109	
432.4	0.03722074	0.03911085	
432.6	0.03688414	0.03915062	
432.8	0.03726959	0.03919038	
433	0.03727912	0.03923014	
433.2	0.03763794	0.03926989	
433.4	0.03796216	0.03930965	
433.6	0.03817957	0.0393494	
433.8	0.03778513	0.03938915	
434	0.03807517	0.0394289	
434.2	0.03798317	0.03946865	
434.4	0.03774384	0.0395084	
434.6	0.03798604	0.03954814	
434.8	0.03818572	0.03958788	
435	0.03870983	0.03962762	
435.2	0.03882844	0.03966736	
435.4	0.03924218	0.0397071	
435.6	0.03913408	0.03974683	
435.8	0.03889218	0.03978657	
436	0.03850175	0.0398263	
436.2	0.03863255	0.03986603	
436.4	0.03823612	0.03990576	
436.6	0.03790802	0.03994548	
436.8	0.03821289	0.03998521	
437	0.03818677	0.04002493	
437.2	0.03775575	0.04006465	
437.4	0.03743744	0.04010437	
437.6	0.03710593	0.04014408	
437.8	0.03664976	0.0401838	
438	0.03675485	0.04022351	
438.2	0.03703294	0.04026322	
438.4	0.03755432	0.04030293	
438.6	0.03788481	0.04034264	
438.8	0.03793716	0.04038235	
439	0.03824182	0.04042205	
439.2	0.03858395	0.04046175	
439.4	0.03910297	0.04050145	
439.6	0.03895652	0.04054115	
439.8	0.03863375	0.04058085	
440	0.03867256	0.04062054	
440.2	0.03884052	0.04066023	
440.4	0.03888283	0.04069993	
440.6	0.03868633	0.04073961	
440.8	0.03865402	0.0407793	
441	0.03832492	0.04081899	
441.2	0.03779673	0.04085867	
441.4	0.03722893	0.04089835	
441.6	0.0370483	0.04093803	
441.8	0.037367	0.04097771	
442	0.0374157	0.04101739	
442.2	0.03764784	0.04105706	
442.4	0.03760992	0.04109674	
442.6	0.03740696	0.04113641	
442.8	0.03732648	0.04117608	
443	0.0376698	0.04121574	
443.2	0.03794484	0.04125541	
443.4	0.03833016	0.04129507	
443.6	0.03873307	0.04133474	
443.8	0.03921641	0.0413744	
444	0.03997986	0.04141405	
444.2	0.04011495	0.04145371	
444.4	0.04026128	0.04149337	
444.6	0.04039794	0.04153302	
444.8	0.0400335	0.04157267	
445	0.03989965	0.04161232	
445.2	0.0396101	0.04165197	
445.4	0.03977365	0.04169161	
445.6	0.04002546	0.04173126	
445.8	0.04012439	0.0417709	
446	0.03959723	0.04181054	
446.2	0.03913594	0.04185018	
446.4	0.03898455	0.04188981	
446.6	0.03851294	0.04192945	
446.8	0.03790246	0.04196908	
447	0.0381487	0.04200871	
447.2	0.03825394	0.04204834	
447.4	0.03858733	0.04208797	
447.6	0.03891726	0.04212759	
447.8	0.03918586	0.04216722	
448	0.03924752	0.04220684	
448.2	0.0389881	0.04224646	
448.4	0.03944788	0.04228608	
448.6	0.03970713	0.04232569	
448.8	0.0396475	0.04236531	
449	0.04032358	0.04240492	
449.2	0.04101695	0.04244453	
449.4	0.04186476	0.04248414	
449.6	0.04161799	0.04252375	
449.8	0.04175193	0.04256335	
450	0.04233451	0.04260296	
450.2	0.04191564	0.04264256	
450.4	0.04184353	0.04268216	
450.6	0.04145077	0.04272176	
450.8	0.04136349	0.04276135	
451	0.04171805	0.04280095	
451.2	0.04156962	0.04284054	
451.4	0.04151473	0.04288013	
451.6	0.04127633	0.04291972	
451.8	0.04121923	0.04295931	
452	0.04105207	0.04299889	
452.2	0.04100917	0.04303848	
452.4	0.04113196	0.04307806	
452.6	0.04098803	0.04311764	
452.8	0.04100374	0.04315722	
453	0.04097239	0.04319679	
453.2	0.04046516	0.04323637	
453.4	0.040743	0.04327594	
453.6	0.04054343	0.04331551	
453.8	0.04087019	0.04335508	
454	0.04127475	0.04339465	
454.2	0.04076044	0.04343421	
454.4	0.04034031	0.04347378	
454.6	0.04010397	0.04351334	
454.8	0.04007599	0.0435529	
455	0.04018588	0.04359246	
455.2	0.04050984	0.04363201	
455.4	0.04074192	0.04367157	
455.6	0.04047964	0.04371112	
455.8	0.04058383	0.04375067	
456	0.04134886	0.04379022	
456.2	0.04134007	0.04382977	
456.4	0.04148046	0.04386931	
456.6	0.04176513	0.04390886	
456.8	0.0418434	0.0439484	
457	0.04149604	0.04398794	
457.2	0.0418301	0.04402748	
457.4	0.04253112	0.04406701	
457.6	0.04237553	0.04410655	
457.8	0.04231524	0.04414608	
458	0.04233931	0.04418561	
458.2	0.0421205	0.04422514	
458.4	0.04207981	0.04426467	
458.6	0.04218151	0.04430419	
458.8	0.04222969	0.04434372	
459	0.04217049	0.04438324	
459.2	0.04236462	0.04442276	
459.4	0.04188578	0.04446228	
459.6	0.04175823	0.04450179	
459.8	0.04199505	0.04454131	
460	0.04259284	0.04458082	
460.2	0.04218282	0.04462033	
460.4	0.04192673	0.04465984	
460.6	0.04201246	0.04469935	
460.8	0.0418698	0.04473885	
461	0.04178917	0.04477836	
461.2	0.04222149	0.04481786	
461.4	0.04226396	0.04485736	
461.6	0.04226742	0.04489686	
461.8	0.04199278	0.04493635	
462	0.04224666	0.04497585	
462.2	0.0425424	0.04501534	
462.4	0.04250772	0.04505483	
462.6	0.04226417	0.04509432	
462.8	0.04205179	0.04513381	
463	0.04193482	0.04517329	
463.2	0.04219903	0.04521278	
463.4	0.04222319	0.04525226	
463.6	0.04263071	0.04529174	
463.8	0.04270105	0.04533122	
464	0.04280779	0.0453707	
464.2	0.04290677	0.04541017	
464.4	0.04288986	0.04544964	
464.6	0.04383463	0.04548911	
464.8	0.04382165	0.04552858	
465	0.04437988	0.04556805	
465.2	0.04470918	0.04560752	
465.4	0.04539011	0.04564698	
465.6	0.04589454	0.04568644	
465.8	0.04570143	0.0457259	
466	0.04598485	0.04576536	
466.2	0.04587264	0.04580482	
466.4	0.04553588	0.04584427	
466.6	0.04558238	0.04588372	
466.8	0.04558335	0.04592317	
467	0.04560141	0.04596262	
467.2	0.04547029	0.04600207	
467.4	0.04489011	0.04604152	
467.6	0.04450367	0.04608096	
467.8	0.04423619	0.0461204	
468	0.04428637	0.04615984	
468.2	0.04441086	0.04619928	
468.4	0.04437018	0.04623872	
468.6	0.044272	0.04627815	
468.8	0.04398989	0.04631759	
469	0.04440115	0.04635702	
469.2	0.04426235	0.04639645	
469.4	0.04447903	0.04643587	
469.6	0.04416233	0.0464753	
469.8	0.04396639	0.04651472	
470	0.04384086	0.04655414	
470.2	0.04374966	0.04659356	
470.4	0.04402719	0.04663298	
470.6	0.04429597	0.0466724	
470.8	0.04468913	0.04671181	
471	0.04445973	0.04675123	
471.2	0.0442038	0.04679064	
471.4	0.04447632	0.04683005	
471.6	0.04499581	0.04686946	
471.8	0.04534986	0.04690886	
472	0.04588566	0.04694826	
472.2	0.04629295	0.04698767	
472.4	0.04587254	0.04702707	
472.6	0.04611312	0.04706647	
472.8	0.04650551	0.04710586	
473	0.04694291	0.04714526	
473.2	0.04700733	0.04718465	
473.4	0.04703166	0.04722404	
473.6	0.04669854	0.04726343	
473.8	0.04686869	0.04730282	
474	0.04668838	0.0473422	
474.2	0.04657053	0.04738159	
474.4	0.04667389	0.04742097	
474.6	0.046354	0.04746035	
474.8	0.04658686	0.04749973	
475	0.0459655	0.04753911	
475.2	0.04648024	0.04757848	
475.4	0.04705804	0.04761785	
475.6	0.04662482	0.04765723	
475.8	0.04638303	0.04769659	
476	0.04669516	0.04773596	
476.2	0.04621258	0.04777533	
476.4	0.04613227	0.04781469	
476.6	0.04682873	0.04785405	
476.8	0.04707526	0.04789342	
477	0.04784903	0.04793277	
477.2	0.0482358	0.04797213	
477.4	0.04850378	0.04801149	
477.6	0.04876132	0.04805084	
477.8	0.04906278	0.04809019	
478	0.04909571	0.04812954	
478.2	0.04890565	0.04816889	
478.4	0.04879933	0.04820823	
478.6	0.04853236	0.04824758	
478.8	0.04843014	0.04828692	
479	0.04781609	0.04832626	
479.2	0.04782416	0.0483656	
479.4	0.04718412	0.04840494	
479.6	0.04622025	0.04844427	
479.8	0.04595966	0.0484836	
480	0.04595966	0.04852294	
480.2	0.04552647	0.04852294	
480.4	0.04501104	0.04852294	
480.6	0.0445401	0.04852294	
480.8	0.04420362	0.04852294	
481	0.04416905	0.04852294	
481.2	0.04409098	0.04852294	
481.4	0.04425877	0.04852294	
481.6	0.04406783	0.04852294	
481.8	0.04423301	0.04852294	
482	0.04468872	0.04852294	
482.2	0.04520024	0.04852294	
482.4	0.04575722	0.04852294	
482.6	0.04627148	0.04852294	
482.8	0.04649861	0.04852294	
483	0.04695757	0.04852294	
483.2	0.04755827	0.04852294	
483.4	0.04793362	0.04852294	
483.6	0.04831896	0.04852294	
483.8	0.04922868	0.04852294	
484	0.04957929	0.04852294	
484.2	0.04924347	0.04852294	
484.4	0.04912911	0.04852294	
484.6	0.04944425	0.04852294	
484.8	0.04916101	0.04852294	
485	0.04983332	0.04852294	
485.2	0.04978653	0.04852294	
485.4	0.04985879	0.04852294	
485.6	0.04941813	0.04852294	
485.8	0.04931088	0.04852294	
486	0.04966947	0.04852294	
486.2	0.04978028	0.04852294	
486.4	0.04969541	0.04852294	
486.6	0.04963848	0.04852294	
486.8	0.04954682	0.04852294	
487	0.04955313	0.04852294	
487.2	0.04972272	0.04852294	
487.4	0.05019768	0.04852294	
487.6	0.0499802	0.04852294	
487.8	0.04943113	0.04852294	
488	0.04872686	0.04852294	
488.2	0.04848159	0.04852294	
488.4	0.04902597	0.04852294	
488.6	0.04923124	0.04852294	
488.8	0.0488833	0.04852294	
489	0.04966786	0.04852294	
489.2	0.04943892	0.04852294	
489.4	0.04959815	0.04852294	
489.6	0.05007532	0.04852294	
489.8	0.05016813	0.04852294	
490	0.0502061	0.04852294	
490.2	0.04999849	0.04852294	
490.4	0.04967132	0.04852294	
490.6	0.04978511	0.04852294	
490.8	0.04986471	0.04852294	
491	0.05010777	0.04852294	
491.2	0.05031417	0.04852294	
491.4	0.05028702	0.04852294	
491.6	0.04996216	0.04852294	
491.8	0.0500683	0.04852294	
492	0.0501567	0.04852294	
492.2	0.05055222	0.04852294	
492.4	0.05133221	0.04852294	
492.6	0.05129733	0.04852294	
492.8	0.05154085	0.04852294	
493	0.05195344	0.04852294	
493.2	0.05194867	0.04852294	
493.4	0.05236685	0.04852294	
493.6	0.05234515	0.04852294	
493.8	0.05221405	0.04852294	
494	0.05196791	0.04852294	
494.2	0.051831	0.04852294	
494.4	0.05170204	0.04852294	
494.6	0.05174803	0.04852294	
494.8	0.05119919	0.04852294	
495	0.05117488	0.04852294	
495.2	0.05084088	0.04852294	
495.4	0.0505672	0.04852294	
495.6	0.05071629	0.04852294	
495.8	0.05033717	0.04852294	
496	0.05069438	0.04852294	
496.2	0.05144869	0.04852294	
496.4	0.05227773	0.04852294	
496.6	0.05238413	0.04852294	
496.8	0.05265612	0.04852294	
497	0.05312036	0.04852294	
497.2	0.05359221	0.04852294	
497.4	0.05417722	0.04852294	
497.6	0.05425327	0.04852294	
497.8	0.05432147	0.04852294	
498	0.05389104	0.04852294	
498.2	0.05367828	0.04852294	
498.4	0.05341492	0.04852294	
498.6	0.05327276	0.04852294	
498.8	0.05253255	0.04852294	
499	0.05255037	0.04852294	
499.2	0.0521328	0.04852294	
499.4	0.05185259	0.04852294	
499.6	0.05198672	0.04852294	
499.8	0.05160283	0.04852294	
500	0.05242357	0.04852294	
500.2	0.0524944	0.04852294	
500.4	0.05234848	0.04852294	
500.6	0.05219274	0.04852294	
500.8	0.05238698	0.04852294	
501	0.05251861	0.04852294	
501.2	0.05292661	0.04852294	
501.4	0.05305165	0.04852294	
501.6	0.05263777	0.04852294	
501.8	0.05255759	0.04852294	
502	0.05298331	0.04852294	
502.2	0.05349187	0.04852294	
502.4	0.0537043	0.04852294	
502.6	0.05417461	0.04852294	
502.8	0.05412113	0.04852294	
503	0.05441531	0.04852294	
503.2	0.05426761	0.04852294	
503.4	0.05406658	0.04852294	
503.6	0.05434819	0.04852294	
503.8	0.05382626	0.04852294	
504	0.05404169	0.04852294	
504.2	0.05328728	0.04852294	
504.4	0.0527127	0.04852294	
504.6	0.05211187	0.04852294	
504.8	0.05198862	0.04852294	
505	0.05170411	0.04852294	
505.2	0.05207429	0.04852294	
505.4	0.05150975	0.04852294	
505.6	0.05130195	0.04852294	
505.8	0.05212708	0.04852294	
506	0.05297619	0.04852294	
506.2	0.05354142	0.04852294	
506.4	0.05352806	0.04852294	
506.6	0.05405438	0.04852294	
506.8	0.0543324	0.04852294	
507	0.05463439	0.04852294	
507.2	0.05453406	0.04852294	
507.4	0.05442186	0.04852294	
507.6	0.05480147	0.04852294	
507.8	0.05445046	0.04852294	
508	0.05408043	0.04852294	
508.2	0.0534223	0.04852294	
508.4	0.05317784	0.04852294	
508.6	0.05299618	0.04852294	
508.8	0.05307795	0.04852294	
509	0.0527604	0.04852294	
509.2	0.05226107	0.04852294	
509.4	0.05169846	0.04852294	
509.6	0.0519453	0.04852294	
509.8	0.05267853	0.04852294	
510	0.05245954	0.04852294	
510.2	0.0523762	0.04852294	
510.4	0.05262776	0.04852294	
510.6	0.05332417	0.04852294	
510.8	0.05362043	0.04852294	
511	0.05347566	0.04852294	
511.2	0.05366233	0.04852294	
511.4	0.05362922	0.04852294	
511.6	0.05455805	0.04852294	
511.8	0.05440667	0.04852294	
512	0.05419995	0.04852294	
512.2	0.05416244	0.04852294	
512.4	0.05431656	0.04852294	
512.6	0.05397086	0.04852294	
512.8	0.05364389	0.04852294	
513	0.05353796	0.04852294	
513.2	0.05339107	0.04852294	
513.4	0.05356934	0.04852294	
513.6	0.05392726	0.04852294	
513.8	0.05383802	0.04852294	
514	0.05354178	0.04852294	
514.2	0.05407079	0.04852294	
514.4	0.05442855	0.04852294	
514.6	0.0543233	0.04852294	
514.8	0.05426888	0.04852294	
515	0.05388958	0.04852294	
515.2	0.05402412	0.04852294	
515.4	0.05383732	0.04852294	
515.6	0.05374758	0.04852294	
515.8	0.0534217	0.04852294	
516	0.0531562	0.04852294	
516.2	0.05277692	0.04852294	
516.4	0.05271854	0.04852294	
516.6	0.05257216	0.04852294	
516.8	0.05252632	0.04852294	
517	0.05244574	0.04852294	
517.2	0.05249928	0.04852294	
517.4	0.05248621	0.04852294	
517.6	0.05261749	0.04852294	
517.8	0.05272705	0.04852294	
518	0.05275032	0.04852294	
518.2	0.05292472	0.04852294	
518.4	0.05312869	0.04852294	
518.6	0.0530041	0.04852294	
518.8	0.05306081	0.04852294	
519	0.05326259	0.04852294	
519.2	0.0536024	0.04852294	
519.4	0.05351918	0.04852294	
519.6	0.05347943	0.04852294	
519.8	0.05406332	0.04852294	
520	0.05375229	0.04852294	
520.2	0.05353007	0.04852294	
520.4	0.05349076	0.04852294	
520.6	0.05378229	0.04852294	
520.8	0.05329678	0.04852294	
521	0.05277073	0.04852294	
521.2	0.05275173	0.04852294	
521.4	0.05266115	0.04852294	
521.6	0.0525079	0.04852294	
521.8	0.05229946	0.04852294	
522	0.05171821	0.04852294	
522.2	0.05225943	0.04852294	
522.4	0.0526627	0.04852294	
522.6	0.05310365	0.04852294	
522.8	0.05367568	0.04852294	
523	0.0538665	0.04852294	
523.2	0.05444442	0.04852294	
523.4	0.05481453	0.04852294	
523.6	0.05505035	0.04852294	
523.8	0.05517266	0.04852294	
524	0.05521255	0.04852294	
524.2	0.05541843	0.04852294	
524.4	0.05570863	0.04852294	
524.6	0.05570501	0.04852294	
524.8	0.05496936	0.04852294	
525	0.05476323	0.04852294	
525.2	0.0543391	0.04852294	
525.4	0.05430739	0.04852294	
525.6	0.05397457	0.04852294	
525.8	0.05352547	0.04852294	
526	0.05291258	0.04852294	
526.2	0.05291543	0.04852294	
526.4	0.05306129	0.04852294	
526.6	0.05327148	0.04852294	
526.8	0.05284767	0.04852294	
527	0.05266373	0.04852294	
527.2	0.05306542	0.04852294	
527.4	0.05346422	0.04852294	
527.6	0.05337822	0.04852294	
527.8	0.05365303	0.04852294	
528	0.05400307	0.04852294	
528.2	0.05411773	0.04852294	
528.4	0.05399089	0.04852294	
528.6	0.05391334	0.04852294	
528.8	0.05396751	0.04852294	
529	0.05442756	0.04852294	
529.2	0.05509749	0.04852294	
529.4	0.05566936	0.04852294	
529.6	0.05551448	0.04852294	
529.8	0.05567615	0.04852294	
530	0.05585147	0.04852294	
530.2	0.05622428	0.04852294	
530.4	0.05660813	0.04852294	
530.6	0.05654463	0.04852294	
530.8	0.05621995	0.04852294	
531	0.05624233	0.04852294	
531.2	0.05582917	0.04852294	
531.4	0.05595852	0.04852294	
531.6	0.05529029	0.04852294	
531.8	0.05496858	0.04852294	
532	0.05447425	0.04852294	
532.2	0.05390364	0.04852294	
532.4	0.05403365	0.04852294	
532.6	0.05438569	0.04852294	
532.8	0.05417826	0.04852294	
533	0.05385543	0.04852294	
533.2	0.05430815	0.04852294	
533.4	0.05384394	0.04852294	
533.6	0.05373693	0.04852294	
533.8	0.05413239	0.04852294	
534	0.05363115	0.04852294	
534.2	0.0534688	0.04852294	
534.4	0.05298907	0.04852294	
534.6	0.05254017	0.04852294	
534.8	0.05188854	0.04852294	
535	0.05195835	0.04852294	
535.2	0.05177475	0.04852294	
535.4	0.05226485	0.04852294	
535.6	0.05231985	0.04852294	
535.8	0.05295082	0.04852294	
536	0.05300896	0.04852294	
536.2	0.05359231	0.04852294	
536.4	0.05457638	0.04852294	
536.6	0.05479355	0.04852294	
536.8	0.05430402	0.04852294	
537	0.05405761	0.04852294	
537.2	0.054678	0.04852294	
537.4	0.05478952	0.04852294	
537.6	0.05511406	0.04852294	
537.8	0.05489586	0.04852294	
538	0.05454222	0.04852294	
538.2	0.05424858	0.04852294	
538.4	0.05338831	0.04852294	
538.6	0.0531193	0.04852294	
538.8	0.05307104	0.04852294	
539	0.05378753	0.04852294	
539.2	0.05388085	0.04852294	
539.4	0.05393969	0.04852294	
539.6	0.05363614	0.04852294	
539.8	0.05394387	0.04852294	
540	0.0535567	0.04852294	
540.2	0.05357328	0.04852294	
540.4	0.05407463	0.04852294	
540.6	0.05424005	0.04852294	
540.8	0.05450214	0.04852294	
541	0.05485409	0.04852294	
541.2	0.05555483	0.04852294	
541.4	0.05574984	0.04852294	
541.6	0.05592665	0.04852294	
541.8	0.05570332	0.04852294	
542	0.05564133	0.04852294	
542.2	0.05544704	0.04852294	
542.4	0.05557551	0.04852294	
542.6	0.05540755	0.04852294	
542.8	0.05532375	0.04852294	
543	0.05540426	0.04852294	
543.2	0.05505633	0.04852294	
543.4	0.05479933	0.04852294	
543.6	0.0540744	0.04852294	
543.8	0.05359828	0.04852294	
544	0.05312694	0.04852294	
544.2	0.0529958	0.04852294	
544.4	0.05383976	0.04852294	
544.6	0.05435472	0.04852294	
544.8	0.05471365	0.04852294	
545	0.05474594	0.04852294	
545.2	0.05489362	0.04852294	
545.4	0.0545933	0.04852294	
545.6	0.0546263	0.04852294	
545.8	0.05492171	0.04852294	
546	0.05508059	0.04852294	
546.2	0.05534912	0.04852294	
546.4	0.05570013	0.04852294	
546.6	0.0557357	0.04852294	
546.8	0.05585975	0.04852294	
547	0.05614364	0.04852294	
547.2	0.05599701	0.04852294	
547.4	0.05625645	0.04852294	
547.6	0.0559249	0.04852294	
547.8	0.05585988	0.04852294	
548	0.05646638	0.04852294	
548.2	0.05669629	0.04852294	
548.4	0.05704607	0.04852294	
548.6	0.05696004	0.04852294	
548.8	0.05663451	0.04852294	
549	0.05564772	0.04852294	
549.2	0.05506054	0.04852294	
549.4	0.05447494	0.04852294	
549.6	0.05383633	0.04852294	
549.8	0.05368791	0.04852294	
550	0.05289564	0.04852294	
550.2	0.05249587	0.04852294	
550.4	0.05271426	0.04852294	
550.6	0.05253728	0.04852294	
550.8	0.05268107	0.04852294	
551	0.05255542	0.04852294	
551.2	0.05253672	0.04852294	
551.4	0.05333144	0.04852294	
551.6	0.05314197	0.04852294	
551.8	0.05296645	0.04852294	
552	0.05344746	0.04852294	
552.2	0.05330109	0.04852294	
552.4	0.0534258	0.04852294	
552.6	0.05350091	0.04852294	
552.8	0.05425991	0.04852294	
553	0.0543137	0.04852294	
553.2	0.05447035	0.04852294	
553.4	0.05444147	0.04852294	
553.6	0.05457953	0.04852294	
553.8	0.05514419	0.04852294	
554	0.05535245	0.04852294	
554.2	0.05559068	0.04852294	
554.4	0.05525921	0.04852294	
554.6	0.05480316	0.04852294	
554.8	0.0544314	0.04852294	
555	0.05384594	0.04852294	
555.2	0.05411704	0.04852294	
555.4	0.05389427	0.04852294	
555.6	0.05326192	0.04852294	
555.8	0.05292564	0.04852294	
556	0.05306072	0.04852294	
556.2	0.05298944	0.04852294	
556.4	0.05347879	0.04852294	
556.6	0.05399332	0.04852294	
556.8	0.05493262	0.04852294	
557	0.05485903	0.04852294	
557.2	0.05512843	0.04852294	
557.4	0.05526713	0.04852294	
557.6	0.05616527	0.04852294	
557.8	0.05658337	0.04852294	
558	0.05687201	0.04852294	
558.2	0.05617201	0.04852294	
558.4	0.05538185	0.04852294	
558.6	0.0551289	0.04852294	
558.8	0.05496827	0.04852294	
559	0.05517252	0.04852294	
559.2	0.05537647	0.04852294	
559.4	0.05545907	0.04852294	
559.6	0.05514977	0.04852294	
559.8	0.05499798	0.04852294	
560	0.05503346	0.04852294	
560.2	0.0549423	0.04852294	
560.4	0.05519543	0.04852294	
560.6	0.05573776	0.04852294	
560.8	0.05544952	0.04852294	
561	0.05523176	0.04852294	
561.2	0.05542212	0.04852294	
561.4	0.05547803	0.04852294	
561.6	0.05608433	0.04852294	
561.8	0.05605691	0.04852294	
562	0.0558943	0.04852294	
562.2	0.05522524	0.04852294	
562.4	0.05504557	0.04852294	
562.6	0.0544509	0.04852294	
562.8	0.05458232	0.04852294	
563	0.05470443	0.04852294	
563.2	0.05456554	0.04852294	
563.4	0.05429422	0.04852294	
563.6	0.05397202	0.04852294	
563.8	0.05383564	0.04852294	
564	0.05319334	0.04852294	
564.2	0.05318591	0.04852294	
564.4	0.05315491	0.04852294	
564.6	0.05313127	0.04852294	
564.8	0.0528035	0.04852294	
565	0.05305246	0.04852294	
565.2	0.05322796	0.04852294	
565.4	0.05360608	0.04852294	
565.6	0.05361026	0.04852294	
565.8	0.05381576	0.04852294	
566	0.05361656	0.04852294	
566.2	0.05370208	0.04852294	
566.4	0.05429803	0.04852294	
566.6	0.05462434	0.04852294	
566.8	0.05534594	0.04852294	
567	0.05585203	0.04852294	
567.2	0.05593163	0.04852294	
567.4	0.05581192	0.04852294	
567.6	0.05591514	0.04852294	
567.8	0.05593532	0.04852294	
568	0.05588164	0.04852294	
568.2	0.05560074	0.04852294	
568.4	0.05536469	0.04852294	
568.6	0.05460544	0.04852294	
568.8	0.0547201	0.04852294	
569	0.05439357	0.04852294	
569.2	0.05384848	0.04852294	
569.4	0.05376	0.04852294	
569.6	0.05344579	0.04852294	
569.8	0.05365772	0.04852294	
570	0.05322578	0.04852294	
570.2	0.0534408	0.04852294	
570.4	0.05397285	0.04852294	
570.6	0.05423574	0.04852294	
570.8	0.05427257	0.04852294	
571	0.05473974	0.04852294	
571.2	0.05480198	0.04852294	
571.4	0.05478859	0.04852294	
571.6	0.05530478	0.04852294	
571.8	0.05584195	0.04852294	
572	0.05557456	0.04852294	
572.2	0.05502567	0.04852294	
572.4	0.05509365	0.04852294	
572.6	0.05460744	0.04852294	
572.8	0.05487999	0.04852294	
573	0.05489151	0.04852294	
573.2	0.05420508	0.04852294	
573.4	0.05418203	0.04852294	
573.6	0.05408494	0.04852294	
573.8	0.05415987	0.04852294	
574	0.05319951	0.04852294	
574.2	0.05298418	0.04852294	
574.4	0.05304063	0.04852294	
574.6	0.0529435	0.04852294	
574.8	0.05295948	0.04852294	
575	0.05334283	0.04852294	
575.2	0.05382573	0.04852294	
575.4	0.05372075	0.04852294	
575.6	0.05399046	0.04852294	
575.8	0.054295	0.04852294	
576	0.05416134	0.04852294	
576.2	0.05437033	0.04852294	
576.4	0.05460117	0.04852294	
576.6	0.05432136	0.04852294	
576.8	0.05429418	0.04852294	
577	0.05457762	0.04852294	
577.2	0.05471558	0.04852294	
577.4	0.05506844	0.04852294	
577.6	0.05514194	0.04852294	
577.8	0.05485971	0.04852294	
578	0.05435475	0.04852294	
578.2	0.05434193	0.04852294	
578.4	0.05459791	0.04852294	
578.6	0.05442441	0.04852294	
578.8	0.05462526	0.04852294	
579	0.0548937	0.04852294	
579.2	0.0554605	0.04852294	
579.4	0.05525434	0.04852294	
579.6	0.05553743	0.04852294	
579.8	0.05551328	0.04852294	
580	0.05530914	0.04852294	
580.2	0.05541185	0.04852294	
580.4	0.05509684	0.04852294	
580.6	0.05483933	0.04852294	
580.8	0.05491593	0.04852294	
581	0.05484811	0.04852294	
581.2	0.05509005	0.04852294	
581.4	0.05450762	0.04852294	
581.6	0.05410895	0.04852294	
581.8	0.05411796	0.04852294	
582	0.05413432	0.04852294	
582.2	0.05387159	0.04852294	
582.4	0.05396013	0.04852294	
582.6	0.05369697	0.04852294	
582.8	0.05345902	0.04852294	
583	0.05389981	0.04852294	
583.2	0.05399021	0.04852294	
583.4	0.05362904	0.04852294	
583.6	0.05362114	0.04852294	
583.8	0.05356129	0.04852294	
584	0.05380643	0.04852294	
584.2	0.05439103	0.04852294	
584.4	0.05438749	0.04852294	
584.6	0.05474111	0.04852294	
584.8	0.05459729	0.04852294	
585	0.05470764	0.04852294	
585.2	0.05501152	0.04852294	
585.4	0.0551108	0.04852294	
585.6	0.0553513	0.04852294	
585.8	0.05636145	0.04852294	
586	0.05606104	0.04852294	
586.2	0.05588604	0.04852294	
586.4	0.05566694	0.04852294	
586.6	0.05543828	0.04852294	
586.8	0.05512273	0.04852294	
587	0.05537747	0.04852294	
587.2	0.05533998	0.04852294	
587.4	0.05527687	0.04852294	
587.6	0.05544541	0.04852294	
587.8	0.05505008	0.04852294	
588	0.05500694	0.04852294	
588.2	0.05543829	0.04852294	
588.4	0.05488807	0.04852294	
588.6	0.05544743	0.04852294	
588.8	0.0550841	0.04852294	
589	0.05507077	0.04852294	
589.2	0.05470012	0.04852294	
589.4	0.05455134	0.04852294	
589.6	0.05414475	0.04852294	
589.8	0.05418165	0.04852294	
590	0.05322072	0.04852294	
590.2	0.05292532	0.04852294	
590.4	0.05269069	0.04852294	
590.6	0.0527767	0.04852294	
590.8	0.05297538	0.04852294	
591	0.05353092	0.04852294	
591.2	0.05383962	0.04852294	
591.4	0.05377533	0.04852294	
591.6	0.05429665	0.04852294	
591.8	0.05407033	0.04852294	
592	0.05429173	0.04852294	
592.2	0.05510127	0.04852294	
592.4	0.05573845	0.04852294	
592.6	0.05627985	0.04852294	
592.8	0.05570771	0.04852294	
593	0.05626012	0.04852294	
593.2	0.05630113	0.04852294	
593.4	0.05602021	0.04852294	
593.6	0.0557306	0.04852294	
593.8	0.0556774	0.04852294	
594	0.05529947	0.04852294	
594.2	0.05488488	0.04852294	
594.4	0.05482259	0.04852294	
594.6	0.05417187	0.04852294	
594.8	0.05359505	0.04852294	
595	0.05354491	0.04852294	
595.2	0.05319538	0.04852294	
595.4	0.05245242	0.04852294	
595.6	0.05171136	0.04852294	
595.8	0.05119073	0.04852294	
596	0.0508431	0.04852294	
596.2	0.0512432	0.04852294	
596.4	0.05144853	0.04852294	
596.6	0.05138128	0.04852294	
596.8	0.05169028	0.04852294	
597	0.05248144	0.04852294	
597.2	0.05223573	0.04852294	
597.4	0.05253954	0.04852294	
597.6	0.0531596	0.04852294	
597.8	0.05348672	0.04852294	
598	0.05362993	0.04852294	
598.2	0.05365372	0.04852294	
598.4	0.05385931	0.04852294	
598.6	0.05361093	0.04852294	
598.8	0.05377331	0.04852294	
599	0.05409203	0.04852294	
599.2	0.05374708	0.04852294	
599.4	0.05314191	0.04852294	
599.6	0.05307985	0.04852294	
599.8	0.05341882	0.04852294	
