Conc1	8.85E-09	
Start1	300	
Stop1	539.8	
Kobs	0.00131974590883393	
Error Kobs	8.00259665468593E-06	
Koff	0	
Error Koff	0	
Time1	Data1	Fit1	
300	-0.00100477	0	
300.2	0.0001064	0.00099347	
300.4	0.00143782	0.00198623	
300.6	0.00282288	0.00297827	
300.8	0.00447663	0.0039696	
301	0.00579396	0.00496022	
301.2	0.00772412	0.00595013	
301.4	0.00919376	0.00693933	
301.6	0.01051925	0.00792782	
301.8	0.01173204	0.0089156	
302	0.01348859	0.00990267	
302.2	0.01446399	0.01088903	
302.4	0.01566689	0.01187468	
302.6	0.01624644	0.01285962	
302.8	0.01715157	0.01384386	
303	0.01763903	0.01482739	
303.2	0.01889208	0.01581021	
303.4	0.01942595	0.01679233	
303.6	0.02039385	0.01777374	
303.8	0.02152877	0.01875445	
304	0.02218874	0.01973445	
304.2	0.02308321	0.02071375	
304.4	0.02411376	0.02169235	
304.6	0.02497881	0.02267024	
304.8	0.02620124	0.02364744	
305	0.02713392	0.02462393	
305.2	0.02901277	0.02559972	
305.4	0.02993543	0.0265748	
305.6	0.03161192	0.02754919	
305.8	0.03281898	0.02852288	
306	0.0344045	0.02949587	
306.2	0.03524997	0.03046816	
306.4	0.03598988	0.03143975	
306.6	0.03679251	0.03241065	
306.8	0.03798247	0.03338085	
307	0.03873375	0.03435035	
307.2	0.03995522	0.03531915	
307.4	0.04059458	0.03628726	
307.6	0.04176249	0.03725467	
307.8	0.04181033	0.03822139	
308	0.04232338	0.03918742	
308.2	0.04297335	0.04015275	
308.4	0.04383832	0.04111739	
308.6	0.04476422	0.04208133	
308.8	0.04593009	0.04304459	
309	0.04649995	0.04400715	
309.2	0.04779783	0.04496902	
309.4	0.04870184	0.0459302	
309.6	0.04984668	0.04689069	
309.8	0.05037309	0.04785049	
310	0.05134618	0.0488096	
310.2	0.0524467	0.04976802	
310.4	0.05386464	0.05072576	
310.6	0.05521176	0.0516828	
310.8	0.0564907	0.05263916	
311	0.0578881	0.05359483	
311.2	0.05908267	0.05454982	
311.4	0.05987975	0.05550412	
311.6	0.061064	0.05645774	
311.8	0.06167049	0.05741067	
312	0.06292025	0.05836291	
312.2	0.06387689	0.05931447	
312.4	0.06511496	0.06026535	
312.6	0.06596263	0.06121555	
312.8	0.06688842	0.06216506	
313	0.06746608	0.0631139	
313.2	0.06878856	0.06406205	
313.4	0.06945327	0.06500952	
313.6	0.07010964	0.06595631	
313.8	0.0705316	0.06690242	
314	0.07160979	0.06784785	
314.2	0.07246454	0.0687926	
314.4	0.07357489	0.06973667	
314.6	0.07399988	0.07068007	
314.8	0.07488046	0.07162278	
315	0.07559582	0.07256482	
315.2	0.07600266	0.07350619	
315.4	0.07664792	0.07444688	
315.6	0.07742144	0.07538689	
315.8	0.0778309	0.07632623	
316	0.07928065	0.07726489	
316.2	0.08074193	0.07820288	
316.4	0.08209601	0.0791402	
316.6	0.08320579	0.08007684	
316.8	0.08465174	0.08101281	
317	0.08545738	0.08194811	
317.2	0.08644239	0.08288274	
317.4	0.08706612	0.08381669	
317.6	0.08799699	0.08474998	
317.8	0.08875413	0.08568259	
318	0.09026045	0.08661454	
318.2	0.09106946	0.08754581	
318.4	0.09160668	0.08847642	
318.6	0.09187765	0.08940636	
318.8	0.09268392	0.09033563	
319	0.09306604	0.09126423	
319.2	0.09367819	0.09219217	
319.4	0.09413167	0.09311944	
319.6	0.09525355	0.09404604	
319.8	0.09634687	0.09497198	
320	0.09771834	0.09589726	
320.2	0.09881146	0.09682187	
320.4	0.09949038	0.09774581	
320.6	0.10018414	0.0986691	
320.8	0.10142145	0.09959172	
321	0.10206734	0.10051367	
321.2	0.10326994	0.10143497	
321.4	0.10449587	0.1023556	
321.6	0.10578673	0.10327558	
321.8	0.10678308	0.10419489	
322	0.1079624	0.10511354	
322.2	0.10889801	0.10603153	
322.4	0.10942803	0.10694887	
322.6	0.11030378	0.10786554	
322.8	0.11148353	0.10878156	
323	0.11224108	0.10969691	
323.2	0.11316715	0.11061162	
323.4	0.11418829	0.11152566	
323.6	0.11476977	0.11243905	
323.8	0.11565199	0.11335178	
324	0.11625497	0.11426386	
324.2	0.11704289	0.11517528	
324.4	0.11766889	0.11608605	
324.6	0.11844652	0.11699616	
324.8	0.11956031	0.11790562	
325	0.12028174	0.11881443	
325.2	0.12104985	0.11972258	
325.4	0.12125506	0.12063008	
325.6	0.12175599	0.12153693	
325.8	0.12263178	0.12244313	
326	0.12342876	0.12334868	
326.2	0.12420437	0.12425358	
326.4	0.1253411	0.12515783	
326.6	0.12610839	0.12606143	
326.8	0.12700786	0.12696438	
327	0.12829178	0.12786668	
327.2	0.12926617	0.12876833	
327.4	0.13065025	0.12966934	
327.6	0.13161327	0.1305697	
327.8	0.13325045	0.13146941	
328	0.13437195	0.13236848	
328.2	0.13522956	0.1332669	
328.4	0.1364145	0.13416468	
328.6	0.13734437	0.13506181	
328.8	0.13773085	0.1359583	
329	0.13804435	0.13685414	
329.2	0.13816578	0.13774934	
329.4	0.13862494	0.1386439	
329.6	0.13975239	0.13953781	
329.8	0.14079046	0.14043109	
330	0.14169897	0.14132372	
330.2	0.14292464	0.14221571	
330.4	0.14432602	0.14310706	
330.6	0.14517253	0.14399777	
330.8	0.14615572	0.14488784	
331	0.14774063	0.14577727	
331.2	0.14891334	0.14666607	
331.4	0.1508007	0.14755422	
331.6	0.15217279	0.14844174	
331.8	0.15320541	0.14932862	
332	0.15416858	0.15021486	
332.2	0.15486043	0.15110047	
332.4	0.15608559	0.15198544	
332.6	0.1565639	0.15286978	
332.8	0.15650741	0.15375348	
333	0.15698974	0.15463654	
333.2	0.15807929	0.15551897	
333.4	0.15861367	0.15640077	
333.6	0.15943347	0.15728194	
333.8	0.1607227	0.15816247	
334	0.16137705	0.15904237	
334.2	0.16233115	0.15992164	
334.4	0.16279946	0.16080027	
334.6	0.16308349	0.16167828	
334.8	0.16366673	0.16255565	
335	0.16437662	0.1634324	
335.2	0.1648743	0.16430851	
335.4	0.16586618	0.165184	
335.6	0.16606027	0.16605886	
335.8	0.16653194	0.16693309	
336	0.16758723	0.16780669	
336.2	0.16850141	0.16867966	
336.4	0.1700349	0.16955201	
336.6	0.17066608	0.17042373	
336.8	0.17154493	0.17129483	
337	0.17271728	0.1721653	
337.2	0.17404003	0.17303514	
337.4	0.17496983	0.17390436	
337.6	0.17596911	0.17477296	
337.8	0.17701733	0.17564093	
338	0.17786642	0.17650828	
338.2	0.17949928	0.17737501	
338.4	0.1797715	0.17824111	
338.6	0.17950914	0.17910659	
338.8	0.18049182	0.17997145	
339	0.18084327	0.18083569	
339.2	0.18147583	0.18169931	
339.4	0.18255612	0.18256231	
339.6	0.18316764	0.18342469	
339.8	0.18418523	0.18428645	
340	0.18525405	0.18514759	
340.2	0.185743	0.18600811	
340.4	0.18677554	0.18686802	
340.6	0.18748498	0.1877273	
340.8	0.18811031	0.18858598	
341	0.18912976	0.18944403	
341.2	0.18993407	0.19030147	
341.4	0.19090165	0.19115829	
341.6	0.19111637	0.1920145	
341.8	0.19192463	0.19287009	
342	0.1927256	0.19372506	
342.2	0.19343117	0.19457943	
342.4	0.19341524	0.19543318	
342.6	0.19391655	0.19628631	
342.8	0.19524643	0.19713884	
343	0.19610449	0.19799075	
343.2	0.19671204	0.19884205	
343.4	0.19759161	0.19969274	
343.6	0.19808666	0.20054282	
343.8	0.19897749	0.20139229	
344	0.1996646	0.20224115	
344.2	0.20093014	0.20308939	
344.4	0.20214096	0.20393703	
344.6	0.20286522	0.20478406	
344.8	0.20375743	0.20563049	
345	0.20530579	0.2064763	
345.2	0.20621329	0.20732151	
345.4	0.20692907	0.20816611	
345.6	0.20786339	0.2090101	
345.8	0.20893297	0.20985349	
346	0.21012621	0.21069627	
346.2	0.21140549	0.21153845	
346.4	0.21197516	0.21238002	
346.6	0.21307425	0.21322099	
346.8	0.21407661	0.21406135	
347	0.21518035	0.21490111	
347.2	0.21571735	0.21574027	
347.4	0.21673321	0.21657883	
347.6	0.21739099	0.21741678	
347.8	0.21801377	0.21825413	
348	0.21849882	0.21909088	
348.2	0.21943983	0.21992703	
348.4	0.21968441	0.22076258	
348.6	0.2199401	0.22159753	
348.8	0.22079304	0.22243188	
349	0.22167889	0.22326563	
349.2	0.22166058	0.22409878	
349.4	0.22193674	0.22493133	
349.6	0.22263406	0.22576329	
349.8	0.22309886	0.22659465	
350	0.22357698	0.22742541	
350.2	0.22431782	0.22825557	
350.4	0.22479721	0.22908514	
350.6	0.2261254	0.22991411	
350.8	0.22712461	0.23074249	
351	0.22807511	0.23157027	
351.2	0.2292567	0.23239746	
351.4	0.2304854	0.23322406	
351.6	0.23162685	0.23405006	
351.8	0.23287585	0.23487546	
352	0.23450807	0.23570028	
352.2	0.23610893	0.2365245	
352.4	0.23716578	0.23734813	
352.6	0.23835989	0.23817117	
352.8	0.23935004	0.23899362	
353	0.24042124	0.23981548	
353.2	0.24052322	0.24063675	
353.4	0.24114789	0.24145742	
353.6	0.24148809	0.24227751	
353.8	0.24210501	0.24309701	
354	0.24217305	0.24391592	
354.2	0.24236461	0.24473425	
354.4	0.24233048	0.24555198	
354.6	0.24289341	0.24636913	
354.8	0.24300805	0.24718569	
355	0.24361654	0.24800167	
355.2	0.24467766	0.24881706	
355.4	0.24568459	0.24963186	
355.6	0.24687403	0.25044608	
355.8	0.24834287	0.25125971	
356	0.24994309	0.25207276	
356.2	0.25139649	0.25288523	
356.4	0.25221409	0.25369711	
356.6	0.25366449	0.25450841	
356.8	0.25451035	0.25531913	
357	0.25548502	0.25612926	
357.2	0.25605631	0.25693882	
357.4	0.25661197	0.25774779	
357.6	0.25710337	0.25855618	
357.8	0.25787819	0.25936399	
358	0.25789792	0.26017122	
358.2	0.2583979	0.26097787	
358.4	0.25892327	0.26178394	
358.6	0.25965154	0.26258944	
358.8	0.25980988	0.26339435	
359	0.26037046	0.26419869	
359.2	0.26150068	0.26500245	
359.4	0.26244665	0.26580563	
359.6	0.26382481	0.26660823	
359.8	0.26506178	0.26741026	
360	0.26646098	0.26821171	
360.2	0.26722571	0.26901259	
360.4	0.26808468	0.26981289	
360.6	0.26949372	0.27061262	
360.8	0.27070483	0.27141177	
361	0.27179226	0.27221035	
361.2	0.27277546	0.27300836	
361.4	0.27368964	0.27380579	
361.6	0.27478006	0.27460265	
361.8	0.27595227	0.27539894	
362	0.27656951	0.27619466	
362.2	0.27750787	0.2769898	
362.4	0.27816031	0.27778438	
362.6	0.27898505	0.27857838	
362.8	0.279053	0.27937181	
363	0.27942851	0.28016468	
363.2	0.28025971	0.28095697	
363.4	0.28085845	0.2817487	
363.6	0.28141692	0.28253985	
363.8	0.2816493	0.28333044	
364	0.28227178	0.28412046	
364.2	0.28303985	0.28490992	
364.4	0.28443352	0.2856988	
364.6	0.28530191	0.28648712	
364.8	0.28631281	0.28727488	
365	0.28730016	0.28806207	
365.2	0.28807156	0.28884869	
365.4	0.28882216	0.28963475	
365.6	0.28979087	0.29042024	
365.8	0.29099483	0.29120517	
366	0.29168853	0.29198954	
366.2	0.29290814	0.29277334	
366.4	0.29351503	0.29355658	
366.6	0.2939428	0.29433926	
366.8	0.29422435	0.29512138	
367	0.29483415	0.29590293	
367.2	0.2951285	0.29668393	
367.4	0.29589647	0.29746436	
367.6	0.29667347	0.29824423	
367.8	0.29773117	0.29902354	
368	0.29860236	0.2998023	
368.2	0.29976599	0.30058049	
368.4	0.30084295	0.30135812	
368.6	0.30162372	0.3021352	
368.8	0.30261782	0.30291172	
369	0.30370047	0.30368768	
369.2	0.30413857	0.30446308	
369.4	0.3050761	0.30523793	
369.6	0.30630585	0.30601222	
369.8	0.30694679	0.30678595	
370	0.30760111	0.30755913	
370.2	0.3085729	0.30833175	
370.4	0.30892077	0.30910382	
370.6	0.30935695	0.30987534	
370.8	0.30994013	0.3106463	
371	0.31039828	0.3114167	
371.2	0.31088555	0.31218656	
371.4	0.3118222	0.31295586	
371.6	0.31237901	0.3137246	
371.8	0.31288815	0.3144928	
372	0.31331928	0.31526044	
372.2	0.31435921	0.31602754	
372.4	0.31511541	0.31679408	
372.6	0.31532329	0.31756007	
372.8	0.31583681	0.31832551	
373	0.31661292	0.31909041	
373.2	0.31742902	0.31985475	
373.4	0.31835508	0.32061854	
373.6	0.31922725	0.32138179	
373.8	0.31969021	0.32214449	
374	0.32111441	0.32290664	
374.2	0.32218502	0.32366824	
374.4	0.32281965	0.3244293	
374.6	0.32321245	0.32518981	
374.8	0.32433262	0.32594977	
375	0.32532839	0.32670919	
375.2	0.32588766	0.32746806	
375.4	0.32655592	0.32822639	
375.6	0.32705821	0.32898417	
375.8	0.32762568	0.32974141	
376	0.32820914	0.3304981	
376.2	0.32877732	0.33125425	
376.4	0.32914194	0.33200986	
376.6	0.32962735	0.33276493	
376.8	0.33101177	0.33351945	
377	0.33223912	0.33427344	
377.2	0.33296087	0.33502688	
377.4	0.33409535	0.33577978	
377.6	0.33495408	0.33653213	
377.8	0.33593164	0.33728395	
378	0.33682212	0.33803523	
378.2	0.33763904	0.33878597	
378.4	0.3381963	0.33953617	
378.6	0.33886193	0.34028583	
378.8	0.34032835	0.34103496	
379	0.34048694	0.34178354	
379.2	0.34094544	0.34253159	
379.4	0.34186206	0.3432791	
379.6	0.34207555	0.34402608	
379.8	0.34226653	0.34477251	
380	0.3429413	0.34551842	
380.2	0.34327697	0.34626378	
380.4	0.34390383	0.34700861	
380.6	0.3448103	0.34775291	
380.8	0.34586231	0.34849667	
381	0.34652113	0.3492399	
381.2	0.3466419	0.34998259	
381.4	0.34746089	0.35072475	
381.6	0.3481997	0.35146638	
381.8	0.34931031	0.35220747	
382	0.34990487	0.35294804	
382.2	0.35116087	0.35368807	
382.4	0.35195813	0.35442757	
382.6	0.35269434	0.35516654	
382.8	0.35369289	0.35590497	
383	0.35412864	0.35664288	
383.2	0.35509586	0.35738026	
383.4	0.35586772	0.35811711	
383.6	0.35632554	0.35885343	
383.8	0.35698143	0.35958922	
384	0.35812805	0.36032448	
384.2	0.35855465	0.36105922	
384.4	0.35905132	0.36179342	
384.6	0.35964221	0.3625271	
384.8	0.36010889	0.36326026	
385	0.36105757	0.36399288	
385.2	0.36145918	0.36472498	
385.4	0.36236659	0.36545656	
385.6	0.36325503	0.36618761	
385.8	0.36456558	0.36691813	
386	0.36498632	0.36764813	
386.2	0.36581884	0.3683776	
386.4	0.36684891	0.36910656	
386.6	0.36780305	0.36983498	
386.8	0.36883591	0.37056289	
387	0.36984662	0.37129027	
387.2	0.37106587	0.37201713	
387.4	0.37233857	0.37274347	
387.6	0.37370699	0.37346929	
387.8	0.37470997	0.37419458	
388	0.37563922	0.37491936	
388.2	0.37612566	0.37564361	
388.4	0.37651487	0.37636735	
388.6	0.37723316	0.37709056	
388.8	0.37803991	0.37781326	
389	0.37885894	0.37853543	
389.2	0.37957596	0.37925709	
389.4	0.38024479	0.37997823	
389.6	0.38073033	0.38069885	
389.8	0.38172891	0.38141896	
390	0.38181621	0.38213854	
390.2	0.38269446	0.38285761	
390.4	0.38357373	0.38357617	
390.6	0.38399072	0.38429421	
390.8	0.38401881	0.38501173	
391	0.38488957	0.38572874	
391.2	0.38553317	0.38644523	
391.4	0.38630406	0.38716121	
391.6	0.3868827	0.38787667	
391.8	0.38745733	0.38859162	
392	0.38784873	0.38930606	
392.2	0.38851748	0.39001998	
392.4	0.38888939	0.39073339	
392.6	0.38951096	0.39144629	
392.8	0.39038615	0.39215868	
393	0.39132674	0.39287055	
393.2	0.39222866	0.39358192	
393.4	0.39259542	0.39429277	
393.6	0.39345935	0.39500311	
393.8	0.39457118	0.39571295	
394	0.39511134	0.39642227	
394.2	0.39606026	0.39713108	
394.4	0.39659709	0.39783939	
394.6	0.39673581	0.39854718	
394.8	0.39729157	0.39925447	
395	0.39833821	0.39996125	
395.2	0.39913759	0.40066753	
395.4	0.4001313	0.40137329	
395.6	0.40120285	0.40207855	
395.8	0.40224691	0.4027833	
396	0.40293043	0.40348755	
396.2	0.40369374	0.40419129	
396.4	0.40438608	0.40489452	
396.6	0.40550943	0.40559725	
396.8	0.40625373	0.40629948	
397	0.40668605	0.4070012	
397.2	0.40721334	0.40770242	
397.4	0.4080758	0.40840313	
397.6	0.40929837	0.40910334	
397.8	0.40990873	0.40980305	
398	0.410641	0.41050226	
398.2	0.41180114	0.41120096	
398.4	0.41209014	0.41189916	
398.6	0.41283205	0.41259686	
398.8	0.41379354	0.41329406	
399	0.41462647	0.41399076	
399.2	0.41547952	0.41468696	
399.4	0.41613587	0.41538266	
399.6	0.41671444	0.41607786	
399.8	0.41730776	0.41677256	
400	0.41800649	0.41746676	
400.2	0.41868381	0.41816046	
400.4	0.41943178	0.41885366	
400.6	0.42055675	0.41954637	
400.8	0.42066302	0.42023858	
401	0.42122354	0.42093029	
401.2	0.42215889	0.42162151	
401.4	0.42336243	0.42231223	
401.6	0.42455996	0.42300245	
401.8	0.4251466	0.42369218	
402	0.42609123	0.42438141	
402.2	0.42699184	0.42507015	
402.4	0.42755838	0.42575839	
402.6	0.42854467	0.42644614	
402.8	0.4291224	0.42713339	
403	0.42934495	0.42782015	
403.2	0.42963872	0.42850642	
403.4	0.43027451	0.4291922	
403.6	0.43076896	0.42987748	
403.8	0.43132419	0.43056227	
404	0.43188671	0.43124657	
404.2	0.43230712	0.43193038	
404.4	0.43267947	0.4326137	
404.6	0.43327573	0.43329652	
404.8	0.43319846	0.43397886	
405	0.43384593	0.4346607	
405.2	0.43465416	0.43534206	
405.4	0.43560261	0.43602293	
405.6	0.43640385	0.4367033	
405.8	0.43689437	0.43738319	
406	0.43740097	0.43806259	
406.2	0.43786975	0.43874151	
406.4	0.43844134	0.43941993	
406.6	0.4388295	0.44009787	
406.8	0.43912067	0.44077532	
407	0.43983511	0.44145229	
407.2	0.44108339	0.44212877	
407.4	0.44215606	0.44280476	
407.6	0.44299662	0.44348027	
407.8	0.44364257	0.44415529	
408	0.44459783	0.44482983	
408.2	0.44505279	0.44550389	
408.4	0.44578704	0.44617746	
408.6	0.4463122	0.44685054	
408.8	0.44673506	0.44752315	
409	0.44781532	0.44819527	
409.2	0.44933464	0.4488669	
409.4	0.45042908	0.44953806	
409.6	0.45147755	0.45020873	
409.8	0.45226425	0.45087892	
410	0.45286373	0.45154863	
410.2	0.45375855	0.45221786	
410.4	0.45418979	0.45288661	
410.6	0.45474261	0.45355488	
410.8	0.45549991	0.45422267	
411	0.45637022	0.45488998	
411.2	0.45714351	0.45555681	
411.4	0.45789557	0.45622316	
411.6	0.45874997	0.45688903	
411.8	0.45905502	0.45755443	
412	0.4597034	0.45821935	
412.2	0.46000833	0.45888379	
412.4	0.46028596	0.45954775	
412.6	0.46024652	0.46021123	
412.8	0.46085197	0.46087424	
413	0.46178142	0.46153678	
413.2	0.46246846	0.46219883	
413.4	0.46290242	0.46286042	
413.6	0.46384083	0.46352152	
413.8	0.46445281	0.46418216	
414	0.46487779	0.46484231	
414.2	0.46545665	0.465502	
414.4	0.4655723	0.46616121	
414.6	0.46625939	0.46681994	
414.8	0.46705141	0.46747821	
415	0.46743962	0.468136	
415.2	0.46826429	0.46879332	
415.4	0.46920504	0.46945016	
415.6	0.47002596	0.47010654	
415.8	0.4710037	0.47076244	
416	0.47216867	0.47141788	
416.2	0.47298448	0.47207284	
416.4	0.47355394	0.47272733	
416.6	0.47451247	0.47338135	
416.8	0.47571753	0.4740349	
417	0.47642016	0.47468799	
417.2	0.4772835	0.4753406	
417.4	0.47850803	0.47599275	
417.6	0.47913902	0.47664442	
417.8	0.47943195	0.47729563	
418	0.47992075	0.47794637	
418.2	0.48055744	0.47859665	
418.4	0.48101517	0.47924646	
418.6	0.48150784	0.4798958	
418.8	0.48204093	0.48054467	
419	0.48218109	0.48119308	
419.2	0.48276212	0.48184102	
419.4	0.48332051	0.4824885	
419.6	0.48384646	0.48313551	
419.8	0.48447393	0.48378206	
420	0.48447393	0.48442814	
420.2	0.48433433	0.4843003	
420.4	0.48406379	0.48417248	
420.6	0.48351049	0.4840447	
420.8	0.48307402	0.48391696	
421	0.48247656	0.48378924	
421.2	0.48216289	0.48366156	
421.4	0.48221371	0.48353392	
421.6	0.4822082	0.48340631	
421.8	0.48229184	0.48327873	
422	0.48188785	0.48315119	
422.2	0.48126108	0.48302368	
422.4	0.48081976	0.4828962	
422.6	0.48067774	0.48276876	
422.8	0.48027908	0.48264135	
423	0.48005828	0.48251397	
423.2	0.47954964	0.48238663	
423.4	0.47983456	0.48225932	
423.6	0.47955539	0.48213204	
423.8	0.47966971	0.4820048	
424	0.47945789	0.48187759	
424.2	0.4795166	0.48175042	
424.4	0.47925439	0.48162328	
424.6	0.47915628	0.48149617	
424.8	0.47926624	0.4813691	
425	0.47942921	0.48124206	
425.2	0.47992436	0.48111505	
425.4	0.48029582	0.48098808	
425.6	0.48012048	0.48086114	
425.8	0.47970699	0.48073423	
426	0.47868609	0.48060736	
426.2	0.47848631	0.48048052	
426.4	0.47835471	0.48035371	
426.6	0.47806811	0.48022694	
426.8	0.47751081	0.4801002	
427	0.47725306	0.4799735	
427.2	0.47683187	0.47984683	
427.4	0.47631912	0.47972019	
427.6	0.47623005	0.47959358	
427.8	0.47639794	0.47946701	
428	0.47631997	0.47934047	
428.2	0.47661043	0.47921397	
428.4	0.47675371	0.4790875	
428.6	0.47706108	0.47896106	
428.8	0.47732891	0.47883465	
429	0.47688226	0.47870828	
429.2	0.47686941	0.47858194	
429.4	0.47647251	0.47845564	
429.6	0.47618853	0.47832937	
429.8	0.47635799	0.47820313	
430	0.47669666	0.47807693	
430.2	0.47713811	0.47795075	
430.4	0.47725229	0.47782462	
430.6	0.47728406	0.47769851	
430.8	0.47691544	0.47757244	
431	0.4763432	0.4774464	
431.2	0.47600223	0.4773204	
431.4	0.47567629	0.47719443	
431.6	0.47555541	0.47706849	
431.8	0.47535455	0.47694258	
432	0.47481968	0.47681671	
432.2	0.47522621	0.47669087	
432.4	0.47460405	0.47656507	
432.6	0.4742106	0.47643929	
432.8	0.47371983	0.47631355	
433	0.47323782	0.47618785	
433.2	0.47344265	0.47606217	
433.4	0.47332329	0.47593654	
433.6	0.4738045	0.47581093	
433.8	0.47397715	0.47568536	
434	0.47382805	0.47555982	
434.2	0.47362742	0.47543431	
434.4	0.47347683	0.47530883	
434.6	0.4733329	0.47518339	
434.8	0.47267837	0.47505799	
435	0.47228976	0.47493261	
435.2	0.47221295	0.47480727	
435.4	0.4718006	0.47468196	
435.6	0.4713716	0.47455669	
435.8	0.47156129	0.47443144	
436	0.47123654	0.47430623	
436.2	0.47132543	0.47418106	
436.4	0.47058564	0.47405591	
436.6	0.47015355	0.4739308	
436.8	0.46985082	0.47380573	
437	0.47019356	0.47368068	
437.2	0.47014524	0.47355567	
437.4	0.47033321	0.47343069	
437.6	0.47019877	0.47330575	
437.8	0.46949714	0.47318084	
438	0.46924557	0.47305596	
438.2	0.4689825	0.47293111	
438.4	0.46859225	0.4728063	
438.6	0.46857062	0.47268152	
438.8	0.46829671	0.47255677	
439	0.46853451	0.47243206	
439.2	0.46862736	0.47230737	
439.4	0.46887976	0.47218273	
439.6	0.46886405	0.47205811	
439.8	0.46913571	0.47193353	
440	0.46912499	0.47180898	
440.2	0.46910402	0.47168446	
440.4	0.46896223	0.47155998	
440.6	0.46846282	0.47143552	
440.8	0.46855223	0.47131111	
441	0.46895249	0.47118672	
441.2	0.46852913	0.47106237	
441.4	0.46815717	0.47093805	
441.6	0.46768465	0.47081376	
441.8	0.46718212	0.4706895	
442	0.46695394	0.47056528	
442.2	0.46654629	0.47044109	
442.4	0.46659609	0.47031694	
442.6	0.46634985	0.47019281	
442.8	0.46618693	0.47006872	
443	0.46576625	0.46994467	
443.2	0.46523015	0.46982064	
443.4	0.46504598	0.46969665	
443.6	0.46477618	0.46957269	
443.8	0.46464889	0.46944876	
444	0.46517358	0.46932487	
444.2	0.46529616	0.46920101	
444.4	0.46567026	0.46907718	
444.6	0.46544018	0.46895338	
444.8	0.46575664	0.46882962	
445	0.46571191	0.46870589	
445.2	0.46526002	0.46858219	
445.4	0.46553605	0.46845852	
445.6	0.46567419	0.46833489	
445.8	0.46564662	0.46821129	
446	0.46555466	0.46808772	
446.2	0.46592489	0.46796419	
446.4	0.46621529	0.46784068	
446.6	0.46544932	0.46771721	
446.8	0.46582054	0.46759378	
447	0.46515097	0.46747037	
447.2	0.46495288	0.467347	
447.4	0.46502911	0.46722366	
447.6	0.46459399	0.46710035	
447.8	0.46437247	0.46697708	
448	0.46513855	0.46685384	
448.2	0.4645543	0.46673063	
448.4	0.46460713	0.46660745	
448.6	0.46401149	0.46648431	
448.8	0.46415872	0.46636119	
449	0.46363761	0.46623811	
449.2	0.46372591	0.46611507	
449.4	0.46380125	0.46599205	
449.6	0.46319147	0.46586907	
449.8	0.46308008	0.46574612	
450	0.46278678	0.4656232	
450.2	0.46306567	0.46550032	
450.4	0.46286079	0.46537747	
450.6	0.46270319	0.46525465	
450.8	0.46284838	0.46513186	
451	0.46213524	0.46500911	
451.2	0.46184143	0.46488638	
451.4	0.46200211	0.46476369	
451.6	0.46201011	0.46464104	
451.8	0.46231767	0.46451841	
452	0.46242145	0.46439582	
452.2	0.46207636	0.46427326	
452.4	0.46209452	0.46415073	
452.6	0.46211007	0.46402823	
452.8	0.46231265	0.46390577	
453	0.46180508	0.46378334	
453.2	0.46162675	0.46366094	
453.4	0.46139134	0.46353857	
453.6	0.46107714	0.46341624	
453.8	0.46097832	0.46329393	
454	0.46060049	0.46317166	
454.2	0.46052122	0.46304943	
454.4	0.46018237	0.46292722	
454.6	0.4595019	0.46280505	
454.8	0.45935247	0.46268291	
455	0.45881592	0.4625608	
455.2	0.45881952	0.46243872	
455.4	0.45937402	0.46231668	
455.6	0.4592678	0.46219467	
455.8	0.4595029	0.46207269	
456	0.45924896	0.46195074	
456.2	0.45919257	0.46182882	
456.4	0.45871384	0.46170694	
456.6	0.45875379	0.46158509	
456.8	0.45896481	0.46146327	
457	0.45847493	0.46134148	
457.2	0.45871648	0.46121973	
457.4	0.45868362	0.46109801	
457.6	0.45883704	0.46097632	
457.8	0.45848246	0.46085466	
458	0.45788708	0.46073303	
458.2	0.45701248	0.46061144	
458.4	0.45701797	0.46048987	
458.6	0.45642066	0.46036834	
458.8	0.45668467	0.46024685	
459	0.45643514	0.46012538	
459.2	0.45637663	0.46000395	
459.4	0.45638023	0.45988255	
459.6	0.45615219	0.45976118	
459.8	0.45626492	0.45963984	
460	0.45586344	0.45951853	
460.2	0.45585101	0.45939726	
460.4	0.4559867	0.45927602	
460.6	0.45625214	0.45915481	
460.8	0.45698294	0.45903363	
461	0.45695148	0.45891249	
461.2	0.45742244	0.45879137	
461.4	0.45754476	0.45867029	
461.6	0.45768163	0.45854924	
461.8	0.45746614	0.45842822	
462	0.45711416	0.45830724	
462.2	0.45735753	0.45818628	
462.4	0.45784688	0.45806536	
462.6	0.45750484	0.45794447	
462.8	0.45756276	0.45782361	
463	0.45734555	0.45770279	
463.2	0.45688497	0.45758199	
463.4	0.4567355	0.45746123	
463.6	0.45638667	0.4573405	
463.8	0.45599133	0.4572198	
464	0.45593636	0.45709913	
464.2	0.45603059	0.4569785	
464.4	0.45588454	0.4568579	
464.6	0.45579768	0.45673732	
464.8	0.45552382	0.45661679	
465	0.45554477	0.45649628	
465.2	0.45562872	0.4563758	
465.4	0.45631462	0.45625536	
465.6	0.45600607	0.45613494	
465.8	0.45664265	0.45601456	
466	0.45686154	0.45589422	
466.2	0.45690746	0.4557739	
466.4	0.45665013	0.45565361	
466.6	0.45671476	0.45553336	
466.8	0.45644701	0.45541314	
467	0.45594885	0.45529295	
467.2	0.45562065	0.45517279	
467.4	0.45550615	0.45505266	
467.6	0.45494883	0.45493257	
467.8	0.45444937	0.4548125	
468	0.45368076	0.45469247	
468.2	0.45311481	0.45457247	
468.4	0.45264814	0.45445251	
468.6	0.45234394	0.45433257	
468.8	0.45166476	0.45421266	
469	0.4518686	0.45409279	
469.2	0.45152068	0.45397295	
469.4	0.4514718	0.45385314	
469.6	0.45098985	0.45373336	
469.8	0.45119844	0.45361361	
470	0.4507697	0.4534939	
470.2	0.45075157	0.45337422	
470.4	0.45081345	0.45325456	
470.6	0.4510934	0.45313494	
470.8	0.4506741	0.45301535	
471	0.45069248	0.4528958	
471.2	0.45076096	0.45277627	
471.4	0.45086536	0.45265678	
471.6	0.4505829	0.45253731	
471.8	0.45049272	0.45241788	
472	0.45017638	0.45229848	
472.2	0.4507204	0.45217912	
472.4	0.45060668	0.45205978	
472.6	0.45092145	0.45194047	
472.8	0.45076028	0.4518212	
473	0.45058049	0.45170196	
473.2	0.45017887	0.45158275	
473.4	0.44997814	0.45146357	
473.6	0.44998535	0.45134442	
473.8	0.44977519	0.4512253	
474	0.44937235	0.45110622	
474.2	0.44973903	0.45098717	
474.4	0.44965582	0.45086814	
474.6	0.4502111	0.45074915	
474.8	0.44978848	0.45063019	
475	0.45013244	0.45051127	
475.2	0.4498552	0.45039237	
475.4	0.4501369	0.45027351	
475.6	0.45015035	0.45015467	
475.8	0.45006862	0.45003587	
476	0.44983447	0.4499171	
476.2	0.45011201	0.44979836	
476.4	0.44962388	0.44967965	
476.6	0.44942887	0.44956097	
476.8	0.44888904	0.44944233	
477	0.44824412	0.44932371	
477.2	0.44780063	0.44920513	
477.4	0.44723722	0.44908658	
477.6	0.4468916	0.44896806	
477.8	0.44619257	0.44884957	
478	0.44594569	0.44873111	
478.2	0.44593663	0.44861269	
478.4	0.44609658	0.44849429	
478.6	0.4462837	0.44837593	
478.8	0.44572203	0.44825759	
479	0.44626915	0.44813929	
479.2	0.44651081	0.44802102	
479.4	0.44644637	0.44790278	
479.6	0.44651297	0.44778457	
479.8	0.44674443	0.4476664	
480	0.44689235	0.44754825	
480.2	0.4472295	0.44743014	
480.4	0.44651016	0.44731205	
480.6	0.4464847	0.447194	
480.8	0.44655623	0.44707598	
481	0.44580263	0.44695799	
481.2	0.44571294	0.44684003	
481.4	0.44538312	0.44672211	
481.6	0.44521305	0.44660421	
481.8	0.44493612	0.44648634	
482	0.44502256	0.44636851	
482.2	0.4451986	0.44625071	
482.4	0.44549641	0.44613293	
482.6	0.44547268	0.44601519	
482.8	0.4454465	0.44589748	
483	0.44610781	0.4457798	
483.2	0.44615175	0.44566216	
483.4	0.44553431	0.44554454	
483.6	0.44626986	0.44542695	
483.8	0.44658017	0.4453094	
484	0.44659164	0.44519188	
484.2	0.44649255	0.44507438	
484.4	0.44581896	0.44495692	
484.6	0.44600858	0.44483949	
484.8	0.44554759	0.44472209	
485	0.44509579	0.44460472	
485.2	0.44533989	0.44448739	
485.4	0.44483744	0.44437008	
485.6	0.44474418	0.4442528	
485.8	0.44396983	0.44413556	
486	0.44370542	0.44401835	
486.2	0.44370993	0.44390116	
486.4	0.44334119	0.44378401	
486.6	0.44306896	0.44366689	
486.8	0.4434777	0.4435498	
487	0.44329462	0.44343274	
487.2	0.44282802	0.44331571	
487.4	0.44233816	0.44319872	
487.6	0.44251636	0.44308175	
487.8	0.44231552	0.44296481	
488	0.44219933	0.44284791	
488.2	0.44185931	0.44273103	
488.4	0.44135504	0.44261419	
488.6	0.4410722	0.44249738	
488.8	0.44114298	0.4423806	
489	0.44091942	0.44226385	
489.2	0.44054439	0.44214713	
489.4	0.44007619	0.44203044	
489.6	0.44005428	0.44191378	
489.8	0.43953551	0.44179715	
490	0.43993413	0.44168056	
490.2	0.44038744	0.44156399	
490.4	0.44047079	0.44144746	
490.6	0.44102334	0.44133095	
490.8	0.44145624	0.44121448	
491	0.44107963	0.44109803	
491.2	0.44148387	0.44098162	
491.4	0.44146647	0.44086524	
491.6	0.44142196	0.44074889	
491.8	0.44137223	0.44063257	
492	0.44106878	0.44051628	
492.2	0.44061934	0.44040002	
492.4	0.44009117	0.44028379	
492.6	0.43965536	0.4401676	
492.8	0.44006969	0.44005143	
493	0.43962001	0.4399353	
493.2	0.43968791	0.43981919	
493.4	0.43953772	0.43970312	
493.6	0.43972823	0.43958707	
493.8	0.43948352	0.43947106	
494	0.43951663	0.43935508	
494.2	0.4393988	0.43923912	
494.4	0.43886699	0.4391232	
494.6	0.4391278	0.43900731	
494.8	0.43902907	0.43889145	
495	0.43874915	0.43877562	
495.2	0.43881706	0.43865982	
495.4	0.4381436	0.43854405	
495.6	0.43805144	0.43842831	
495.8	0.43801997	0.43831261	
496	0.43822597	0.43819693	
496.2	0.43863442	0.43808128	
496.4	0.43852385	0.43796567	
496.6	0.43919156	0.43785008	
496.8	0.43967275	0.43773453	
497	0.43958394	0.437619	
497.2	0.4398638	0.43750351	
497.4	0.43911065	0.43738805	
497.6	0.43916326	0.43727261	
497.8	0.43906562	0.43715721	
498	0.43898843	0.43704184	
498.2	0.43872842	0.4369265	
498.4	0.4384765	0.43681119	
498.6	0.43861473	0.4366959	
498.8	0.43837465	0.43658065	
499	0.43786984	0.43646543	
499.2	0.43760546	0.43635025	
499.4	0.43709374	0.43623509	
499.6	0.43734015	0.43611996	
499.8	0.43755154	0.43600486	
500	0.43820007	0.43588979	
500.2	0.4385149	0.43577475	
500.4	0.43850297	0.43565975	
500.6	0.43854091	0.43554477	
500.8	0.4384293	0.43542982	
501	0.43780931	0.43531491	
501.2	0.43778649	0.43520002	
501.4	0.43729374	0.43508517	
501.6	0.4376953	0.43497034	
501.8	0.43803549	0.43485555	
502	0.4379285	0.43474078	
502.2	0.43828155	0.43462605	
502.4	0.43795828	0.43451134	
502.6	0.43774785	0.43439667	
502.8	0.43752986	0.43428202	
503	0.43726723	0.43416741	
503.2	0.43670375	0.43405283	
503.4	0.43661465	0.43393828	
503.6	0.43684418	0.43382375	
503.8	0.43682042	0.43370926	
504	0.43706153	0.4335948	
504.2	0.4367978	0.43348037	
504.4	0.43645167	0.43336597	
504.6	0.43581513	0.43325159	
504.8	0.43579788	0.43313725	
505	0.43534832	0.43302294	
505.2	0.43533061	0.43290866	
505.4	0.43511474	0.43279441	
505.6	0.43538279	0.43268019	
505.8	0.43524715	0.432566	
506	0.43550198	0.43245184	
506.2	0.43591432	0.43233771	
506.4	0.43513919	0.43222361	
506.6	0.43510845	0.43210954	
506.8	0.43490689	0.4319955	
507	0.43463809	0.43188149	
507.2	0.43466436	0.43176751	
507.4	0.43483831	0.43165356	
507.6	0.4342887	0.43153964	
507.8	0.43408437	0.43142575	
508	0.43392505	0.43131189	
508.2	0.43355877	0.43119806	
508.4	0.43330606	0.43108426	
508.6	0.43278204	0.43097049	
508.8	0.43332085	0.43085675	
509	0.43297582	0.43074304	
509.2	0.43274501	0.43062936	
509.4	0.4331141	0.43051571	
509.6	0.43323091	0.4304021	
509.8	0.43317379	0.43028851	
510	0.43344568	0.43017495	
510.2	0.43324504	0.43006142	
510.4	0.43280513	0.42994792	
510.6	0.4329507	0.42983445	
510.8	0.43283295	0.42972101	
511	0.43273287	0.4296076	
511.2	0.43281163	0.42949422	
511.4	0.43233326	0.42938087	
511.6	0.43185518	0.42926755	
511.8	0.43177231	0.42915426	
512	0.43124104	0.429041	
512.2	0.43125373	0.42892777	
512.4	0.43118111	0.42881457	
512.6	0.43105292	0.4287014	
512.8	0.43115403	0.42858826	
513	0.43064491	0.42847515	
513.2	0.43062872	0.42836207	
513.4	0.43097649	0.42824902	
513.6	0.43074842	0.428136	
513.8	0.43060197	0.42802301	
514	0.43043566	0.42791004	
514.2	0.4303928	0.42779711	
514.4	0.43053446	0.42768421	
514.6	0.43057618	0.42757134	
514.8	0.43031113	0.4274585	
515	0.43038744	0.42734568	
515.2	0.43038537	0.4272329	
515.4	0.43038545	0.42712015	
515.6	0.43045421	0.42700743	
515.8	0.43016496	0.42689473	
516	0.43016139	0.42678207	
516.2	0.43031499	0.42666943	
516.4	0.43030687	0.42655683	
516.6	0.43053986	0.42644426	
516.8	0.43004071	0.42633171	
517	0.43002593	0.4262192	
517.2	0.42992662	0.42610671	
517.4	0.43036602	0.42599425	
517.6	0.42990668	0.42588183	
517.8	0.43003826	0.42576943	
518	0.42975972	0.42565707	
518.2	0.42991308	0.42554473	
518.4	0.42975138	0.42543242	
518.6	0.42936499	0.42532014	
518.8	0.42871651	0.4252079	
519	0.4286633	0.42509568	
519.2	0.42856497	0.42498349	
519.4	0.42843874	0.42487133	
519.6	0.42843392	0.4247592	
519.8	0.42812772	0.4246471	
520	0.42803926	0.42453503	
520.2	0.42769444	0.42442299	
520.4	0.42789552	0.42431098	
520.6	0.42766804	0.42419899	
520.8	0.42689025	0.42408704	
521	0.4272835	0.42397512	
521.2	0.42719684	0.42386323	
521.4	0.42704612	0.42375136	
521.6	0.42678863	0.42363953	
521.8	0.4271662	0.42352772	
522	0.42715196	0.42341595	
522.2	0.42770276	0.4233042	
522.4	0.42744676	0.42319249	
522.6	0.42752031	0.4230808	
522.8	0.42741693	0.42296914	
523	0.42825702	0.42285752	
523.2	0.42843287	0.42274592	
523.4	0.42821836	0.42263435	
523.6	0.42823215	0.42252281	
523.8	0.42812022	0.4224113	
524	0.42801905	0.42229982	
524.2	0.42743902	0.42218837	
524.4	0.42687366	0.42207695	
524.6	0.42620763	0.42196556	
524.8	0.42580595	0.42185419	
525	0.42589905	0.42174286	
525.2	0.42529959	0.42163156	
525.4	0.42477621	0.42152028	
525.6	0.42478515	0.42140904	
525.8	0.42459094	0.42129782	
526	0.42462228	0.42118663	
526.2	0.42495907	0.42107548	
526.4	0.42502687	0.42096435	
526.6	0.42548407	0.42085325	
526.8	0.42548289	0.42074218	
527	0.42593892	0.42063114	
527.2	0.42583663	0.42052013	
527.4	0.42611064	0.42040915	
527.6	0.42640448	0.4202982	
527.8	0.42638948	0.42018727	
528	0.42643515	0.42007638	
528.2	0.42586818	0.41996552	
528.4	0.42592327	0.41985468	
528.6	0.42604089	0.41974388	
528.8	0.42612907	0.4196331	
529	0.42638354	0.41952235	
529.2	0.42644464	0.41941163	
529.4	0.426471	0.41930095	
529.6	0.42611646	0.41919029	
529.8	0.4258821	0.41907966	
530	0.42595626	0.41896905	
530.2	0.42627028	0.41885848	
530.4	0.42623234	0.41874794	
530.6	0.42604711	0.41863743	
530.8	0.4255752	0.41852694	
531	0.42521279	0.41841649	
531.2	0.42471997	0.41830606	
531.4	0.42455488	0.41819566	
531.6	0.424283	0.4180853	
531.8	0.42424815	0.41797496	
532	0.42391579	0.41786465	
532.2	0.42353736	0.41775437	
532.4	0.42355977	0.41764412	
532.6	0.42356893	0.41753389	
532.8	0.42375619	0.4174237	
533	0.42405873	0.41731354	
533.2	0.42382745	0.4172034	
533.4	0.42341505	0.41709329	
533.6	0.42298672	0.41698322	
533.8	0.42276824	0.41687317	
534	0.42280549	0.41676315	
534.2	0.42280779	0.41665316	
534.4	0.42263939	0.4165432	
534.6	0.4220177	0.41643327	
534.8	0.4217935	0.41632337	
535	0.42178894	0.41621349	
535.2	0.42200945	0.41610365	
535.4	0.42232965	0.41599383	
535.6	0.42226208	0.41588405	
535.8	0.42214049	0.41577429	
536	0.42146302	0.41566456	
536.2	0.42163507	0.41555486	
536.4	0.42230195	0.41544519	
536.6	0.42231594	0.41533555	
536.8	0.42208505	0.41522593	
537	0.42180815	0.41511635	
537.2	0.42180465	0.41500679	
537.4	0.42188511	0.41489727	
537.6	0.4217937	0.41478777	
537.8	0.42177066	0.4146783	
538	0.42193339	0.41456886	
538.2	0.42183837	0.41445945	
538.4	0.42170238	0.41435007	
538.6	0.42145994	0.41424072	
538.8	0.42164411	0.41413139	
539	0.42158759	0.4140221	
539.2	0.42123558	0.41391283	
539.4	0.42074568	0.41380359	
539.6	0.42021326	0.41369438	
539.8	0.41974505	0.4135852	
