Conc1	3E-07	
Start1	240.01	
Stop1	479.8	
Kobs	0.0123789802839292	
Error Kobs	9.06658121455852E-05	
Koff	0	
Error Koff	0	
Time1	Data1	Fit1	
240.01	0.02444947	0	
240.21	0.02913397	0.0107905	
240.41	0.03466581	0.02150531	
240.61	0.04114067	0.03214496	
240.81	0.04862035	0.04270998	
241.01	0.05710436	0.05320089	
241.21	0.0663122	0.06361821	
241.41	0.07614255	0.07396246	
241.61	0.08634999	0.08423415	
241.81	0.09681262	0.09443379	
242.01	0.10698071	0.10456189	
242.21	0.11660237	0.11461894	
242.41	0.1262853	0.12460545	
242.61	0.13567265	0.13452191	
242.81	0.14518456	0.14436881	
243.01	0.15432057	0.15414664	
243.21	0.1637968	0.16385588	
243.41	0.17294762	0.17349702	
243.61	0.18222511	0.18307052	
243.81	0.19130672	0.19257688	
244.01	0.19970351	0.20201656	
244.21	0.20819603	0.21139002	
244.41	0.21676772	0.22069773	
244.61	0.225403	0.22994015	
244.81	0.23392385	0.23911774	
245.01	0.24312003	0.24823095	
245.21	0.25172843	0.25728024	
245.41	0.26012052	0.26626606	
245.61	0.26862964	0.27518884	
245.81	0.27737961	0.28404904	
246.01	0.28553683	0.29284709	
246.21	0.29401556	0.30158342	
246.41	0.30265136	0.31025847	
246.61	0.3110851	0.31887267	
246.81	0.31949263	0.32742645	
247.01	0.32743393	0.33592022	
247.21	0.33560331	0.34435442	
247.41	0.34403341	0.35272946	
247.61	0.3523176	0.36104575	
247.81	0.35986249	0.3693037	
248.01	0.36716582	0.37750373	
248.21	0.37508381	0.38564624	
248.41	0.38296502	0.39373164	
248.61	0.39042261	0.40176032	
248.81	0.39778688	0.40973268	
249.01	0.40558701	0.41764912	
249.21	0.41269902	0.42551004	
249.41	0.42005859	0.43331581	
249.61	0.42816793	0.44106683	
249.81	0.43587648	0.44876348	
250.01	0.44294122	0.45640614	
250.21	0.45028458	0.46399519	
250.41	0.45764101	0.47153101	
250.61	0.46489847	0.47901397	
250.81	0.47199818	0.48644444	
251.01	0.47912575	0.49382279	
251.21	0.48641333	0.50114939	
251.41	0.49376303	0.50842459	
251.61	0.50062071	0.51564876	
251.81	0.5072438	0.52282226	
252.01	0.51380481	0.52994544	
252.21	0.52058509	0.53701865	
252.41	0.5273859	0.54404225	
252.61	0.53410791	0.55101658	
252.81	0.54055575	0.55794199	
253.01	0.54728757	0.56481882	
253.21	0.55434319	0.57164742	
253.41	0.5613623	0.57842812	
253.61	0.56855588	0.58516125	
253.81	0.57526053	0.59184715	
254.01	0.58151958	0.59848616	
254.21	0.58796584	0.6050786	
254.41	0.59467184	0.61162479	
254.61	0.60112487	0.61812507	
254.81	0.60756067	0.62457975	
255.01	0.61408967	0.63098915	
255.21	0.62023606	0.6373536	
255.41	0.62652551	0.6436734	
255.61	0.63268247	0.64994887	
255.81	0.63906003	0.65618033	
256.01	0.6452796	0.66236807	
256.21	0.65154729	0.66851241	
256.41	0.6578311	0.67461365	
256.61	0.66374227	0.68067209	
256.81	0.66946839	0.68668804	
257.01	0.67570058	0.69266179	
257.21	0.68223902	0.69859363	
257.41	0.68823908	0.70448387	
257.61	0.69441612	0.71033279	
257.81	0.69997886	0.71614068	
258.01	0.70548033	0.72190783	
258.21	0.71124913	0.72763453	
258.41	0.7167392	0.73332106	
258.61	0.72270086	0.7389677	
258.81	0.72839512	0.74457474	
259.01	0.73391004	0.75014244	
259.21	0.73954292	0.75567109	
259.41	0.74535846	0.76116096	
259.61	0.75092919	0.76661232	
259.81	0.75680106	0.77202544	
260.01	0.7626373	0.77740059	
260.21	0.76788333	0.78273804	
260.41	0.77319605	0.78803805	
260.61	0.77848024	0.79330088	
260.81	0.78398336	0.79852679	
261.01	0.7891915	0.80371605	
261.21	0.79450456	0.80886891	
261.41	0.79897944	0.81398563	
261.61	0.80383486	0.81906645	
261.81	0.80857323	0.82411163	
262.01	0.81369623	0.82912143	
262.21	0.81885513	0.83409608	
262.41	0.82377127	0.83903584	
262.61	0.82926354	0.84394095	
262.81	0.83464411	0.84881165	
263.01	0.84014735	0.85364819	
263.21	0.84547824	0.8584508	
263.41	0.85039518	0.86321972	
263.61	0.85567827	0.86795519	
263.81	0.86099667	0.87265745	
264.01	0.86650742	0.87732672	
264.21	0.87127476	0.88196324	
264.41	0.87638806	0.88656723	
264.61	0.88087181	0.89113894	
264.81	0.88577851	0.89567857	
265.01	0.89009926	0.90018636	
265.21	0.89405803	0.90466253	
265.41	0.89765078	0.9091073	
265.61	0.90197645	0.9135209	
265.81	0.90669394	0.91790353	
266.01	0.91133656	0.92225543	
266.21	0.91578735	0.9265768	
266.41	0.92003025	0.93086785	
266.61	0.92488884	0.93512881	
266.81	0.92959023	0.93935988	
267.01	0.93369339	0.94356127	
267.21	0.93768771	0.94773319	
267.41	0.94214643	0.95187584	
267.61	0.94705167	0.95598944	
267.81	0.95145806	0.96007418	
268.01	0.95597361	0.96413027	
268.21	0.96027312	0.96815791	
268.41	0.96466164	0.97215729	
268.61	0.96849218	0.97612863	
268.81	0.97288043	0.9800721	
269.01	0.97671748	0.98398792	
269.21	0.98036273	0.98787626	
269.41	0.98490942	0.99173734	
269.61	0.98958165	0.99557133	
269.81	0.9938455	0.99937842	
270.01	0.99796029	1.00315881	
270.21	1.00149267	1.00691269	
270.41	1.00569014	1.01064023	
270.61	1.00979982	1.01434162	
270.81	1.01334296	1.01801706	
271.01	1.01701999	1.02166671	
271.21	1.02119871	1.02529076	
271.41	1.02518449	1.02888939	
271.61	1.02957259	1.03246278	
271.81	1.03326618	1.0360111	
272.01	1.03719466	1.03953453	
272.21	1.04099663	1.04303325	
272.41	1.04451833	1.04650742	
272.61	1.04838287	1.04995723	
272.81	1.05221577	1.05338284	
273.01	1.05587402	1.05678442	
273.21	1.05952306	1.06016214	
273.41	1.06318644	1.06351616	
273.61	1.066316	1.06684666	
273.81	1.06938789	1.0701538	
274.01	1.07313026	1.07343774	
274.21	1.07662973	1.07669864	
274.41	1.08007512	1.07993667	
274.61	1.08362681	1.08315199	
274.81	1.08678905	1.08634476	
275.01	1.09064564	1.08951512	
275.21	1.09460484	1.09266325	
275.41	1.0979138	1.0957893	
275.61	1.10167328	1.09889342	
275.81	1.10514877	1.10197577	
276.01	1.10888792	1.10503649	
276.21	1.11244892	1.10807575	
276.41	1.11606787	1.11109369	
276.61	1.11985619	1.11409046	
276.81	1.12289193	1.1170662	
277.01	1.12594068	1.12002108	
277.21	1.12890405	1.12295522	
277.41	1.13204041	1.12586879	
277.61	1.13526143	1.12876192	
277.81	1.13871922	1.13163475	
278.01	1.14213842	1.13448744	
278.21	1.14545005	1.13732011	
278.41	1.14811511	1.14013291	
278.61	1.15138214	1.14292599	
278.81	1.15346839	1.14569947	
279.01	1.15665875	1.1484535	
279.21	1.15962869	1.1511882	
279.41	1.16213026	1.15390373	
279.61	1.16501904	1.15660021	
279.81	1.16807016	1.15927777	
280.01	1.17098331	1.16193656	
280.21	1.17375812	1.16457669	
280.41	1.17711812	1.1671983	
280.61	1.17990614	1.16980153	
280.81	1.18271304	1.17238649	
281.01	1.18524275	1.17495332	
281.21	1.18836283	1.17750215	
281.41	1.19173983	1.1800331	
281.61	1.1946492	1.18254629	
281.81	1.19777703	1.18504186	
282.01	1.20034081	1.18751992	
282.21	1.20301074	1.1899806	
282.41	1.20549082	1.19242402	
282.61	1.2079298	1.19485029	
282.81	1.21012595	1.19725955	
283.01	1.21303634	1.19965191	
283.21	1.2152612	1.20202749	
283.41	1.21772109	1.20438641	
283.61	1.22025128	1.20672878	
283.81	1.22312451	1.20905472	
284.01	1.22560696	1.21136434	
284.21	1.22806911	1.21365776	
284.41	1.23067791	1.2159351	
284.61	1.23271232	1.21819646	
284.81	1.23513133	1.22044196	
285.01	1.2375714	1.22267171	
285.21	1.23999854	1.22488582	
285.41	1.24225322	1.22708439	
285.61	1.24431523	1.22926755	
285.81	1.2464751	1.23143539	
286.01	1.24817037	1.23358802	
286.21	1.25047284	1.23572556	
286.41	1.25310135	1.2378481	
286.61	1.25538877	1.23995576	
286.81	1.25813344	1.24204862	
287.01	1.26044662	1.24412681	
287.21	1.26295969	1.24619043	
287.41	1.26576759	1.24823956	
287.61	1.26828881	1.25027432	
287.81	1.27109085	1.25229481	
288.01	1.2738031	1.25430113	
288.21	1.27625235	1.25629338	
288.41	1.27868952	1.25827165	
288.61	1.28130624	1.26023604	
288.81	1.28382118	1.26218665	
289.01	1.28587563	1.26412358	
289.21	1.28778352	1.26604693	
289.41	1.28982082	1.26795678	
289.61	1.29175121	1.26985324	
289.81	1.29313581	1.27173639	
290.01	1.2948978	1.27360634	
290.21	1.29727585	1.27546317	
290.41	1.29958734	1.27730697	
290.61	1.30127291	1.27913784	
290.81	1.30333111	1.28095587	
291.01	1.305109	1.28276114	
291.21	1.30726908	1.28455376	
291.41	1.30908761	1.28633379	
291.61	1.31120167	1.28810135	
291.81	1.31335544	1.2898565	
292.01	1.31560034	1.29159934	
292.21	1.31752288	1.29332996	
292.41	1.31929461	1.29504844	
292.61	1.32145257	1.29675486	
292.81	1.32327683	1.29844931	
293.01	1.32493852	1.30013188	
293.21	1.32676413	1.30180265	
293.41	1.32841596	1.30346169	
293.61	1.32998089	1.3051091	
293.81	1.3316906	1.30674496	
294.01	1.3342623	1.30836934	
294.21	1.33622815	1.30998232	
294.41	1.33828222	1.31158399	
294.61	1.33991352	1.31317443	
294.81	1.34176691	1.3147537	
295.01	1.34309755	1.31632191	
295.21	1.34488134	1.31787911	
295.41	1.34660528	1.31942539	
295.61	1.3484731	1.32096082	
295.81	1.35040331	1.32248548	
296.01	1.3526167	1.32399945	
296.21	1.3540171	1.32550279	
296.41	1.35557622	1.3269956	
296.61	1.35702881	1.32847793	
296.81	1.35855261	1.32994986	
297.01	1.36014266	1.33141147	
297.21	1.3617711	1.33286283	
297.41	1.36310633	1.334304	
297.61	1.36464279	1.33573507	
297.81	1.36664082	1.3371561	
298.01	1.36842865	1.33856716	
298.21	1.36979148	1.33996832	
298.41	1.37144428	1.34135965	
298.61	1.37269988	1.34274123	
298.81	1.37367874	1.34411311	
299.01	1.37486195	1.34547537	
299.21	1.37652105	1.34682808	
299.41	1.37815529	1.3481713	
299.61	1.37966252	1.34950509	
299.81	1.38115891	1.35082953	
300.01	1.38247077	1.35214468	
300.21	1.38349541	1.3534506	
300.41	1.38500104	1.35474737	
300.61	1.38621982	1.35603503	
300.81	1.38767373	1.35731367	
301.01	1.38920438	1.35858333	
301.21	1.39080417	1.35984409	
301.41	1.39175461	1.36109601	
301.61	1.39315482	1.36233915	
301.81	1.39504039	1.36357356	
302.01	1.39624907	1.36479932	
302.21	1.39730496	1.36601647	
302.41	1.39863804	1.3672251	
302.61	1.40014836	1.36842524	
302.81	1.40137446	1.36961696	
303.01	1.40271281	1.37080033	
303.21	1.40404584	1.37197539	
303.41	1.40557461	1.37314221	
303.61	1.40683713	1.37430085	
303.81	1.40861754	1.37545136	
304.01	1.41020663	1.3765938	
304.21	1.41174568	1.37772823	
304.41	1.41303649	1.3788547	
304.61	1.41469482	1.37997326	
304.81	1.4156738	1.38108398	
305.01	1.41709816	1.38218691	
305.21	1.41841867	1.38328211	
305.41	1.41930188	1.38436962	
305.61	1.42080533	1.3854495	
305.81	1.42176088	1.38652181	
306.01	1.42257105	1.3875866	
306.21	1.42350196	1.38864391	
306.41	1.42440531	1.38969381	
306.61	1.42552665	1.39073635	
306.81	1.4260114	1.39177157	
307.01	1.42685518	1.39279954	
307.21	1.42746897	1.39382029	
307.41	1.42826863	1.39483388	
307.61	1.42909456	1.39584036	
307.81	1.43047822	1.39683978	
308.01	1.43133213	1.39783219	
308.21	1.43225619	1.39881764	
308.41	1.43327487	1.39979618	
308.61	1.4343218	1.40076786	
308.81	1.4348347	1.40173271	
309.01	1.43614166	1.4026908	
309.21	1.43722198	1.40364217	
309.41	1.43808276	1.40458687	
309.61	1.43931583	1.40552494	
309.81	1.44010312	1.40645643	
310.01	1.44145044	1.40738138	
310.21	1.44218351	1.40829985	
310.41	1.44317211	1.40921188	
310.61	1.44436502	1.41011751	
310.81	1.44524485	1.41101678	
311.01	1.44646398	1.41190975	
311.21	1.44753643	1.41279645	
311.41	1.44896768	1.41367693	
311.61	1.4500288	1.41455124	
311.81	1.45136855	1.41541942	
312.01	1.45269888	1.4162815	
312.21	1.45385484	1.41713754	
312.41	1.45480684	1.41798757	
312.61	1.45540209	1.41883164	
312.81	1.45629952	1.4196698	
313.01	1.45734543	1.42050207	
313.21	1.4579331	1.4213285	
313.41	1.45910306	1.42214914	
313.61	1.45988117	1.42296401	
313.81	1.46079647	1.42377318	
314.01	1.46159017	1.42457667	
314.21	1.46203159	1.42537452	
314.41	1.46281776	1.42616677	
314.61	1.46329185	1.42695347	
314.81	1.46421911	1.42773465	
315.01	1.46501904	1.42851035	
315.21	1.46588165	1.42928061	
315.41	1.4666662	1.43004547	
315.61	1.46763024	1.43080496	
315.81	1.46863028	1.43155912	
316.01	1.46969311	1.432308	
316.21	1.4706529	1.43305162	
316.41	1.47096046	1.43379002	
316.61	1.47162112	1.43452325	
316.81	1.47273122	1.43525133	
317.01	1.47330357	1.4359743	
317.21	1.4744111	1.43669221	
317.41	1.47519703	1.43740507	
317.61	1.47575185	1.43811294	
317.81	1.47650807	1.43881584	
318.01	1.4772643	1.43951382	
318.21	1.47756716	1.44020689	
318.41	1.47819122	1.44089511	
318.61	1.47873436	1.44157849	
318.81	1.47987217	1.44225709	
319.01	1.48029534	1.44293092	
319.21	1.48071321	1.44360003	
319.41	1.48114961	1.44426444	
319.61	1.48204135	1.44492419	
319.81	1.48270011	1.44557932	
320.01	1.48320524	1.44622985	
320.21	1.48368616	1.44687581	
320.41	1.48419272	1.44751725	
320.61	1.48511476	1.44815418	
320.81	1.48645635	1.44878665	
321.01	1.48691518	1.44941468	
321.21	1.48797608	1.45003831	
321.41	1.48836206	1.45065756	
321.61	1.48944743	1.45127247	
321.81	1.49021628	1.45188306	
322.01	1.49129256	1.45248938	
322.21	1.49197381	1.45309144	
322.41	1.49264001	1.45368927	
322.61	1.4935315	1.45428291	
322.81	1.49461102	1.45487239	
323.01	1.49442697	1.45545774	
323.21	1.49488062	1.45603897	
323.41	1.49533874	1.45661613	
323.61	1.49611302	1.45718925	
323.81	1.49615853	1.45775834	
324.01	1.49661273	1.45832344	
324.21	1.49695402	1.45888457	
324.41	1.49785293	1.45944177	
324.61	1.49842995	1.45999507	
324.81	1.49920488	1.46054448	
325.01	1.49918306	1.46109003	
325.21	1.4995591	1.46163176	
325.41	1.49997771	1.46216969	
325.61	1.50099654	1.46270385	
325.81	1.50163546	1.46323426	
326.01	1.50239532	1.46376095	
326.21	1.50304992	1.46428395	
326.41	1.50374831	1.46480327	
326.61	1.50472137	1.46531896	
326.81	1.50584312	1.46583102	
327.01	1.5062335	1.4663395	
327.21	1.50722285	1.4668444	
327.41	1.50740782	1.46734577	
327.61	1.50787659	1.46784362	
327.81	1.5081859	1.46833798	
328.01	1.50884796	1.46882887	
328.21	1.50917479	1.46931631	
328.41	1.50980549	1.46980034	
328.61	1.51012589	1.47028097	
328.81	1.5107892	1.47075823	
329.01	1.51130611	1.47123215	
329.21	1.51186883	1.47170273	
329.41	1.51218331	1.47217002	
329.61	1.51265245	1.47263403	
329.81	1.51298468	1.47309479	
330.01	1.51346175	1.47355231	
330.21	1.51432908	1.47400662	
330.41	1.51517816	1.47445775	
330.61	1.51603498	1.47490571	
330.81	1.51690258	1.47535053	
331.01	1.51737626	1.47579223	
331.21	1.51804378	1.47623084	
331.41	1.5185704	1.47666636	
331.61	1.51944816	1.47709883	
331.81	1.52013584	1.47752827	
332.01	1.52088456	1.47795469	
332.21	1.52155317	1.47837813	
332.41	1.52184774	1.47879859	
332.61	1.52214511	1.4792161	
332.81	1.52284453	1.47963069	
333.01	1.52322839	1.48004237	
333.21	1.52302083	1.48045116	
333.41	1.52261839	1.48085708	
333.61	1.52258693	1.48126015	
333.81	1.52284137	1.4816604	
334.01	1.52324826	1.48205784	
334.21	1.52382006	1.48245249	
334.41	1.5241467	1.48284438	
334.61	1.52416855	1.48323351	
334.81	1.52439177	1.48361992	
335.01	1.52490299	1.48400361	
335.21	1.52575232	1.48438461	
335.41	1.52636369	1.48476295	
335.61	1.5269769	1.48513862	
335.81	1.52749016	1.48551166	
336.01	1.52801462	1.48588209	
336.21	1.52855088	1.48624992	
336.41	1.52884023	1.48661516	
336.61	1.528949	1.48697785	
336.81	1.52948735	1.48733799	
337.01	1.52985599	1.4876956	
337.21	1.52999833	1.48805071	
337.41	1.53040358	1.48840333	
337.61	1.53089797	1.48875347	
337.81	1.53138161	1.48910115	
338.01	1.53176951	1.4894464	
338.21	1.53206407	1.48978923	
338.41	1.53263497	1.49012965	
338.61	1.53302594	1.49046768	
338.81	1.53366969	1.49080334	
339.01	1.53460514	1.49113665	
339.21	1.53518842	1.49146762	
339.41	1.53523	1.49179626	
339.61	1.53530054	1.49212261	
339.81	1.535772	1.49244666	
340.01	1.53585296	1.49276844	
340.21	1.53600129	1.49308796	
340.41	1.53595813	1.49340524	
340.61	1.5360112	1.4937203	
340.81	1.53650139	1.49403315	
341.01	1.53696388	1.4943438	
341.21	1.5371299	1.49465227	
341.41	1.53731671	1.49495858	
341.61	1.53789962	1.49526274	
341.81	1.53787595	1.49556477	
342.01	1.53809721	1.49586467	
342.21	1.53851094	1.49616248	
342.41	1.53924936	1.49645819	
342.61	1.53921441	1.49675184	
342.81	1.53902665	1.49704342	
343.01	1.53908097	1.49733295	
343.21	1.53899608	1.49762046	
343.41	1.53922622	1.49790595	
343.61	1.53985647	1.49818943	
343.81	1.54059301	1.49847093	
344.01	1.5407837	1.49875045	
344.21	1.54137463	1.49902802	
344.41	1.54176803	1.49930363	
344.61	1.54237419	1.49957731	
344.81	1.54275202	1.49984908	
345.01	1.54294547	1.50011893	
345.21	1.54326726	1.50038689	
345.41	1.54375419	1.50065298	
345.61	1.54395356	1.50091719	
345.81	1.54389298	1.50117956	
346.01	1.54395107	1.50144008	
346.21	1.54429308	1.50169878	
346.41	1.5440091	1.50195566	
346.61	1.54356019	1.50221074	
346.81	1.54370725	1.50246403	
347.01	1.54398384	1.50271554	
347.21	1.54467242	1.50296529	
347.41	1.54534047	1.50321329	
347.61	1.54598061	1.50345955	
347.81	1.54617013	1.50370408	
348.01	1.54647241	1.50394689	
348.21	1.54691029	1.504188	
348.41	1.54689625	1.50442743	
348.61	1.54726408	1.50466517	
348.81	1.54734186	1.50490124	
349.01	1.54732431	1.50513566	
349.21	1.54780419	1.50536843	
349.41	1.54798005	1.50559957	
349.61	1.54823955	1.50582909	
349.81	1.54857141	1.506057	
350.01	1.54867644	1.50628331	
350.21	1.54858075	1.50650804	
350.41	1.54856068	1.50673118	
350.61	1.54925724	1.50695276	
350.81	1.5497822	1.50717279	
351.01	1.55036543	1.50739128	
351.21	1.55121101	1.50760823	
351.41	1.55148004	1.50782366	
351.61	1.55181018	1.50803758	
351.81	1.55214026	1.50824999	
352.01	1.55258195	1.50846092	
352.21	1.55285048	1.50867037	
352.41	1.55285746	1.50887835	
352.61	1.5529869	1.50908487	
352.81	1.5531487	1.50928994	
353.01	1.5530024	1.50949357	
353.21	1.5532974	1.50969578	
353.41	1.55355764	1.50989657	
353.61	1.55349494	1.51009594	
353.81	1.55336517	1.51029392	
354.01	1.55343043	1.51049052	
354.21	1.55300492	1.51068573	
354.41	1.553305	1.51087957	
354.61	1.55345237	1.51107205	
354.81	1.5540092	1.51126319	
355.01	1.55439104	1.51145298	
355.21	1.55465433	1.51164144	
355.41	1.55433806	1.51182858	
355.61	1.55467214	1.5120144	
355.81	1.55502111	1.51219893	
356.01	1.55486989	1.51238215	
356.21	1.55492626	1.5125641	
356.41	1.55495254	1.51274476	
356.61	1.554882	1.51292416	
356.81	1.55510488	1.51310231	
357.01	1.55508255	1.5132792	
357.21	1.55544	1.51345485	
357.41	1.55594825	1.51362927	
357.61	1.55605878	1.51380246	
357.81	1.55643387	1.51397444	
358.01	1.55671254	1.51414522	
358.21	1.55671382	1.51431479	
358.41	1.55723126	1.51448318	
358.61	1.55773985	1.51465039	
358.81	1.55849112	1.51481642	
359.01	1.55865639	1.51498129	
359.21	1.55892022	1.515145	
359.41	1.55906164	1.51530756	
359.61	1.55956571	1.51546898	
359.81	1.55978659	1.51562927	
360	1.55978659	1.5157821	
360.2	1.55657545	1.51203397	
360.4	1.55247819	1.50829512	
360.6	1.54808822	1.5045655	
360.8	1.54306452	1.50084511	
361	1.5371652	1.49713392	
361.2	1.53092596	1.49343191	
361.4	1.5247315	1.48973905	
361.6	1.51849304	1.48605532	
361.8	1.5119319	1.4823807	
362	1.5057463	1.47871517	
362.2	1.50023485	1.4750587	
362.4	1.49444129	1.47141127	
362.6	1.48841378	1.46777286	
362.8	1.4826177	1.46414345	
363	1.47652721	1.46052302	
363.2	1.470884	1.45691153	
363.4	1.46515004	1.45330898	
363.6	1.45965702	1.44971533	
363.8	1.45414226	1.44613057	
364	1.44890902	1.44255468	
364.2	1.44347135	1.43898762	
364.4	1.43779733	1.43542939	
364.6	1.43243496	1.43187995	
364.8	1.42686016	1.4283393	
365	1.42102535	1.42480739	
365.2	1.41581024	1.42128422	
365.4	1.41079386	1.41776977	
365.6	1.40575898	1.414264	
365.8	1.40036809	1.4107669	
366	1.39555857	1.40727845	
366.2	1.39069753	1.40379862	
366.4	1.38527899	1.4003274	
366.6	1.3802617	1.39686477	
366.8	1.3751418	1.39341069	
367	1.37009985	1.38996516	
367.2	1.36535403	1.38652814	
367.4	1.36077537	1.38309963	
367.6	1.35694739	1.37967959	
367.8	1.35200772	1.37626801	
368	1.34753625	1.37286487	
368.2	1.34242518	1.36947014	
368.4	1.33784808	1.3660838	
368.6	1.33339953	1.36270584	
368.8	1.32880957	1.35933623	
369	1.3242873	1.35597496	
369.2	1.3200361	1.35262199	
369.4	1.31603121	1.34927732	
369.6	1.31165837	1.34594091	
369.8	1.30717856	1.34261276	
370	1.30297243	1.33929284	
370.2	1.29818901	1.33598112	
370.4	1.29307396	1.3326776	
370.6	1.28869961	1.32938224	
370.8	1.28403872	1.32609503	
371	1.27951145	1.32281595	
371.2	1.27511565	1.31954498	
371.4	1.27068998	1.31628209	
371.6	1.26686911	1.31302728	
371.8	1.26260752	1.30978051	
372	1.25809097	1.30654177	
372.2	1.25383723	1.30331104	
372.4	1.25013627	1.3000883	
372.6	1.24621134	1.29687353	
372.8	1.24236767	1.29366671	
373	1.23883291	1.29046781	
373.2	1.23536254	1.28727683	
373.4	1.23176971	1.28409374	
373.6	1.22763395	1.28091852	
373.8	1.22375267	1.27775115	
374	1.21988508	1.27459161	
374.2	1.21552601	1.27143988	
374.4	1.21148554	1.26829595	
374.6	1.20767298	1.26515979	
374.8	1.20299932	1.26203139	
375	1.19905558	1.25891072	
375.2	1.19503926	1.25579777	
375.4	1.19138962	1.25269251	
375.6	1.18781243	1.24959494	
375.8	1.18443096	1.24650502	
376	1.18053243	1.24342275	
376.2	1.17692799	1.2403481	
376.4	1.1732089	1.23728104	
376.6	1.16981564	1.23422158	
376.8	1.16637987	1.23116968	
377	1.163224	1.22812532	
377.2	1.15935397	1.22508849	
377.4	1.15547202	1.22205918	
377.6	1.1516164	1.21903735	
377.8	1.14804716	1.21602299	
378	1.14420921	1.21301609	
378.2	1.14055415	1.21001663	
378.4	1.13719171	1.20702458	
378.6	1.13364234	1.20403993	
378.8	1.13012397	1.20106266	
379	1.12698575	1.19809275	
379.2	1.12410746	1.19513019	
379.4	1.1213149	1.19217495	
379.6	1.11858755	1.18922702	
379.8	1.11578949	1.18628637	
380	1.11225638	1.183353	
380.2	1.10873916	1.18042689	
380.4	1.10610505	1.177508	
380.6	1.10314112	1.17459634	
380.8	1.10010302	1.17169188	
381	1.09691953	1.16879459	
381.2	1.0932766	1.16590448	
381.4	1.09025972	1.16302151	
381.6	1.08717212	1.16014566	
381.8	1.0839745	1.15727693	
382	1.08031771	1.15441529	
382.2	1.07728507	1.15156073	
382.4	1.07421208	1.14871323	
382.6	1.07111653	1.14587277	
382.8	1.06792365	1.14303933	
383	1.06473506	1.1402129	
383.2	1.06198822	1.13739345	
383.4	1.05887039	1.13458098	
383.6	1.05611404	1.13177547	
383.8	1.05284467	1.12897689	
384	1.04980619	1.12618523	
384.2	1.04725582	1.12340047	
384.4	1.04445472	1.1206226	
384.6	1.04122084	1.1178516	
384.8	1.03813114	1.11508745	
385	1.03504619	1.11233013	
385.2	1.03259835	1.10957964	
385.4	1.03010529	1.10683594	
385.6	1.02763434	1.10409903	
385.8	1.02448316	1.10136889	
386	1.02141214	1.0986455	
386.2	1.01868066	1.09592884	
386.4	1.01564098	1.0932189	
386.6	1.01248581	1.09051566	
386.8	1.00934312	1.08781911	
387	1.0069103	1.08512922	
387.2	1.00411219	1.08244598	
387.4	1.00174662	1.07976938	
387.6	0.99909145	1.0770994	
387.8	0.99676493	1.07443602	
388	0.99413455	1.07177923	
388.2	0.99144678	1.069129	
388.4	0.98851317	1.06648533	
388.6	0.9856809	1.06384819	
388.8	0.9826326	1.06121758	
389	0.98036175	1.05859347	
389.2	0.97809714	1.05597585	
389.4	0.97575057	1.05336471	
389.6	0.97315838	1.05076002	
389.8	0.97008026	1.04816177	
390	0.96734894	1.04556994	
390.2	0.9646783	1.04298452	
390.4	0.96187456	1.0404055	
390.6	0.95962601	1.03783286	
390.8	0.95729431	1.03526657	
391	0.95527728	1.03270663	
391.2	0.95275434	1.03015302	
391.4	0.95047516	1.02760573	
391.6	0.94768645	1.02506473	
391.8	0.94563877	1.02253002	
392	0.94286226	1.02000158	
392.2	0.94022261	1.01747938	
392.4	0.93768373	1.01496343	
392.6	0.93472792	1.01245369	
392.8	0.93218371	1.00995017	
393	0.93027375	1.00745283	
393.2	0.92757785	1.00496167	
393.4	0.92532295	1.00247666	
393.6	0.92291446	0.99999781	
393.8	0.92066613	0.99752508	
394	0.91872398	0.99505846	
394.2	0.91652309	0.99259795	
394.4	0.9145086	0.99014352	
394.6	0.91257865	0.98769516	
394.8	0.91072156	0.98525285	
395	0.9090103	0.98281658	
395.2	0.90690508	0.98038634	
395.4	0.90455054	0.9779621	
395.6	0.90230145	0.97554386	
395.8	0.90008368	0.9731316	
396	0.89767029	0.97072531	
396.2	0.89545123	0.96832496	
396.4	0.89316949	0.96593055	
396.6	0.89030762	0.96354206	
396.8	0.88798543	0.96115948	
397	0.88525698	0.95878279	
397.2	0.88281511	0.95641197	
397.4	0.88073075	0.95404702	
397.6	0.87838994	0.95168792	
397.8	0.87583818	0.94933465	
398	0.87347266	0.94698719	
398.2	0.87098569	0.94464555	
398.4	0.86882727	0.94230969	
398.6	0.86717601	0.93997961	
398.8	0.86510175	0.93765529	
399	0.8628976	0.93533672	
399.2	0.8608132	0.93302388	
399.4	0.85885036	0.93071676	
399.6	0.85676341	0.92841534	
399.8	0.8547118	0.92611962	
400	0.8525411	0.92382957	
400.2	0.85002827	0.92154519	
400.4	0.84761953	0.91926645	
400.6	0.84513808	0.91699335	
400.8	0.84301301	0.91472587	
401	0.84069481	0.912464	
401.2	0.838815	0.91020772	
401.4	0.83680932	0.90795702	
401.6	0.8346658	0.90571188	
401.8	0.83229333	0.9034723	
402	0.83053747	0.90123825	
402.2	0.82918533	0.89900973	
402.4	0.82730552	0.89678671	
402.6	0.82580905	0.8945692	
402.8	0.82336612	0.89235717	
403	0.82206767	0.89015061	
403.2	0.81989146	0.8879495	
403.4	0.81766728	0.88575384	
403.6	0.8154323	0.88356361	
403.8	0.81350546	0.88137879	
404	0.81084375	0.87919937	
404.2	0.80818113	0.87702535	
404.4	0.80626648	0.8748567	
404.6	0.80418746	0.87269341	
404.8	0.80208358	0.87053547	
405	0.80003052	0.86838287	
405.2	0.79802034	0.86623559	
405.4	0.79626528	0.86409362	
405.6	0.79426897	0.86195694	
405.8	0.79216661	0.85982555	
406	0.79098388	0.85769943	
406.2	0.78938956	0.85557857	
406.4	0.78754525	0.85346295	
406.6	0.7860713	0.85135257	
406.8	0.78433004	0.8492474	
407	0.7830088	0.84714744	
407.2	0.78052116	0.84505267	
407.4	0.77868765	0.84296308	
407.6	0.77691661	0.84087865	
407.8	0.77512667	0.83879938	
408	0.772833	0.83672526	
408.2	0.77085691	0.83465626	
408.4	0.7693228	0.83259237	
408.6	0.76716561	0.8305336	
408.8	0.76524122	0.82847991	
409	0.76350805	0.8264313	
409.2	0.76137203	0.82438775	
409.4	0.75973423	0.82234926	
409.6	0.75813759	0.82031581	
409.8	0.75642959	0.81828739	
410	0.7548646	0.81626398	
410.2	0.75290566	0.81424558	
410.4	0.75154176	0.81223216	
410.6	0.74999056	0.81022373	
410.8	0.74840294	0.80822026	
411	0.74637761	0.80622175	
411.2	0.74425951	0.80422818	
411.4	0.74282817	0.80223953	
411.6	0.74106899	0.80025581	
411.8	0.73939579	0.79827699	
412	0.73752675	0.79630306	
412.2	0.73609483	0.79433402	
412.4	0.73423647	0.79236984	
412.6	0.73258611	0.79041052	
412.8	0.73099136	0.78845605	
413	0.72945447	0.78650641	
413.2	0.72743706	0.78456158	
413.4	0.72590344	0.78262157	
413.6	0.72430535	0.78068636	
413.8	0.72254415	0.77875593	
414	0.72032229	0.77683027	
414.2	0.71838091	0.77490938	
414.4	0.71698314	0.77299323	
414.6	0.71528329	0.77108183	
414.8	0.71341299	0.76917515	
415	0.71141389	0.76727318	
415.2	0.70974313	0.76537592	
415.4	0.70803044	0.76348335	
415.6	0.70644268	0.76159546	
415.8	0.70494479	0.75971223	
416	0.70344677	0.75783367	
416.2	0.70230633	0.75595975	
416.4	0.70043965	0.75409046	
416.6	0.69906028	0.75222579	
416.8	0.697268	0.75036574	
417	0.69553667	0.74851029	
417.2	0.69362075	0.74665942	
417.4	0.6920504	0.74481313	
417.6	0.69027781	0.7429714	
417.8	0.68868496	0.74113423	
418	0.68679463	0.73930161	
418.2	0.68514049	0.73747351	
418.4	0.68325528	0.73564993	
418.6	0.68135181	0.73383087	
418.8	0.67996081	0.7320163	
419	0.6785646	0.73020622	
419.2	0.67713543	0.72840061	
419.4	0.67584186	0.72659947	
419.6	0.67481178	0.72480278	
419.8	0.67336722	0.72301054	
420	0.67201987	0.72122273	
420.2	0.67109424	0.71943934	
420.4	0.66975004	0.71766035	
420.6	0.66847404	0.71588577	
420.8	0.66690652	0.71411558	
421	0.66550241	0.71234976	
421.2	0.66400775	0.71058831	
421.4	0.66265348	0.70883121	
421.6	0.6610102	0.70707846	
421.8	0.6598475	0.70533004	
422	0.65806102	0.70358595	
422.2	0.65607396	0.70184617	
422.4	0.65426159	0.70011069	
422.6	0.65290516	0.6983795	
422.8	0.65143941	0.6966526	
423	0.65022635	0.69492996	
423.2	0.64879871	0.69321158	
423.4	0.64721942	0.69149746	
423.6	0.64577726	0.68978757	
423.8	0.64444531	0.68808191	
424	0.64300112	0.68638046	
424.2	0.64209847	0.68468323	
424.4	0.64066849	0.68299019	
424.6	0.63903964	0.68130133	
424.8	0.63725831	0.67961666	
425	0.63611904	0.67793615	
425.2	0.63410445	0.67625979	
425.4	0.63264709	0.67458758	
425.6	0.63093265	0.6729195	
425.8	0.62946571	0.67125555	
426	0.62799821	0.66959572	
426.2	0.6262822	0.66793999	
426.4	0.62506609	0.66628835	
426.6	0.62347843	0.66464079	
426.8	0.62180149	0.66299731	
427	0.62072411	0.6613579	
427.2	0.61904401	0.65972254	
427.4	0.61755376	0.65809122	
427.6	0.61608983	0.65646393	
427.8	0.6145045	0.65484067	
428	0.61337326	0.65322143	
428.2	0.61241701	0.65160618	
428.4	0.61105448	0.64999493	
428.6	0.60968702	0.64838767	
428.8	0.60840817	0.64678438	
429	0.60743343	0.64518505	
429.2	0.60596067	0.64358968	
429.4	0.60491493	0.64199826	
429.6	0.6038492	0.64041077	
429.8	0.6027972	0.6388272	
430	0.60179023	0.63724755	
430.2	0.60038263	0.63567181	
430.4	0.59897418	0.63409996	
430.6	0.5973056	0.632532	
430.8	0.59579841	0.63096792	
431	0.59456923	0.6294077	
431.2	0.59310742	0.62785134	
431.4	0.59161135	0.62629884	
431.6	0.58978696	0.62475016	
431.8	0.58814805	0.62320532	
432	0.58707594	0.6216643	
432.2	0.58553667	0.62012709	
432.4	0.58400666	0.61859368	
432.6	0.58306423	0.61706407	
432.8	0.58215122	0.61553823	
433	0.5810367	0.61401617	
433.2	0.57979523	0.61249787	
433.4	0.57872295	0.61098333	
433.6	0.57753983	0.60947253	
433.8	0.57641009	0.60796546	
434	0.57478048	0.60646213	
434.2	0.57370236	0.60496251	
434.4	0.57265969	0.6034666	
434.6	0.57200933	0.60197438	
434.8	0.57076145	0.60048586	
435	0.57004005	0.59900102	
435.2	0.56875625	0.59751985	
435.4	0.56717701	0.59604234	
435.6	0.56588753	0.59456849	
435.8	0.56436064	0.59309828	
436	0.56333253	0.5916317	
436.2	0.5620666	0.59016876	
436.4	0.56098341	0.58870943	
436.6	0.5603201	0.5872537	
436.8	0.55929375	0.58580158	
437	0.55788563	0.58435305	
437.2	0.55680688	0.5829081	
437.4	0.55572798	0.58146673	
437.6	0.55431037	0.58002891	
437.8	0.55305459	0.57859466	
438	0.55135181	0.57716395	
438.2	0.550384	0.57573677	
438.4	0.54895503	0.57431313	
438.6	0.54792003	0.572893	
438.8	0.54673262	0.57147639	
439	0.54589314	0.57006328	
439.2	0.54466518	0.56865367	
439.4	0.54369946	0.56724754	
439.6	0.54304132	0.56584489	
439.8	0.54198303	0.5644457	
440	0.54099874	0.56304998	
440.2	0.53941634	0.56165771	
440.4	0.53822984	0.56026888	
440.6	0.53720668	0.55888348	
440.8	0.53597219	0.55750151	
441	0.53453566	0.55612296	
441.2	0.53339739	0.55474781	
441.4	0.53246574	0.55337607	
441.6	0.53104234	0.55200772	
441.8	0.52971711	0.55064275	
442	0.52859834	0.54928116	
442.2	0.52726942	0.54792293	
442.4	0.52586249	0.54656806	
442.6	0.524876	0.54521655	
442.8	0.52377351	0.54386837	
443	0.52264919	0.54252353	
443.2	0.52168026	0.54118201	
443.4	0.52069442	0.53984381	
443.6	0.51972237	0.53850892	
443.8	0.51832542	0.53717734	
444	0.51671607	0.53584904	
444.2	0.51564132	0.53452403	
444.4	0.51475128	0.53320229	
444.6	0.5136506	0.53188382	
444.8	0.51261095	0.53056862	
445	0.511464	0.52925666	
445.2	0.51118933	0.52794795	
445.4	0.5106382	0.52664248	
445.6	0.51000356	0.52534023	
445.8	0.50912599	0.5240412	
446	0.5084288	0.52274539	
446.2	0.50734835	0.52145278	
446.4	0.50607767	0.52016336	
446.6	0.50531407	0.51887714	
446.8	0.50440448	0.51759409	
447	0.50369246	0.51631422	
447.2	0.50258819	0.51503751	
447.4	0.50187408	0.51376396	
447.6	0.50091803	0.51249356	
447.8	0.49999008	0.5112263	
448	0.49904384	0.50996218	
448.2	0.49812557	0.50870117	
448.4	0.49652733	0.50744329	
448.6	0.4951078	0.50618852	
448.8	0.49394504	0.50493685	
449	0.49277915	0.50368828	
449.2	0.49207731	0.50244279	
449.4	0.49080235	0.50120038	
449.6	0.49004837	0.49996105	
449.8	0.48872904	0.49872478	
450	0.48808385	0.49749156	
450.2	0.4868226	0.4962614	
450.4	0.48535403	0.49503428	
450.6	0.4842819	0.49381019	
450.8	0.48324758	0.49258913	
451	0.48215364	0.49137108	
451.2	0.48101502	0.49015605	
451.4	0.47987714	0.48894403	
451.6	0.47856333	0.487735	
451.8	0.47778419	0.48652896	
452	0.47618965	0.48532591	
452.2	0.47503465	0.48412582	
452.4	0.47357222	0.48292871	
452.6	0.47272228	0.48173456	
452.8	0.47183489	0.48054335	
453	0.47047893	0.4793551	
453.2	0.47019645	0.47816978	
453.4	0.46971423	0.47698739	
453.6	0.4693405	0.47580793	
453.8	0.46848423	0.47463138	
454	0.46781912	0.47345775	
454.2	0.46675509	0.47228701	
454.4	0.46625352	0.47111917	
454.6	0.46598214	0.46995422	
454.8	0.46542112	0.46879215	
455	0.46462421	0.46763295	
455.2	0.46375049	0.46647662	
455.4	0.46233263	0.46532315	
455.6	0.46096666	0.46417253	
455.8	0.46020281	0.46302475	
456	0.45868609	0.46187981	
456.2	0.45792204	0.46073771	
456.4	0.45669615	0.45959843	
456.6	0.45557321	0.45846196	
456.8	0.45437166	0.45732831	
457	0.45346486	0.45619746	
457.2	0.45348045	0.4550694	
457.4	0.45246889	0.45394414	
457.6	0.45160872	0.45282165	
457.8	0.45056694	0.45170195	
458	0.45028313	0.45058501	
458.2	0.44945607	0.44947083	
458.4	0.44925176	0.44835941	
458.6	0.44876079	0.44725073	
458.8	0.44790354	0.4461448	
459	0.4472968	0.44504161	
459.2	0.44637052	0.44394114	
459.4	0.44508466	0.44284339	
459.6	0.44406678	0.44174835	
459.8	0.44322009	0.44065603	
460	0.44193096	0.4395664	
460.2	0.440974	0.43847947	
460.4	0.43993417	0.43739523	
460.6	0.43865669	0.43631367	
460.8	0.43801394	0.43523478	
461	0.43709493	0.43415856	
461.2	0.43607039	0.433085	
461.4	0.43513186	0.4320141	
461.6	0.43393907	0.43094584	
461.8	0.43311339	0.42988023	
462	0.43238271	0.42881725	
462.2	0.43071696	0.4277569	
462.4	0.43019545	0.42669917	
462.6	0.42966779	0.42564405	
462.8	0.42865057	0.42459155	
463	0.42756827	0.42354165	
463.2	0.42648382	0.42249434	
463.4	0.42522207	0.42144963	
463.6	0.42464171	0.42040749	
463.8	0.42351943	0.41936794	
464	0.42296776	0.41833095	
464.2	0.42215989	0.41729653	
464.4	0.4216716	0.41626467	
464.6	0.42068816	0.41523536	
464.8	0.42003207	0.41420859	
465	0.41911966	0.41318436	
465.2	0.41843329	0.41216267	
465.4	0.41782543	0.4111435	
465.6	0.41681301	0.41012685	
465.8	0.41614549	0.40911272	
466	0.41491565	0.40810109	
466.2	0.41370972	0.40709196	
466.4	0.41318737	0.40608533	
466.6	0.41231827	0.40508119	
466.8	0.41087679	0.40407954	
467	0.41019827	0.40308035	
467.2	0.40970085	0.40208364	
467.4	0.40909914	0.4010894	
467.6	0.40882715	0.40009761	
467.8	0.4081501	0.39910828	
468	0.40762275	0.39812139	
468.2	0.40681398	0.39713694	
468.4	0.40648811	0.39615492	
468.6	0.40557189	0.39517534	
468.8	0.40477256	0.39419818	
469	0.40399155	0.39322343	
469.2	0.40333045	0.39225109	
469.4	0.40301481	0.39128116	
469.6	0.40233205	0.39031363	
469.8	0.40149648	0.38934848	
470	0.40032762	0.38838573	
470.2	0.39959509	0.38742535	
470.4	0.39869833	0.38646735	
470.6	0.39778257	0.38551172	
470.8	0.39701805	0.38455846	
471	0.39600593	0.38360754	
471.2	0.39482993	0.38265899	
471.4	0.39409018	0.38171277	
471.6	0.39309842	0.3807689	
471.8	0.39213823	0.37982736	
472	0.39134378	0.37888815	
472.2	0.39098945	0.37795126	
472.4	0.39023976	0.37701668	
472.6	0.38946272	0.37608442	
472.8	0.38851884	0.37515446	
473	0.38774254	0.37422681	
473.2	0.38771393	0.37330144	
473.4	0.38718906	0.37237837	
473.6	0.38645231	0.37145758	
473.8	0.38540853	0.37053906	
474	0.38456801	0.36962282	
474.2	0.38403571	0.36870884	
474.4	0.38306339	0.36779712	
474.6	0.38224193	0.36688765	
474.8	0.38168529	0.36598044	
475	0.38067451	0.36507547	
475.2	0.38005648	0.36417273	
475.4	0.37933247	0.36327223	
475.6	0.37827974	0.36237395	
475.8	0.3779024	0.3614779	
476	0.3773487	0.36058406	
476.2	0.37669672	0.35969243	
476.4	0.37598584	0.35880301	
476.6	0.37550255	0.35791578	
476.8	0.37468871	0.35703075	
477	0.37429076	0.35614791	
477.2	0.37378913	0.35526725	
477.4	0.37270143	0.35438877	
477.6	0.3717508	0.35351246	
477.8	0.37072131	0.35263832	
478	0.37006214	0.35176634	
478.2	0.36916567	0.35089652	
478.4	0.36819775	0.35002884	
478.6	0.36738406	0.34916331	
478.8	0.36666925	0.34829993	
479	0.36559588	0.34743867	
479.2	0.36460661	0.34657955	
479.4	0.36360749	0.34572255	
479.6	0.3629645	0.34486767	
479.8	0.36250905	0.3440149	
