Conc1	3.33E-08	
Start1	240	
Stop1	479.8	
Kobs	3.09449456477169E-05	
Error Kobs	1.00767858377042E-05	
Koff	0	
Error Koff	0	
Time1	Data1	Fit1	
240	-0.02248237	0	
240.2	-0.02250186	0.00031678	
240.4	-0.02264662	0.00063357	
240.6	-0.02224162	0.00095034	
240.8	-0.02172179	0.00126711	
241	-0.02139404	0.00158388	
241.2	-0.02073155	0.00190065	
241.4	-0.02034705	0.00221741	
241.6	-0.01948024	0.00253416	
241.8	-0.01885126	0.00285091	
242	-0.0179962	0.00316766	
242.2	-0.01687631	0.0034844	
242.4	-0.0158604	0.00380114	
242.6	-0.01487347	0.00411788	
242.8	-0.01435526	0.00443461	
243	-0.01358294	0.00475134	
243.2	-0.01295956	0.00506806	
243.4	-0.01211671	0.00538478	
243.6	-0.01137829	0.00570149	
243.8	-0.01062973	0.0060182	
244	-0.00982498	0.00633491	
244.2	-0.00929754	0.00665161	
244.4	-0.00856565	0.00696831	
244.6	-0.0072497	0.00728501	
244.8	-0.00658862	0.0076017	
245	-0.00637652	0.00791838	
245.2	-0.00599626	0.00823506	
245.4	-0.00572942	0.00855174	
245.6	-0.00521508	0.00886841	
245.8	-0.00490892	0.00918508	
246	-0.00417222	0.00950175	
246.2	-0.00365088	0.00981841	
246.4	-0.00318642	0.01013507	
246.6	-0.00279818	0.01045172	
246.8	-0.00276034	0.01076837	
247	-0.00226945	0.01108501	
247.2	-0.0019288	0.01140165	
247.4	-0.0012326	0.01171829	
247.6	-0.000883	0.01203492	
247.8	-0.00029754	0.01235155	
248	0.00046419	0.01266818	
248.2	0.00096826	0.0129848	
248.4	0.0014192	0.01330141	
248.6	0.00213763	0.01361802	
248.8	0.00283097	0.01393463	
249	0.00296998	0.01425124	
249.2	0.00355784	0.01456784	
249.4	0.00422399	0.01488443	
249.6	0.00453552	0.01520102	
249.8	0.00533816	0.01551761	
250	0.00597231	0.01583419	
250.2	0.00614143	0.01615077	
250.4	0.00681746	0.01646735	
250.6	0.00742993	0.01678392	
250.8	0.00793247	0.01710048	
251	0.00843099	0.01741705	
251.2	0.00918378	0.01773361	
251.4	0.00929611	0.01805016	
251.6	0.00949412	0.01836671	
251.8	0.01012531	0.01868326	
252	0.01012544	0.0189998	
252.2	0.0105554	0.01931634	
252.4	0.01102456	0.01963287	
252.6	0.01174838	0.0199494	
252.8	0.01230101	0.02026593	
253	0.01215906	0.02058245	
253.2	0.01270628	0.02089896	
253.4	0.01314267	0.02121548	
253.6	0.01333185	0.02153199	
253.8	0.01383152	0.02184849	
254	0.01420777	0.02216499	
254.2	0.01423183	0.02248149	
254.4	0.01479186	0.02279798	
254.6	0.01509266	0.02311447	
254.8	0.01537451	0.02343096	
255	0.01577717	0.02374744	
255.2	0.01599486	0.02406391	
255.4	0.01621206	0.02438038	
255.6	0.01677066	0.02469685	
255.8	0.01714877	0.02501332	
256	0.01746012	0.02532978	
256.2	0.01849902	0.02564623	
256.4	0.01918524	0.02596268	
256.6	0.01974552	0.02627913	
256.8	0.02055715	0.02659557	
257	0.02097661	0.02691201	
257.2	0.02162093	0.02722845	
257.4	0.02209454	0.02754488	
257.6	0.02239676	0.02786131	
257.8	0.02313445	0.02817773	
258	0.02358312	0.02849415	
258.2	0.02356081	0.02881056	
258.4	0.02370895	0.02912697	
258.6	0.02377846	0.02944338	
258.8	0.02410415	0.02975978	
259	0.02448677	0.03007618	
259.2	0.02477791	0.03039258	
259.4	0.02515049	0.03070897	
259.6	0.02546286	0.03102535	
259.8	0.02591937	0.03134173	
260	0.02649605	0.03165811	
260.2	0.02702683	0.03197449	
260.4	0.02750891	0.03229085	
260.6	0.02804154	0.03260722	
260.8	0.02890174	0.03292358	
261	0.02916783	0.03323994	
261.2	0.02929592	0.03355629	
261.4	0.02980737	0.03387264	
261.6	0.03017146	0.03418899	
261.8	0.03077467	0.03450533	
262	0.030793	0.03482166	
262.2	0.03083161	0.035138	
262.4	0.0310011	0.03545432	
262.6	0.03123145	0.03577065	
262.8	0.03173023	0.03608697	
263	0.03242205	0.03640328	
263.2	0.03263668	0.0367196	
263.4	0.03283244	0.0370359	
263.6	0.03332079	0.03735221	
263.8	0.03339719	0.03766851	
264	0.03363281	0.0379848	
264.2	0.03401985	0.0383011	
264.4	0.03423384	0.03861738	
264.6	0.03477255	0.03893367	
264.8	0.03525537	0.03924994	
265	0.03548735	0.03956622	
265.2	0.03577349	0.03988249	
265.4	0.03672596	0.04019876	
265.6	0.03679194	0.04051502	
265.8	0.0376408	0.04083128	
266	0.03787886	0.04114753	
266.2	0.03851134	0.04146378	
266.4	0.03930078	0.04178003	
266.6	0.03980419	0.04209627	
266.8	0.04022598	0.04241251	
267	0.04068287	0.04272874	
267.2	0.04113554	0.04304497	
267.4	0.04159031	0.0433612	
267.6	0.04194107	0.04367742	
267.8	0.04211911	0.04399364	
268	0.04270981	0.04430985	
268.2	0.0429499	0.04462606	
268.4	0.04325231	0.04494227	
268.6	0.04415146	0.04525847	
268.8	0.04461425	0.04557467	
269	0.04502611	0.04589086	
269.2	0.04553317	0.04620705	
269.4	0.0458078	0.04652323	
269.6	0.04565503	0.04683941	
269.8	0.04616777	0.04715559	
270	0.04608555	0.04747176	
270.2	0.04631472	0.04778793	
270.4	0.04658564	0.0481041	
270.6	0.0464943	0.04842026	
270.8	0.04627464	0.04873641	
271	0.04667411	0.04905256	
271.2	0.04702575	0.04936871	
271.4	0.04717498	0.04968485	
271.6	0.04738994	0.05000099	
271.8	0.04777518	0.05031713	
272	0.04814752	0.05063326	
272.2	0.04873543	0.05094939	
272.4	0.04979737	0.05126551	
272.6	0.05017976	0.05158163	
272.8	0.05057665	0.05189775	
273	0.05148176	0.05221386	
273.2	0.05191089	0.05252996	
273.4	0.052324	0.05284607	
273.6	0.05255815	0.05316216	
273.8	0.05288263	0.05347826	
274	0.05302014	0.05379435	
274.2	0.05339482	0.05411044	
274.4	0.05388703	0.05442652	
274.6	0.05402363	0.0547426	
274.8	0.05425872	0.05505867	
275	0.0544799	0.05537474	
275.2	0.05448478	0.05569081	
275.4	0.05473683	0.05600687	
275.6	0.05468063	0.05632292	
275.8	0.05479649	0.05663898	
276	0.05497903	0.05695503	
276.2	0.05568983	0.05727107	
276.4	0.05589245	0.05758711	
276.6	0.0557499	0.05790315	
276.8	0.05657685	0.05821918	
277	0.05728025	0.05853521	
277.2	0.05756067	0.05885124	
277.4	0.05793184	0.05916726	
277.6	0.0580599	0.05948327	
277.8	0.05874479	0.05979929	
278	0.05935087	0.0601153	
278.2	0.06018907	0.0604313	
278.4	0.0610784	0.0607473	
278.6	0.06174306	0.0610633	
278.8	0.06205528	0.06137929	
279	0.06242664	0.06169528	
279.2	0.06290939	0.06201126	
279.4	0.0633337	0.06232724	
279.6	0.06351134	0.06264321	
279.8	0.0637515	0.06295919	
280	0.06424255	0.06327515	
280.2	0.06461737	0.06359112	
280.4	0.06436869	0.06390707	
280.6	0.06491938	0.06422303	
280.8	0.06571054	0.06453898	
281	0.0660777	0.06485493	
281.2	0.06606298	0.06517087	
281.4	0.06609183	0.06548681	
281.6	0.06631332	0.06580274	
281.8	0.0668288	0.06611867	
282	0.06746834	0.0664346	
282.2	0.06817405	0.06675052	
282.4	0.0688006	0.06706644	
282.6	0.06905395	0.06738235	
282.8	0.06933063	0.06769826	
283	0.06983177	0.06801417	
283.2	0.07008071	0.06833007	
283.4	0.07038371	0.06864597	
283.6	0.07062343	0.06896186	
283.8	0.07084851	0.06927775	
284	0.07129085	0.06959364	
284.2	0.07124606	0.06990952	
284.4	0.07127859	0.0702254	
284.6	0.07130076	0.07054127	
284.8	0.07161229	0.07085714	
285	0.07145569	0.071173	
285.2	0.07142025	0.07148886	
285.4	0.07179115	0.07180472	
285.6	0.07226203	0.07212057	
285.8	0.0728512	0.07243642	
286	0.07366708	0.07275226	
286.2	0.07404511	0.0730681	
286.4	0.07441638	0.07338394	
286.6	0.07484936	0.07369977	
286.8	0.07528187	0.0740156	
287	0.07567083	0.07433142	
287.2	0.07581059	0.07464724	
287.4	0.0760062	0.07496306	
287.6	0.07642455	0.07527887	
287.8	0.07667461	0.07559468	
288	0.07660974	0.07591048	
288.2	0.0765587	0.07622628	
288.4	0.07672819	0.07654208	
288.6	0.07674741	0.07685787	
288.8	0.07730063	0.07717365	
289	0.07749721	0.07748944	
289.2	0.07796716	0.07780521	
289.4	0.07852397	0.07812099	
289.6	0.07921614	0.07843676	
289.8	0.07964692	0.07875253	
290	0.07987608	0.07906829	
290.2	0.08016677	0.07938405	
290.4	0.08030324	0.0796998	
290.6	0.08083029	0.08001555	
290.8	0.08120872	0.0803313	
291	0.08163203	0.08064704	
291.2	0.08185425	0.08096278	
291.4	0.0822636	0.08127851	
291.6	0.08302499	0.08159424	
291.8	0.08327318	0.08190996	
292	0.08346015	0.08222569	
292.2	0.08383403	0.0825414	
292.4	0.08445412	0.08285712	
292.6	0.0846918	0.08317282	
292.8	0.08533719	0.08348853	
293	0.08580654	0.08380423	
293.2	0.0860318	0.08411993	
293.4	0.08622923	0.08443562	
293.6	0.08653982	0.08475131	
293.8	0.08684334	0.08506699	
294	0.08694196	0.08538267	
294.2	0.08759883	0.08569835	
294.4	0.08794255	0.08601402	
294.6	0.08849732	0.08632969	
294.8	0.08889512	0.08664535	
295	0.08949098	0.08696101	
295.2	0.08979881	0.08727667	
295.4	0.0900296	0.08759232	
295.6	0.0906433	0.08790797	
295.8	0.09078094	0.08822361	
296	0.0911713	0.08853925	
296.2	0.09140631	0.08885489	
296.4	0.09163288	0.08917052	
296.6	0.0916645	0.08948614	
296.8	0.09202526	0.08980177	
297	0.09184867	0.09011739	
297.2	0.09177861	0.090433	
297.4	0.09217473	0.09074861	
297.6	0.09295295	0.09106422	
297.8	0.09314481	0.09137982	
298	0.09311179	0.09169542	
298.2	0.09388108	0.09201101	
298.4	0.09389038	0.0923266	
298.6	0.0940195	0.09264219	
298.8	0.09480744	0.09295777	
299	0.0951226	0.09327335	
299.2	0.0953725	0.09358892	
299.4	0.09571447	0.09390449	
299.6	0.0960499	0.09422006	
299.8	0.09596816	0.09453562	
300	0.09637887	0.09485118	
300.2	0.09659461	0.09516673	
300.4	0.09672085	0.09548228	
300.6	0.09709426	0.09579782	
300.8	0.09743421	0.09611337	
301	0.09786118	0.0964289	
301.2	0.09846128	0.09674443	
301.4	0.09905861	0.09705996	
301.6	0.09966163	0.09737549	
301.8	0.09968054	0.09769101	
302	0.10014309	0.09800653	
302.2	0.10063764	0.09832204	
302.4	0.10053592	0.09863755	
302.6	0.10136672	0.09895305	
302.8	0.10190925	0.09926855	
303	0.10207566	0.09958405	
303.2	0.10222098	0.09989954	
303.4	0.10204886	0.10021503	
303.6	0.10166748	0.10053051	
303.8	0.10171011	0.10084599	
304	0.1023565	0.10116146	
304.2	0.10276699	0.10147694	
304.4	0.10303625	0.1017924	
304.6	0.10322271	0.10210787	
304.8	0.10349266	0.10242333	
305	0.10415505	0.10273878	
305.2	0.10490064	0.10305423	
305.4	0.10518051	0.10336968	
305.6	0.10577412	0.10368512	
305.8	0.10595467	0.10400056	
306	0.10650537	0.10431599	
306.2	0.10623844	0.10463142	
306.4	0.10667294	0.10494685	
306.6	0.10698925	0.10526227	
306.8	0.10709483	0.10557769	
307	0.10690874	0.1058931	
307.2	0.1065921	0.10620851	
307.4	0.10676396	0.10652392	
307.6	0.1071237	0.10683932	
307.8	0.10802646	0.10715472	
308	0.10879331	0.10747011	
308.2	0.10909957	0.1077855	
308.4	0.10978968	0.10810089	
308.6	0.11033883	0.10841627	
308.8	0.11138088	0.10873165	
309	0.1125949	0.10904702	
309.2	0.11337021	0.10936239	
309.4	0.11365166	0.10967775	
309.6	0.11463444	0.10999311	
309.8	0.11465401	0.11030847	
310	0.11505671	0.11062382	
310.2	0.11498345	0.11093917	
310.4	0.11567845	0.11125452	
310.6	0.11577312	0.11156986	
310.8	0.11607375	0.11188519	
311	0.11590626	0.11220053	
311.2	0.11612126	0.11251585	
311.4	0.11669834	0.11283118	
311.6	0.11682476	0.1131465	
311.8	0.11706934	0.11346181	
312	0.11698107	0.11377713	
312.2	0.11691082	0.11409243	
312.4	0.11727531	0.11440774	
312.6	0.11740115	0.11472304	
312.8	0.11766518	0.11503833	
313	0.11760472	0.11535362	
313.2	0.11756145	0.11566891	
313.4	0.11744534	0.11598419	
313.6	0.11800239	0.11629947	
313.8	0.11768737	0.11661475	
314	0.11828051	0.11693002	
314.2	0.1188708	0.11724528	
314.4	0.11974899	0.11756055	
314.6	0.12034355	0.1178758	
314.8	0.12066616	0.11819106	
315	0.12129864	0.11850631	
315.2	0.12192416	0.11882156	
315.4	0.12256377	0.1191368	
315.6	0.12280875	0.11945204	
315.8	0.12329648	0.11976727	
316	0.12357123	0.1200825	
316.2	0.12380442	0.12039773	
316.4	0.12411107	0.12071295	
316.6	0.1241638	0.12102816	
316.8	0.12397725	0.12134338	
317	0.12387652	0.12165859	
317.2	0.12427893	0.12197379	
317.4	0.12445293	0.12228899	
317.6	0.1249188	0.12260419	
317.8	0.12490995	0.12291938	
318	0.12559706	0.12323457	
318.2	0.12612328	0.12354976	
318.4	0.12676063	0.12386494	
318.6	0.12731227	0.12418012	
318.8	0.12768253	0.12449529	
319	0.12842161	0.12481046	
319.2	0.1285653	0.12512562	
319.4	0.12886531	0.12544078	
319.6	0.129422	0.12575594	
319.8	0.12967457	0.12607109	
320	0.12988727	0.12638624	
320.2	0.12997199	0.12670138	
320.4	0.12988524	0.12701652	
320.6	0.12975586	0.12733166	
320.8	0.1297227	0.12764679	
321	0.13032574	0.12796192	
321.2	0.13091215	0.12827704	
321.4	0.13094363	0.12859216	
321.6	0.13115091	0.12890727	
321.8	0.13152485	0.12922239	
322	0.13205523	0.12953749	
322.2	0.13234797	0.1298526	
322.4	0.13279216	0.13016769	
322.6	0.13347457	0.13048279	
322.8	0.13377791	0.13079788	
323	0.13405937	0.13111297	
323.2	0.13412633	0.13142805	
323.4	0.13447452	0.13174313	
323.6	0.13492748	0.1320582	
323.8	0.13523215	0.13237327	
324	0.1355773	0.13268834	
324.2	0.13570621	0.1330034	
324.4	0.13586439	0.13331846	
324.6	0.13596062	0.13363351	
324.8	0.13622508	0.13394856	
325	0.13690524	0.13426361	
325.2	0.1371612	0.13457865	
325.4	0.13743085	0.13489369	
325.6	0.13775706	0.13520872	
325.8	0.13793962	0.13552375	
326	0.1385523	0.13583878	
326.2	0.13893206	0.1361538	
326.4	0.13965	0.13646881	
326.6	0.14016449	0.13678383	
326.8	0.14007162	0.13709884	
327	0.14027777	0.13741384	
327.2	0.14086801	0.13772884	
327.4	0.14131118	0.13804384	
327.6	0.14201433	0.13835883	
327.8	0.14254204	0.13867382	
328	0.142629	0.1389888	
328.2	0.14285924	0.13930378	
328.4	0.14306736	0.13961876	
328.6	0.14323827	0.13993373	
328.8	0.14372282	0.1402487	
329	0.14402267	0.14056366	
329.2	0.14394772	0.14087862	
329.4	0.14425621	0.14119358	
329.6	0.14465122	0.14150853	
329.8	0.14486329	0.14182348	
330	0.14561607	0.14213842	
330.2	0.14559761	0.14245336	
330.4	0.14576855	0.1427683	
330.6	0.14588613	0.14308323	
330.8	0.14607036	0.14339816	
331	0.14652899	0.14371308	
331.2	0.14741155	0.144028	
331.4	0.14770381	0.14434291	
331.6	0.14805904	0.14465782	
331.8	0.14843656	0.14497273	
332	0.1489767	0.14528763	
332.2	0.14954259	0.14560253	
332.4	0.1498681	0.14591743	
332.6	0.15021134	0.14623232	
332.8	0.15048579	0.1465472	
333	0.15078805	0.14686208	
333.2	0.15103498	0.14717696	
333.4	0.15158331	0.14749184	
333.6	0.15212621	0.14780671	
333.8	0.15207446	0.14812157	
334	0.15245982	0.14843643	
334.2	0.15259659	0.14875129	
334.4	0.15280006	0.14906615	
334.6	0.15334043	0.149381	
334.8	0.15336484	0.14969584	
335	0.15366988	0.15001068	
335.2	0.15415779	0.15032552	
335.4	0.15393824	0.15064035	
335.6	0.15405756	0.15095518	
335.8	0.15430792	0.15127001	
336	0.15475568	0.15158483	
336.2	0.15478057	0.15189964	
336.4	0.15470252	0.15221446	
336.6	0.15493637	0.15252927	
336.8	0.15539424	0.15284407	
337	0.15576287	0.15315887	
337.2	0.15606381	0.15347367	
337.4	0.15655905	0.15378846	
337.6	0.15724769	0.15410325	
337.8	0.1576522	0.15441803	
338	0.15830022	0.15473281	
338.2	0.15872849	0.15504759	
338.4	0.15923513	0.15536236	
338.6	0.16008104	0.15567713	
338.8	0.16023217	0.15599189	
339	0.16093956	0.15630665	
339.2	0.16109666	0.15662141	
339.4	0.16111824	0.15693616	
339.6	0.16156994	0.1572509	
339.8	0.16167856	0.15756565	
340	0.16182174	0.15788039	
340.2	0.16212643	0.15819512	
340.4	0.16223396	0.15850985	
340.6	0.16263477	0.15882458	
340.8	0.16286089	0.1591393	
341	0.16288913	0.15945402	
341.2	0.1632452	0.15976874	
341.4	0.16346746	0.16008345	
341.6	0.16378659	0.16039815	
341.8	0.16385021	0.16071286	
342	0.16405374	0.16102755	
342.2	0.16449485	0.16134225	
342.4	0.16463147	0.16165694	
342.6	0.1650403	0.16197162	
342.8	0.16527231	0.16228631	
343	0.16594334	0.16260098	
343.2	0.16591756	0.16291566	
343.4	0.16617677	0.16323033	
343.6	0.16663777	0.16354499	
343.8	0.16672579	0.16385965	
344	0.16710502	0.16417431	
344.2	0.16772144	0.16448897	
344.4	0.16784032	0.16480361	
344.6	0.16827278	0.16511826	
344.8	0.16842181	0.1654329	
345	0.16900441	0.16574754	
345.2	0.16968542	0.16606217	
345.4	0.1701756	0.1663768	
345.6	0.17068138	0.16669142	
345.8	0.17087877	0.16700605	
346	0.17121865	0.16732066	
346.2	0.17170808	0.16763527	
346.4	0.17190584	0.16794988	
346.6	0.1723479	0.16826449	
346.8	0.17277199	0.16857909	
347	0.17306506	0.16889368	
347.2	0.17304582	0.16920828	
347.4	0.17339689	0.16952286	
347.6	0.17372983	0.16983745	
347.8	0.17394575	0.17015203	
348	0.17416558	0.1704666	
348.2	0.17457795	0.17078118	
348.4	0.17479124	0.17109574	
348.6	0.1749778	0.17141031	
348.8	0.17544702	0.17172487	
349	0.17603356	0.17203942	
349.2	0.17634512	0.17235397	
349.4	0.1767263	0.17266852	
349.6	0.17704684	0.17298306	
349.8	0.1775734	0.1732976	
350	0.17802679	0.17361214	
350.2	0.17822525	0.17392667	
350.4	0.17838701	0.17424119	
350.6	0.17823994	0.17455572	
350.8	0.17833419	0.17487024	
351	0.17867196	0.17518475	
351.2	0.17883718	0.17549926	
351.4	0.17916955	0.17581377	
351.6	0.17945312	0.17612827	
351.8	0.18004013	0.17644277	
352	0.18018583	0.17675726	
352.2	0.18053094	0.17707175	
352.4	0.18069062	0.17738624	
352.6	0.18096519	0.17770072	
352.8	0.18137014	0.1780152	
353	0.18139618	0.17832967	
353.2	0.1818354	0.17864414	
353.4	0.18232568	0.17895861	
353.6	0.18291364	0.17927307	
353.8	0.18348831	0.17958752	
354	0.18356589	0.17990198	
354.2	0.18355998	0.18021643	
354.4	0.18400404	0.18053087	
354.6	0.18421078	0.18084531	
354.8	0.18443191	0.18115975	
355	0.18520092	0.18147418	
355.2	0.18549894	0.18178861	
355.4	0.18599998	0.18210304	
355.6	0.18636133	0.18241746	
355.8	0.18682548	0.18273187	
356	0.1870882	0.18304629	
356.2	0.18742045	0.18336069	
356.4	0.18789746	0.1836751	
356.6	0.18788536	0.1839895	
356.8	0.18808575	0.1843039	
357	0.18837671	0.18461829	
357.2	0.18873829	0.18493268	
357.4	0.18894417	0.18524706	
357.6	0.18954557	0.18556144	
357.8	0.18977555	0.18587581	
358	0.18997023	0.18619019	
358.2	0.19033838	0.18650455	
358.4	0.19092993	0.18681892	
358.6	0.19134097	0.18713328	
358.8	0.19174525	0.18744763	
359	0.19237557	0.18776198	
359.2	0.19272399	0.18807633	
359.4	0.1930936	0.18839067	
359.6	0.19328707	0.18870501	
359.8	0.19362691	0.18901935	
360	0.19362691	0.18933529	
360.2	0.19367176	0.18933411	
360.4	0.19396534	0.18933294	
360.6	0.19398949	0.18933177	
360.8	0.19403893	0.1893306	
361	0.1943252	0.18932943	
361.2	0.19480134	0.18932825	
361.4	0.19506106	0.18932708	
361.6	0.19511405	0.18932591	
361.8	0.19540727	0.18932474	
362	0.19549702	0.18932357	
362.2	0.19553855	0.1893224	
362.4	0.19573958	0.18932122	
362.6	0.19600923	0.18932005	
362.8	0.19603134	0.18931888	
363	0.19649628	0.18931771	
363.2	0.19626689	0.18931654	
363.4	0.19633495	0.18931537	
363.6	0.19568164	0.18931419	
363.8	0.19573677	0.18931302	
364	0.19596493	0.18931185	
364.2	0.19594918	0.18931068	
364.4	0.19574582	0.18930951	
364.6	0.19547066	0.18930834	
364.8	0.19573021	0.18930716	
365	0.19601922	0.18930599	
365.2	0.19598289	0.18930482	
365.4	0.19566308	0.18930365	
365.6	0.19556379	0.18930248	
365.8	0.19569754	0.18930131	
366	0.19542028	0.18930013	
366.2	0.19549937	0.18929896	
366.4	0.19531883	0.18929779	
366.6	0.19518309	0.18929662	
366.8	0.19492421	0.18929545	
367	0.19466159	0.18929428	
367.2	0.19449927	0.18929311	
367.4	0.19418974	0.18929193	
367.6	0.19394639	0.18929076	
367.8	0.19427168	0.18928959	
368	0.19428863	0.18928842	
368.2	0.19385871	0.18928725	
368.4	0.19381162	0.18928608	
368.6	0.19424168	0.18928491	
368.8	0.19449117	0.18928373	
369	0.19443973	0.18928256	
369.2	0.19418013	0.18928139	
369.4	0.19436313	0.18928022	
369.6	0.19430269	0.18927905	
369.8	0.19412234	0.18927788	
370	0.19391398	0.1892767	
370.2	0.19393311	0.18927553	
370.4	0.1936716	0.18927436	
370.6	0.19354735	0.18927319	
370.8	0.19328329	0.18927202	
371	0.19272325	0.18927085	
371.2	0.19287932	0.18926968	
371.4	0.19246257	0.18926851	
371.6	0.19277422	0.18926733	
371.8	0.19283042	0.18926616	
372	0.19296258	0.18926499	
372.2	0.19300968	0.18926382	
372.4	0.19326482	0.18926265	
372.6	0.19358217	0.18926148	
372.8	0.19340776	0.18926031	
373	0.19338723	0.18925913	
373.2	0.19346368	0.18925796	
373.4	0.19362043	0.18925679	
373.6	0.1934994	0.18925562	
373.8	0.1931998	0.18925445	
374	0.19326649	0.18925328	
374.2	0.19335426	0.18925211	
374.4	0.19314874	0.18925094	
374.6	0.1928333	0.18924976	
374.8	0.19230654	0.18924859	
375	0.19203476	0.18924742	
375.2	0.19216641	0.18924625	
375.4	0.19233237	0.18924508	
375.6	0.1925396	0.18924391	
375.8	0.19224308	0.18924274	
376	0.19239967	0.18924157	
376.2	0.19247704	0.18924039	
376.4	0.19222001	0.18923922	
376.6	0.19215246	0.18923805	
376.8	0.19191823	0.18923688	
377	0.19175444	0.18923571	
377.2	0.19165984	0.18923454	
377.4	0.19147417	0.18923337	
377.6	0.19139401	0.1892322	
377.8	0.19112937	0.18923102	
378	0.19159583	0.18922985	
378.2	0.19129392	0.18922868	
378.4	0.19114614	0.18922751	
378.6	0.19089829	0.18922634	
378.8	0.1908371	0.18922517	
379	0.19083171	0.189224	
379.2	0.19104103	0.18922283	
379.4	0.19093371	0.18922166	
379.6	0.1908915	0.18922048	
379.8	0.19107449	0.18921931	
380	0.19122925	0.18921814	
380.2	0.19140706	0.18921697	
380.4	0.19132252	0.1892158	
380.6	0.19146673	0.18921463	
380.8	0.1916024	0.18921346	
381	0.19158401	0.18921229	
381.2	0.19160753	0.18921112	
381.4	0.19203432	0.18920995	
381.6	0.19221837	0.18920877	
381.8	0.19221487	0.1892076	
382	0.19237677	0.18920643	
382.2	0.19215677	0.18920526	
382.4	0.19241181	0.18920409	
382.6	0.19227276	0.18920292	
382.8	0.19233423	0.18920175	
383	0.19230396	0.18920058	
383.2	0.19229925	0.18919941	
383.4	0.19182824	0.18919824	
383.6	0.19225815	0.18919706	
383.8	0.19208053	0.18919589	
384	0.192164	0.18919472	
384.2	0.19228114	0.18919355	
384.4	0.19205642	0.18919238	
384.6	0.19178357	0.18919121	
384.8	0.19145937	0.18919004	
385	0.19085417	0.18918887	
385.2	0.1903802	0.1891877	
385.4	0.19031385	0.18918653	
385.6	0.18954595	0.18918536	
385.8	0.18916845	0.18918418	
386	0.18906589	0.18918301	
386.2	0.18875499	0.18918184	
386.4	0.18900614	0.18918067	
386.6	0.18881245	0.1891795	
386.8	0.18903153	0.18917833	
387	0.1892505	0.18917716	
387.2	0.18945745	0.18917599	
387.4	0.1896616	0.18917482	
387.6	0.18987601	0.18917365	
387.8	0.19019473	0.18917248	
388	0.19062519	0.18917131	
388.2	0.19075138	0.18917013	
388.4	0.19046211	0.18916896	
388.6	0.19047389	0.18916779	
388.8	0.19065229	0.18916662	
389	0.19045832	0.18916545	
389.2	0.19027347	0.18916428	
389.4	0.19004743	0.18916311	
389.6	0.1895097	0.18916194	
389.8	0.18931694	0.18916077	
390	0.18905733	0.1891596	
390.2	0.18885293	0.18915843	
390.4	0.18922349	0.18915726	
390.6	0.18865877	0.18915609	
390.8	0.18888743	0.18915492	
391	0.18885804	0.18915374	
391.2	0.18864317	0.18915257	
391.4	0.18879621	0.1891514	
391.6	0.18887874	0.18915023	
391.8	0.18904087	0.18914906	
392	0.18903325	0.18914789	
392.2	0.18897587	0.18914672	
392.4	0.1889153	0.18914555	
392.6	0.18935081	0.18914438	
392.8	0.18944788	0.18914321	
393	0.18934989	0.18914204	
393.2	0.18905319	0.18914087	
393.4	0.18898351	0.1891397	
393.6	0.18919926	0.18913853	
393.8	0.18933557	0.18913736	
394	0.18915003	0.18913619	
394.2	0.18897866	0.18913501	
394.4	0.18934583	0.18913384	
394.6	0.18921108	0.18913267	
394.8	0.18946872	0.1891315	
395	0.18930813	0.18913033	
395.2	0.18908043	0.18912916	
395.4	0.1893238	0.18912799	
395.6	0.18910216	0.18912682	
395.8	0.1890188	0.18912565	
396	0.18920986	0.18912448	
396.2	0.18889533	0.18912331	
396.4	0.18885511	0.18912214	
396.6	0.18863812	0.18912097	
396.8	0.18831737	0.1891198	
397	0.18838095	0.18911863	
397.2	0.18808435	0.18911746	
397.4	0.18795635	0.18911629	
397.6	0.18801951	0.18911512	
397.8	0.18765152	0.18911395	
398	0.18746714	0.18911278	
398.2	0.18767387	0.18911161	
398.4	0.18819878	0.18911043	
398.6	0.18824835	0.18910926	
398.8	0.18812813	0.18910809	
399	0.1878267	0.18910692	
399.2	0.18744257	0.18910575	
399.4	0.18749319	0.18910458	
399.6	0.18749788	0.18910341	
399.8	0.1875659	0.18910224	
400	0.18733324	0.18910107	
400.2	0.18724507	0.1890999	
400.4	0.18731018	0.18909873	
400.6	0.18730106	0.18909756	
400.8	0.18754748	0.18909639	
401	0.1878358	0.18909522	
401.2	0.18801231	0.18909405	
401.4	0.1881899	0.18909288	
401.6	0.18824657	0.18909171	
401.8	0.18836663	0.18909054	
402	0.18914658	0.18908937	
402.2	0.18936009	0.1890882	
402.4	0.18975883	0.18908703	
402.6	0.18977872	0.18908586	
402.8	0.18949611	0.18908469	
403	0.18885009	0.18908352	
403.2	0.18871782	0.18908235	
403.4	0.18865944	0.18908118	
403.6	0.18816525	0.18908001	
403.8	0.18827763	0.18907884	
404	0.18786436	0.18907767	
404.2	0.18795833	0.1890765	
404.4	0.18777949	0.18907533	
404.6	0.18779613	0.18907416	
404.8	0.18771067	0.18907299	
405	0.18790162	0.18907182	
405.2	0.18841705	0.18907065	
405.4	0.18867647	0.18906948	
405.6	0.18859758	0.1890683	
405.8	0.18862042	0.18906713	
406	0.1890758	0.18906596	
406.2	0.18894598	0.18906479	
406.4	0.18901883	0.18906362	
406.6	0.18889072	0.18906245	
406.8	0.18868904	0.18906128	
407	0.1884866	0.18906011	
407.2	0.18856707	0.18905894	
407.4	0.18826271	0.18905777	
407.6	0.1881451	0.1890566	
407.8	0.18858185	0.18905543	
408	0.18803152	0.18905426	
408.2	0.18830095	0.18905309	
408.4	0.18839497	0.18905192	
408.6	0.18841862	0.18905075	
408.8	0.18850933	0.18904958	
409	0.18879264	0.18904841	
409.2	0.18919349	0.18904724	
409.4	0.18884898	0.18904607	
409.6	0.18843893	0.1890449	
409.8	0.18847296	0.18904373	
410	0.18831992	0.18904256	
410.2	0.18848576	0.18904139	
410.4	0.18844189	0.18904022	
410.6	0.18830951	0.18903905	
410.8	0.18835235	0.18903788	
411	0.18823031	0.18903671	
411.2	0.1878465	0.18903554	
411.4	0.18774868	0.18903437	
411.6	0.18790419	0.1890332	
411.8	0.18773253	0.18903203	
412	0.1874913	0.18903086	
412.2	0.1876954	0.18902969	
412.4	0.18767438	0.18902852	
412.6	0.18733965	0.18902735	
412.8	0.18728957	0.18902618	
413	0.18732154	0.18902501	
413.2	0.18709065	0.18902384	
413.4	0.18675395	0.18902267	
413.6	0.1870895	0.18902151	
413.8	0.187297	0.18902034	
414	0.1874306	0.18901917	
414.2	0.18781977	0.189018	
414.4	0.18744559	0.18901683	
414.6	0.18730973	0.18901566	
414.8	0.1872841	0.18901449	
415	0.18721815	0.18901332	
415.2	0.18669049	0.18901215	
415.4	0.18679452	0.18901098	
415.6	0.18679394	0.18900981	
415.8	0.18658038	0.18900864	
416	0.18676533	0.18900747	
416.2	0.18671227	0.1890063	
416.4	0.18659141	0.18900513	
416.6	0.18664623	0.18900396	
416.8	0.18678174	0.18900279	
417	0.1869303	0.18900162	
417.2	0.18664194	0.18900045	
417.4	0.18690621	0.18899928	
417.6	0.18722776	0.18899811	
417.8	0.1871329	0.18899694	
418	0.18703412	0.18899577	
418.2	0.18655967	0.1889946	
418.4	0.18638853	0.18899343	
418.6	0.18651236	0.18899226	
418.8	0.18658867	0.18899109	
419	0.18676285	0.18898992	
419.2	0.18665892	0.18898875	
419.4	0.18712094	0.18898758	
419.6	0.18742017	0.18898641	
419.8	0.18744347	0.18898524	
420	0.18723007	0.18898407	
420.2	0.18720065	0.1889829	
420.4	0.18713628	0.18898173	
420.6	0.18719011	0.18898056	
420.8	0.18704442	0.1889794	
421	0.18677962	0.18897823	
421.2	0.18670316	0.18897706	
421.4	0.18657829	0.18897589	
421.6	0.18625147	0.18897472	
421.8	0.18579069	0.18897355	
422	0.18544065	0.18897238	
422.2	0.18563425	0.18897121	
422.4	0.18571465	0.18897004	
422.6	0.1858205	0.18896887	
422.8	0.18607455	0.1889677	
423	0.18627477	0.18896653	
423.2	0.18655884	0.18896536	
423.4	0.1867596	0.18896419	
423.6	0.1869777	0.18896302	
423.8	0.18672062	0.18896185	
424	0.18667408	0.18896068	
424.2	0.18673622	0.18895951	
424.4	0.18662756	0.18895834	
424.6	0.18680086	0.18895717	
424.8	0.18722113	0.188956	
425	0.18707008	0.18895484	
425.2	0.1871044	0.18895367	
425.4	0.18683707	0.1889525	
425.6	0.18654418	0.18895133	
425.8	0.18659112	0.18895016	
426	0.18649494	0.18894899	
426.2	0.18655628	0.18894782	
426.4	0.18654182	0.18894665	
426.6	0.18655868	0.18894548	
426.8	0.18657788	0.18894431	
427	0.18639279	0.18894314	
427.2	0.1862227	0.18894197	
427.4	0.18631622	0.1889408	
427.6	0.18630607	0.18893963	
427.8	0.18630133	0.18893846	
428	0.18609227	0.18893729	
428.2	0.18618266	0.18893613	
428.4	0.18658428	0.18893496	
428.6	0.18667497	0.18893379	
428.8	0.18665068	0.18893262	
429	0.18658811	0.18893145	
429.2	0.18649984	0.18893028	
429.4	0.18681047	0.18892911	
429.6	0.18675442	0.18892794	
429.8	0.18707722	0.18892677	
430	0.18698893	0.1889256	
430.2	0.1872209	0.18892443	
430.4	0.18707627	0.18892326	
430.6	0.18651655	0.18892209	
430.8	0.18633355	0.18892092	
431	0.18615003	0.18891976	
431.2	0.18637722	0.18891859	
431.4	0.18630837	0.18891742	
431.6	0.18617061	0.18891625	
431.8	0.18579684	0.18891508	
432	0.18551504	0.18891391	
432.2	0.18542914	0.18891274	
432.4	0.18546912	0.18891157	
432.6	0.18500468	0.1889104	
432.8	0.18512003	0.18890923	
433	0.18547099	0.18890806	
433.2	0.18551253	0.18890689	
433.4	0.1859256	0.18890573	
433.6	0.18590039	0.18890456	
433.8	0.18610684	0.18890339	
434	0.18608285	0.18890222	
434.2	0.18579339	0.18890105	
434.4	0.18583932	0.18889988	
434.6	0.18594473	0.18889871	
434.8	0.18596902	0.18889754	
435	0.18639992	0.18889637	
435.2	0.18639536	0.1888952	
435.4	0.18625156	0.18889403	
435.6	0.18614019	0.18889287	
435.8	0.18625215	0.1888917	
436	0.18641708	0.18889053	
436.2	0.18624307	0.18888936	
436.4	0.18649818	0.18888819	
436.6	0.18644791	0.18888702	
436.8	0.18655019	0.18888585	
437	0.18689163	0.18888468	
437.2	0.18698814	0.18888351	
437.4	0.18699533	0.18888234	
437.6	0.18670608	0.18888117	
437.8	0.18651143	0.18888001	
438	0.18625992	0.18887884	
438.2	0.18587987	0.18887767	
438.4	0.18627715	0.1888765	
438.6	0.18582154	0.18887533	
438.8	0.18541647	0.18887416	
439	0.18505793	0.18887299	
439.2	0.18455154	0.18887182	
439.4	0.18459652	0.18887065	
439.6	0.18449839	0.18886949	
439.8	0.18473519	0.18886832	
440	0.18437138	0.18886715	
440.2	0.18426749	0.18886598	
440.4	0.18434097	0.18886481	
440.6	0.18453051	0.18886364	
440.8	0.18465834	0.18886247	
441	0.18521777	0.1888613	
441.2	0.18525607	0.18886013	
441.4	0.18544229	0.18885897	
441.6	0.18548341	0.1888578	
441.8	0.18583122	0.18885663	
442	0.18594197	0.18885546	
442.2	0.18626848	0.18885429	
442.4	0.18614637	0.18885312	
442.6	0.18580088	0.18885195	
442.8	0.18528133	0.18885078	
443	0.18487728	0.18884961	
443.2	0.18527493	0.18884845	
443.4	0.1852199	0.18884728	
443.6	0.18526461	0.18884611	
443.8	0.18518179	0.18884494	
444	0.1853733	0.18884377	
444.2	0.18536784	0.1888426	
444.4	0.18544493	0.18884143	
444.6	0.18553854	0.18884026	
444.8	0.18581311	0.1888391	
445	0.18613418	0.18883793	
445.2	0.18621658	0.18883676	
445.4	0.18664883	0.18883559	
445.6	0.18642546	0.18883442	
445.8	0.18647654	0.18883325	
446	0.18654772	0.18883208	
446.2	0.18658968	0.18883092	
446.4	0.18589161	0.18882975	
446.6	0.18560359	0.18882858	
446.8	0.18507206	0.18882741	
447	0.18508163	0.18882624	
447.2	0.18502772	0.18882507	
447.4	0.18488075	0.1888239	
447.6	0.18511824	0.18882273	
447.8	0.18532341	0.18882157	
448	0.18565751	0.1888204	
448.2	0.18519502	0.18881923	
448.4	0.18537917	0.18881806	
448.6	0.18544893	0.18881689	
448.8	0.18581738	0.18881572	
449	0.18564182	0.18881455	
449.2	0.18565727	0.18881339	
449.4	0.18553397	0.18881222	
449.6	0.18499005	0.18881105	
449.8	0.18500871	0.18880988	
450	0.18510914	0.18880871	
450.2	0.18474992	0.18880754	
450.4	0.18423438	0.18880637	
450.6	0.18395374	0.18880521	
450.8	0.1836471	0.18880404	
451	0.18395661	0.18880287	
451.2	0.18405727	0.1888017	
451.4	0.18437155	0.18880053	
451.6	0.1844375	0.18879936	
451.8	0.18445685	0.1887982	
452	0.18453271	0.18879703	
452.2	0.18456155	0.18879586	
452.4	0.18484355	0.18879469	
452.6	0.18505084	0.18879352	
452.8	0.18509432	0.18879235	
453	0.18483763	0.18879118	
453.2	0.18502139	0.18879002	
453.4	0.18495377	0.18878885	
453.6	0.18492557	0.18878768	
453.8	0.18496368	0.18878651	
454	0.18519611	0.18878534	
454.2	0.18531663	0.18878417	
454.4	0.18522124	0.18878301	
454.6	0.18514829	0.18878184	
454.8	0.18521455	0.18878067	
455	0.18554521	0.1887795	
455.2	0.18525208	0.18877833	
455.4	0.18512939	0.18877716	
455.6	0.18500003	0.188776	
455.8	0.18510839	0.18877483	
456	0.18514796	0.18877366	
456.2	0.18519745	0.18877249	
456.4	0.18498973	0.18877132	
456.6	0.18483264	0.18877015	
456.8	0.18477819	0.18876899	
457	0.18454933	0.18876782	
457.2	0.18438248	0.18876665	
457.4	0.18481265	0.18876548	
457.6	0.18471745	0.18876431	
457.8	0.18466411	0.18876314	
458	0.18481477	0.18876198	
458.2	0.18482695	0.18876081	
458.4	0.18455527	0.18875964	
458.6	0.18459216	0.18875847	
458.8	0.18485444	0.1887573	
459	0.18477235	0.18875614	
459.2	0.18475595	0.18875497	
459.4	0.18472268	0.1887538	
459.6	0.18477503	0.18875263	
459.8	0.18474376	0.18875146	
460	0.18473598	0.18875029	
460.2	0.18463293	0.18874913	
460.4	0.18427814	0.18874796	
460.6	0.1843165	0.18874679	
460.8	0.18412707	0.18874562	
461	0.18379012	0.18874445	
461.2	0.18364545	0.18874329	
461.4	0.18414438	0.18874212	
461.6	0.18380952	0.18874095	
461.8	0.18366813	0.18873978	
462	0.18373158	0.18873861	
462.2	0.1839012	0.18873744	
462.4	0.18401279	0.18873628	
462.6	0.18419096	0.18873511	
462.8	0.18453959	0.18873394	
463	0.18447501	0.18873277	
463.2	0.18454307	0.1887316	
463.4	0.1845663	0.18873044	
463.6	0.18462	0.18872927	
463.8	0.18483663	0.1887281	
464	0.18470033	0.18872693	
464.2	0.18480338	0.18872576	
464.4	0.18479416	0.1887246	
464.6	0.18476042	0.18872343	
464.8	0.18422741	0.18872226	
465	0.18424516	0.18872109	
465.2	0.18436834	0.18871992	
465.4	0.18451014	0.18871876	
465.6	0.18446962	0.18871759	
465.8	0.18447403	0.18871642	
466	0.18453413	0.18871525	
466.2	0.18467876	0.18871408	
466.4	0.18465917	0.18871292	
466.6	0.18462188	0.18871175	
466.8	0.18469214	0.18871058	
467	0.18427421	0.18870941	
467.2	0.1842287	0.18870824	
467.4	0.18426923	0.18870708	
467.6	0.18409363	0.18870591	
467.8	0.1841473	0.18870474	
468	0.18377753	0.18870357	
468.2	0.18387997	0.18870241	
468.4	0.18345051	0.18870124	
468.6	0.18323426	0.18870007	
468.8	0.18294737	0.1886989	
469	0.18305084	0.18869773	
469.2	0.18252604	0.18869657	
469.4	0.18217842	0.1886954	
469.6	0.18213542	0.18869423	
469.8	0.18234921	0.18869306	
470	0.18253322	0.18869189	
470.2	0.18270841	0.18869073	
470.4	0.18272358	0.18868956	
470.6	0.18291436	0.18868839	
470.8	0.18334333	0.18868722	
471	0.18356455	0.18868606	
471.2	0.18422164	0.18868489	
471.4	0.18487757	0.18868372	
471.6	0.1851627	0.18868255	
471.8	0.18542428	0.18868138	
472	0.18535859	0.18868022	
472.2	0.18520519	0.18867905	
472.4	0.18494826	0.18867788	
472.6	0.18522912	0.18867671	
472.8	0.18508145	0.18867555	
473	0.1847917	0.18867438	
473.2	0.18419575	0.18867321	
473.4	0.18437376	0.18867204	
473.6	0.18476426	0.18867088	
473.8	0.18474673	0.18866971	
474	0.18433684	0.18866854	
474.2	0.18405788	0.18866737	
474.4	0.18399273	0.1886662	
474.6	0.18433404	0.18866504	
474.8	0.1844703	0.18866387	
475	0.18463231	0.1886627	
475.2	0.18482227	0.18866153	
475.4	0.18496711	0.18866037	
475.6	0.18479048	0.1886592	
475.8	0.1848384	0.18865803	
476	0.18475932	0.18865686	
476.2	0.18495572	0.1886557	
476.4	0.18505886	0.18865453	
476.6	0.18553143	0.18865336	
476.8	0.18537847	0.18865219	
477	0.18552309	0.18865103	
477.2	0.18561231	0.18864986	
477.4	0.18583607	0.18864869	
477.6	0.18591667	0.18864752	
477.8	0.18539849	0.18864636	
478	0.18513169	0.18864519	
478.2	0.18518565	0.18864402	
478.4	0.1852368	0.18864285	
478.6	0.18525237	0.18864169	
478.8	0.1850564	0.18864052	
479	0.18509065	0.18863935	
479.2	0.18506202	0.18863818	
479.4	0.1851476	0.18863702	
479.6	0.18527353	0.18863585	
479.8	0.18547876	0.18863468	
