Conc1	3.33E-08	
Start1	240	
Stop1	479.8	
Kobs	0.00876706432728739	
Error Kobs	0.000105182779450335	
Koff	0	
Error Koff	0	
Time1	Data1	Fit1	
240	0.00195516	0	
240.2	0.00288769	0.00204179	
240.4	0.00414816	0.00407683	
240.6	0.00556205	0.00610516	
240.8	0.00727015	0.00812679	
241	0.00919092	0.01014176	
241.2	0.01106192	0.01215007	
241.4	0.01305377	0.01415175	
241.6	0.01545068	0.01614682	
241.8	0.01772896	0.01813531	
242	0.02004055	0.02011723	
242.2	0.02212906	0.02209262	
242.4	0.02420413	0.02406148	
242.6	0.0261239	0.02602384	
242.8	0.02803351	0.02797973	
243	0.0302322	0.02992916	
243.2	0.03209765	0.03187216	
243.4	0.03365397	0.03380874	
243.6	0.03555732	0.03573893	
243.8	0.03773967	0.03766275	
244	0.03958399	0.03958022	
244.2	0.04172863	0.04149136	
244.4	0.04371863	0.04339619	
244.6	0.04555523	0.04529474	
244.8	0.04739912	0.04718702	
245	0.04906402	0.04907305	
245.2	0.05128817	0.05095286	
245.4	0.05315143	0.05282646	
245.6	0.05490018	0.05469388	
245.8	0.05651585	0.05655513	
246	0.05811055	0.05841024	
246.2	0.05965648	0.06025923	
246.4	0.06154431	0.06210211	
246.6	0.06332915	0.06393891	
246.8	0.06436606	0.06576965	
247	0.06586093	0.06759435	
247.2	0.06686128	0.06941302	
247.4	0.0686022	0.07122569	
247.6	0.0702567	0.07303237	
247.8	0.07204225	0.0748331	
248	0.07350458	0.07662788	
248.2	0.07496581	0.07841673	
248.4	0.07623426	0.08019968	
248.6	0.07781124	0.08197675	
248.8	0.07995137	0.08374795	
249	0.08185947	0.0855133	
249.2	0.08412913	0.08727283	
249.4	0.08549235	0.08902654	
249.6	0.08673535	0.09077447	
249.8	0.08856079	0.09251663	
250	0.0900341	0.09425304	
250.2	0.09156231	0.09598372	
250.4	0.092988	0.09770869	
250.6	0.09428949	0.09942796	
250.8	0.0951242	0.10114156	
251	0.09665998	0.1028495	
251.2	0.09777389	0.1045518	
251.4	0.09951453	0.10624849	
251.6	0.10115176	0.10793957	
251.8	0.10281592	0.10962507	
252	0.10448182	0.11130501	
252.2	0.10594477	0.11297941	
252.4	0.10760473	0.11464827	
252.6	0.10946352	0.11631163	
252.8	0.1117993	0.1179695	
253	0.1131392	0.1196219	
253.2	0.11467699	0.12126884	
253.4	0.11616931	0.12291034	
253.6	0.11741756	0.12454643	
253.8	0.11869741	0.12617712	
254	0.11982052	0.12780242	
254.2	0.12093447	0.12942236	
254.4	0.1222402	0.13103695	
254.6	0.12348156	0.13264622	
254.8	0.12461793	0.13425017	
255	0.12590614	0.13584883	
255.2	0.12728068	0.13744221	
255.4	0.12874806	0.13903033	
255.6	0.13054553	0.14061321	
255.8	0.13215446	0.14219086	
256	0.13378414	0.14376331	
256.2	0.13528415	0.14533056	
256.4	0.13696792	0.14689265	
256.6	0.1386368	0.14844957	
256.8	0.14052209	0.15000136	
257	0.14167368	0.15154803	
257.2	0.14315376	0.15308959	
257.4	0.14478393	0.15462606	
257.6	0.14597065	0.15615746	
257.8	0.14710779	0.15768381	
258	0.14860919	0.15920512	
258.2	0.15003917	0.16072141	
258.4	0.15149031	0.16223269	
258.6	0.15265726	0.16373898	
258.8	0.15372898	0.1652403	
259	0.15506232	0.16673667	
259.2	0.15635644	0.1682281	
259.4	0.15770811	0.1697146	
259.6	0.15933106	0.1711962	
259.8	0.1603272	0.1726729	
260	0.16116814	0.17414474	
260.2	0.16223375	0.17561171	
260.4	0.16341432	0.17707384	
260.6	0.16459195	0.17853115	
260.8	0.16550743	0.17998365	
261	0.16679049	0.18143135	
261.2	0.1678618	0.18287427	
261.4	0.16888546	0.18431243	
261.6	0.1699828	0.18574585	
261.8	0.17089043	0.18717453	
262	0.17241098	0.18859849	
262.2	0.17364795	0.19001776	
262.4	0.17513641	0.19143234	
262.6	0.1767615	0.19284225	
262.8	0.17808243	0.19424751	
263	0.17958923	0.19564813	
263.2	0.18106841	0.19704413	
263.4	0.18255739	0.19843552	
263.6	0.18369363	0.19982231	
263.8	0.18447176	0.20120453	
264	0.18566195	0.20258219	
264.2	0.18706116	0.2039553	
264.4	0.18836785	0.20532388	
264.6	0.18953566	0.20668794	
264.8	0.19087318	0.20804749	
265	0.19211749	0.20940256	
265.2	0.19279974	0.21075316	
265.4	0.19397286	0.2120993	
265.6	0.19543606	0.21344099	
265.8	0.1962403	0.21477826	
266	0.1974977	0.21611111	
266.2	0.19854902	0.21743957	
266.4	0.20012229	0.21876364	
266.6	0.20157815	0.22008333	
266.8	0.20260325	0.22139868	
267	0.20389667	0.22270968	
267.2	0.20504745	0.22401635	
267.4	0.20622684	0.22531871	
267.6	0.20733475	0.22661677	
267.8	0.20843626	0.22791055	
268	0.20977211	0.22920005	
268.2	0.21103576	0.2304853	
268.4	0.21196065	0.23176631	
268.6	0.21291098	0.23304309	
268.8	0.21420032	0.23431566	
269	0.2148255	0.23558402	
269.2	0.21578079	0.2368482	
269.4	0.21673812	0.2381082	
269.6	0.2178421	0.23936405	
269.8	0.21837169	0.24061575	
270	0.21934239	0.24186332	
270.2	0.22072683	0.24310677	
270.4	0.22175487	0.24434612	
270.6	0.22310818	0.24558138	
270.8	0.22404604	0.24681255	
271	0.2252282	0.24803967	
271.2	0.22629615	0.24926273	
271.4	0.22751285	0.25048176	
271.6	0.22884158	0.25169677	
271.8	0.23020335	0.25290776	
272	0.2315798	0.25411476	
272.2	0.23293245	0.25531777	
272.4	0.23362985	0.25651681	
272.6	0.23502184	0.25771189	
272.8	0.23620953	0.25890303	
273	0.23716382	0.26009024	
273.2	0.23851166	0.26127353	
273.4	0.23965146	0.26245291	
273.6	0.24072279	0.2636284	
273.8	0.24202904	0.26480001	
274	0.24310668	0.26596775	
274.2	0.24397201	0.26713164	
274.4	0.24495037	0.26829169	
274.6	0.24588964	0.26944791	
274.8	0.2464076	0.27060031	
275	0.24728422	0.27174891	
275.2	0.24808199	0.27289371	
275.4	0.2489729	0.27403474	
275.6	0.24984357	0.275172	
275.8	0.2509405	0.27630551	
276	0.25168759	0.27743527	
276.2	0.25253217	0.27856131	
276.4	0.25347754	0.27968363	
276.6	0.25481914	0.28080225	
276.8	0.25577194	0.28191717	
277	0.25676125	0.28302841	
277.2	0.25811224	0.28413599	
277.4	0.25950991	0.28523991	
277.6	0.26048097	0.28634018	
277.8	0.26179313	0.28743683	
278	0.26284719	0.28852985	
278.2	0.26407985	0.28961927	
278.4	0.26560043	0.29070509	
278.6	0.26633154	0.29178732	
278.8	0.26744697	0.29286599	
279	0.26819295	0.29394109	
279.2	0.26916555	0.29501265	
279.4	0.27009427	0.29608066	
279.6	0.2708012	0.29714516	
279.8	0.27189011	0.29820614	
280	0.27247335	0.29926361	
280.2	0.27324795	0.3003176	
280.4	0.27424592	0.30136811	
280.6	0.27484325	0.30241515	
280.8	0.27592242	0.30345873	
281	0.27673912	0.30449887	
281.2	0.27809515	0.30553558	
281.4	0.27927151	0.30656886	
281.6	0.28004211	0.30759873	
281.8	0.28105623	0.30862521	
282	0.28232799	0.30964829	
282.2	0.28342684	0.310668	
282.4	0.28424807	0.31168435	
282.6	0.285366	0.31269734	
282.8	0.28625867	0.31370698	
283	0.28693776	0.31471329	
283.2	0.28840588	0.31571628	
283.4	0.28879075	0.31671596	
283.6	0.28948216	0.31771234	
283.8	0.29045646	0.31870544	
284	0.29117534	0.31969525	
284.2	0.29184454	0.3206818	
284.4	0.29276516	0.32166509	
284.6	0.29370803	0.32264513	
284.8	0.29486319	0.32362194	
285	0.29593098	0.32459553	
285.2	0.29716365	0.3255659	
285.4	0.29823768	0.32653307	
285.6	0.29922225	0.32749704	
285.8	0.30007599	0.32845784	
286	0.30088622	0.32941546	
286.2	0.30182892	0.33036992	
286.4	0.30295387	0.33132124	
286.6	0.30439629	0.33226941	
286.8	0.3049808	0.33321445	
287	0.30579125	0.33415637	
287.2	0.3062388	0.33509519	
287.4	0.30648679	0.3360309	
287.6	0.30759292	0.33696353	
287.8	0.30819497	0.33789308	
288	0.30879759	0.33881956	
288.2	0.30942214	0.33974298	
288.4	0.30981561	0.34066335	
288.6	0.31060927	0.34158069	
288.8	0.31143819	0.34249499	
289	0.31228882	0.34340628	
289.2	0.31305779	0.34431457	
289.4	0.31415332	0.34521985	
289.6	0.31532652	0.34612215	
289.8	0.31615321	0.34702146	
290	0.31712942	0.34791781	
290.2	0.31809929	0.3488112	
290.4	0.31906288	0.34970165	
290.6	0.31979986	0.35058915	
290.8	0.32061467	0.35147372	
291	0.32129763	0.35235537	
291.2	0.32185912	0.35323412	
291.4	0.32261359	0.35410996	
291.6	0.32352043	0.35498291	
291.8	0.32390939	0.35585298	
292	0.32460201	0.35672018	
292.2	0.32509551	0.35758452	
292.4	0.32576186	0.358446	
292.6	0.32674922	0.35930464	
292.8	0.32760442	0.36016044	
293	0.32876115	0.36101342	
293.2	0.33003594	0.36186359	
293.4	0.3312174	0.36271095	
293.6	0.33239604	0.36355551	
293.8	0.33355823	0.36439728	
294	0.33442896	0.36523628	
294.2	0.33492328	0.36607251	
294.4	0.3356831	0.36690597	
294.6	0.33688863	0.36773669	
294.8	0.33798975	0.36856466	
295	0.33864312	0.3693899	
295.2	0.33921833	0.37021242	
295.4	0.33968095	0.37103222	
295.6	0.34040598	0.37184931	
295.8	0.34070503	0.37266371	
296	0.34141285	0.37347542	
296.2	0.34214784	0.37428445	
296.4	0.34290101	0.37509081	
296.6	0.34360267	0.37589451	
296.8	0.34443881	0.37669556	
297	0.34526453	0.37749396	
297.2	0.34604346	0.37828973	
297.4	0.34651683	0.37908287	
297.6	0.34737094	0.37987339	
297.8	0.34829712	0.3806613	
298	0.34845341	0.38144661	
298.2	0.34911281	0.38222933	
298.4	0.35001457	0.38300947	
298.6	0.35084981	0.38378703	
298.8	0.35173459	0.38456202	
299	0.35243545	0.38533446	
299.2	0.35321158	0.38610435	
299.4	0.35410695	0.38687169	
299.6	0.35486688	0.38763651	
299.8	0.35561203	0.38839879	
300	0.35656939	0.38915857	
300.2	0.35737972	0.38991583	
300.4	0.35814474	0.3906706	
300.6	0.35894128	0.39142287	
300.8	0.35978509	0.39217266	
301	0.36025857	0.39291998	
301.2	0.36125504	0.39366482	
301.4	0.36201746	0.39440721	
301.6	0.36261332	0.39514715	
301.8	0.36348841	0.39588465	
302	0.36413315	0.39661971	
302.2	0.36484073	0.39735235	
302.4	0.36575174	0.39808257	
302.6	0.36680426	0.39881038	
302.8	0.36784476	0.39953578	
303	0.36877617	0.4002588	
303.2	0.36946118	0.40097942	
303.4	0.37028643	0.40169767	
303.6	0.37067057	0.40241354	
303.8	0.37153424	0.40312706	
304	0.37204211	0.40383821	
304.2	0.37249249	0.40454703	
304.4	0.37295994	0.4052535	
304.6	0.37338962	0.40595763	
304.8	0.37405237	0.40665945	
305	0.37463273	0.40735895	
305.2	0.37502528	0.40805614	
305.4	0.37551588	0.40875102	
305.6	0.37590836	0.40944362	
305.8	0.3770238	0.41013393	
306	0.37764001	0.41082196	
306.2	0.37838004	0.41150772	
306.4	0.37967531	0.41219121	
306.6	0.38057502	0.41287245	
306.8	0.3814806	0.41355144	
307	0.38228981	0.41422819	
307.2	0.38285432	0.4149027	
307.4	0.38374484	0.41557499	
307.6	0.38432644	0.41624506	
307.8	0.3851404	0.41691292	
308	0.38527697	0.41757858	
308.2	0.3862052	0.41824203	
308.4	0.38671642	0.4189033	
308.6	0.38750278	0.41956238	
308.8	0.3882389	0.42021929	
309	0.38880204	0.42087403	
309.2	0.38958745	0.42152661	
309.4	0.39064846	0.42217704	
309.6	0.39173271	0.42282531	
309.8	0.39256784	0.42347145	
310	0.39319338	0.42411546	
310.2	0.3940655	0.42475734	
310.4	0.3949205	0.4253971	
310.6	0.39563498	0.42603475	
310.8	0.3963708	0.42667029	
311	0.396894	0.42730374	
311.2	0.39714369	0.4279351	
311.4	0.39779571	0.42856437	
311.6	0.39813845	0.42919156	
311.8	0.39847649	0.42981669	
312	0.3985983	0.43043975	
312.2	0.39927653	0.43106076	
312.4	0.39937785	0.43167971	
312.6	0.39985799	0.43229662	
312.8	0.4005127	0.4329115	
313	0.4010515	0.43352435	
313.2	0.40225006	0.43413517	
313.4	0.40270136	0.43474398	
313.6	0.40323593	0.43535077	
313.8	0.40377221	0.43595557	
314	0.40493187	0.43655837	
314.2	0.40554602	0.43715918	
314.4	0.40616994	0.437758	
314.6	0.40699229	0.43835485	
314.8	0.40769359	0.43894973	
315	0.40834138	0.43954265	
315.2	0.40904711	0.4401336	
315.4	0.409943	0.44072261	
315.6	0.41071356	0.44130968	
315.8	0.41139542	0.4418948	
316	0.41185475	0.442478	
316.2	0.41252849	0.44305926	
316.4	0.41285913	0.44363862	
316.6	0.41338265	0.44421605	
316.8	0.41398187	0.44479159	
317	0.41461957	0.44536522	
317.2	0.41548356	0.44593696	
317.4	0.41566904	0.44650681	
317.6	0.41634838	0.44707478	
317.8	0.41720954	0.44764088	
318	0.41831129	0.44820511	
318.2	0.41845595	0.44876747	
318.4	0.4189215	0.44932798	
318.6	0.41951477	0.44988664	
318.8	0.42040634	0.45044346	
319	0.42114999	0.45099843	
319.2	0.42231441	0.45155158	
319.4	0.42313927	0.4521029	
319.6	0.4241466	0.4526524	
319.8	0.42450151	0.45320009	
320	0.42492184	0.45374596	
320.2	0.42534693	0.45429004	
320.4	0.42558495	0.45483232	
320.6	0.42600409	0.45537281	
320.8	0.4264439	0.45591152	
321	0.42700508	0.45644845	
321.2	0.42756236	0.4569836	
321.4	0.42821561	0.45751699	
321.6	0.42896152	0.45804862	
321.8	0.42938849	0.4585785	
322	0.42968635	0.45910662	
322.2	0.42957757	0.45963301	
322.4	0.42966274	0.46015765	
322.6	0.43022092	0.46068056	
322.8	0.43110534	0.46120175	
323	0.43160304	0.46172122	
323.2	0.43242928	0.46223897	
323.4	0.43317395	0.46275501	
323.6	0.43362366	0.46326935	
323.8	0.4340877	0.46378199	
324	0.4343855	0.46429294	
324.2	0.43493106	0.46480221	
324.4	0.43550669	0.46530979	
324.6	0.43648786	0.4658157	
324.8	0.43728574	0.46631994	
325	0.43842904	0.46682251	
325.2	0.43998682	0.46732342	
325.4	0.44100947	0.46782268	
325.6	0.44142765	0.4683203	
325.8	0.44189802	0.46881627	
326	0.44245332	0.4693106	
326.2	0.44335965	0.4698033	
326.4	0.44406168	0.47029437	
326.6	0.44472889	0.47078383	
326.8	0.44501809	0.47127167	
327	0.4455169	0.4717579	
327.2	0.44588243	0.47224252	
327.4	0.4466877	0.47272554	
327.6	0.44695049	0.47320697	
327.8	0.44728012	0.47368681	
328	0.44726889	0.47416507	
328.2	0.44796377	0.47464175	
328.4	0.44828686	0.47511685	
328.6	0.44857541	0.47559039	
328.8	0.44897774	0.47606236	
329	0.4498573	0.47653278	
329.2	0.45047167	0.47700164	
329.4	0.45095918	0.47746895	
329.6	0.45114885	0.47793473	
329.8	0.45207722	0.47839896	
330	0.45255463	0.47886167	
330.2	0.45288909	0.47932284	
330.4	0.45311972	0.47978249	
330.6	0.45318234	0.48024063	
330.8	0.45339241	0.48069725	
331	0.45379833	0.48115237	
331.2	0.45413145	0.48160599	
331.4	0.45476282	0.4820581	
331.6	0.45501997	0.48250873	
331.8	0.45555233	0.48295786	
332	0.45598215	0.48340552	
332.2	0.45669136	0.4838517	
332.4	0.45685925	0.4842964	
332.6	0.45740067	0.48473964	
332.8	0.45869679	0.48518141	
333	0.45956771	0.48562173	
333.2	0.46052175	0.48606059	
333.4	0.46127458	0.486498	
333.6	0.46160406	0.48693397	
333.8	0.46212761	0.4873685	
334	0.46207802	0.4878016	
334.2	0.46273526	0.48823327	
334.4	0.46336076	0.48866351	
334.6	0.46356288	0.48909233	
334.8	0.46418213	0.48951974	
335	0.46434698	0.48994573	
335.2	0.46503766	0.49037032	
335.4	0.4655925	0.49079351	
335.6	0.46663529	0.4912153	
335.8	0.46733587	0.4916357	
336	0.46796761	0.49205471	
336.2	0.4686761	0.49247234	
336.4	0.46899498	0.49288859	
336.6	0.46983253	0.49330347	
336.8	0.47023586	0.49371697	
337	0.47059281	0.49412912	
337.2	0.47084267	0.4945399	
337.4	0.47108347	0.49494932	
337.6	0.47129463	0.4953574	
337.8	0.47143958	0.49576412	
338	0.47208921	0.49616951	
338.2	0.47282021	0.49657355	
338.4	0.47313081	0.49697627	
338.6	0.47332769	0.49737765	
338.8	0.47407511	0.49777771	
339	0.47441523	0.49817645	
339.2	0.47526373	0.49857387	
339.4	0.47570107	0.49896998	
339.6	0.47634936	0.49936478	
339.8	0.47672013	0.49975828	
340	0.47711117	0.50015048	
340.2	0.47743501	0.50054139	
340.4	0.47745262	0.500931	
340.6	0.47785484	0.50131933	
340.8	0.47786025	0.50170638	
341	0.47878641	0.50209215	
341.2	0.47930905	0.50247665	
341.4	0.48005152	0.50285988	
341.6	0.48078917	0.50324184	
341.8	0.48131397	0.50362254	
342	0.48211478	0.50400199	
342.2	0.48263271	0.50438018	
342.4	0.48317407	0.50475713	
342.6	0.48367321	0.50513283	
342.8	0.48424303	0.50550729	
343	0.48466378	0.50588051	
343.2	0.48515838	0.50625251	
343.4	0.48528924	0.50662327	
343.6	0.48576568	0.50699281	
343.8	0.48572679	0.50736113	
344	0.48584639	0.50772824	
344.2	0.48598192	0.50809413	
344.4	0.48637018	0.50845882	
344.6	0.48694595	0.5088223	
344.8	0.48714754	0.50918458	
345	0.48813996	0.50954567	
345.2	0.48867426	0.50990557	
345.4	0.48914888	0.51026427	
345.6	0.48994174	0.5106218	
345.8	0.49030126	0.51097814	
346	0.4909069	0.5113333	
346.2	0.49160082	0.5116873	
346.4	0.4919808	0.51204012	
346.6	0.49228066	0.51239179	
346.8	0.49284974	0.51274229	
347	0.49336838	0.51309163	
347.2	0.49363418	0.51343982	
347.4	0.49358042	0.51378686	
347.6	0.49395911	0.51413276	
347.8	0.49364976	0.51447751	
348	0.49383003	0.51482113	
348.2	0.49444274	0.51516361	
348.4	0.49505316	0.51550496	
348.6	0.49532441	0.51584519	
348.8	0.49577304	0.51618429	
349	0.49645579	0.51652227	
349.2	0.49664638	0.51685914	
349.4	0.49705429	0.51719489	
349.6	0.49761337	0.51752954	
349.8	0.49788692	0.51786308	
350	0.49828105	0.51819552	
350.2	0.49874151	0.51852686	
350.4	0.49894681	0.51885711	
350.6	0.49949372	0.51918627	
350.8	0.50004953	0.51951435	
351	0.50039518	0.51984134	
351.2	0.50051773	0.52016725	
351.4	0.50063073	0.52049208	
351.6	0.50077034	0.52081585	
351.8	0.50071336	0.52113854	
352	0.5009451	0.52146017	
352.2	0.50186349	0.52178074	
352.4	0.50232677	0.52210025	
352.6	0.5028151	0.5224187	
352.8	0.50367048	0.52273611	
353	0.504002	0.52305247	
353.2	0.50444668	0.52336778	
353.4	0.50493857	0.52368205	
353.6	0.50557778	0.52399528	
353.8	0.506274	0.52430748	
354	0.50698568	0.52461865	
354.2	0.5076809	0.52492879	
354.4	0.50830562	0.52523791	
354.6	0.50901772	0.52554601	
354.8	0.50990679	0.52585309	
355	0.51038437	0.52615916	
355.2	0.51045909	0.52646422	
355.4	0.51078775	0.52676827	
355.6	0.51095593	0.52707132	
355.8	0.51103167	0.52737336	
356	0.51109558	0.52767441	
356.2	0.51166207	0.52797447	
356.4	0.51215103	0.52827354	
356.6	0.51231549	0.52857161	
356.8	0.51256411	0.52886871	
357	0.51272417	0.52916482	
357.2	0.5128987	0.52945996	
357.4	0.51290228	0.52975412	
357.6	0.51344714	0.53004731	
357.8	0.51379962	0.53033954	
358	0.51412556	0.5306308	
358.2	0.51454863	0.53092109	
358.4	0.51496285	0.53121043	
358.6	0.5154713	0.53149882	
358.8	0.51599928	0.53178625	
359	0.51608885	0.53207273	
359.2	0.51632713	0.53235827	
359.4	0.5165848	0.53264287	
359.6	0.51667856	0.53292653	
359.8	0.51668869	0.53320925	
360	0.51668869	0.53349247	
360.2	0.51595151	0.53255786	
360.4	0.51541898	0.53162488	
360.6	0.51494955	0.53069354	
360.8	0.51445468	0.52976383	
361	0.51401822	0.52883575	
361.2	0.51341125	0.5279093	
361.4	0.51275955	0.52698446	
361.6	0.5118995	0.52606125	
361.8	0.5111973	0.52513966	
362	0.5105896	0.52421968	
362.2	0.50979636	0.52330131	
362.4	0.5090042	0.52238455	
362.6	0.50792647	0.5214694	
362.8	0.50722316	0.52055585	
363	0.5064527	0.5196439	
363.2	0.50542694	0.51873355	
363.4	0.50458085	0.51782479	
363.6	0.50326999	0.51691762	
363.8	0.50219945	0.51601205	
364	0.50102642	0.51510806	
364.2	0.49951891	0.51420565	
364.4	0.49864309	0.51330483	
364.6	0.49740521	0.51240558	
364.8	0.49643896	0.51150791	
365	0.49550239	0.51061181	
365.2	0.49445988	0.50971728	
365.4	0.49337021	0.50882432	
365.6	0.49247969	0.50793292	
365.8	0.49184192	0.50704309	
366	0.49122398	0.50615481	
366.2	0.49027008	0.50526809	
366.4	0.48950498	0.50438292	
366.6	0.48839595	0.50349931	
366.8	0.48800008	0.50261724	
367	0.4874545	0.50173671	
367.2	0.48658855	0.50085773	
367.4	0.48586963	0.49998029	
367.6	0.48486966	0.49910439	
367.8	0.48401029	0.49823002	
368	0.48304057	0.49735718	
368.2	0.48185125	0.49648587	
368.4	0.48104334	0.49561609	
368.6	0.47993269	0.49474783	
368.8	0.47929588	0.4938811	
369	0.47842743	0.49301588	
369.2	0.47745261	0.49215217	
369.4	0.47651896	0.49128998	
369.6	0.47539948	0.4904293	
369.8	0.47458647	0.48957013	
370	0.47381842	0.48871247	
370.2	0.47253926	0.4878563	
370.4	0.47142949	0.48700164	
370.6	0.47071488	0.48614847	
370.8	0.47044828	0.4852968	
371	0.46977138	0.48444662	
371.2	0.46871629	0.48359793	
371.4	0.46772434	0.48275073	
371.6	0.46645057	0.48190501	
371.8	0.46602035	0.48106077	
372	0.46515658	0.48021801	
372.2	0.46442849	0.47937673	
372.4	0.4637172	0.47853692	
372.6	0.46303057	0.47769858	
372.8	0.46265111	0.47686171	
373	0.46195065	0.47602631	
373.2	0.46103659	0.47519237	
373.4	0.46024755	0.47435989	
373.6	0.45926562	0.47352887	
373.8	0.45880202	0.47269931	
374	0.45781071	0.47187119	
374.2	0.45671158	0.47104453	
374.4	0.4561889	0.47021932	
374.6	0.45590101	0.46939556	
374.8	0.45511254	0.46857323	
375	0.45433183	0.46775235	
375.2	0.45333883	0.46693291	
375.4	0.45245437	0.4661149	
375.6	0.45160764	0.46529832	
375.8	0.45119009	0.46448318	
376	0.45036596	0.46366946	
376.2	0.44957765	0.46285717	
376.4	0.44877104	0.4620463	
376.6	0.44901586	0.46123685	
376.8	0.44861303	0.46042882	
377	0.44804171	0.45962221	
377.2	0.44743899	0.45881701	
377.4	0.4468361	0.45801322	
377.6	0.44625592	0.45721083	
377.8	0.44556352	0.45640986	
378	0.4444355	0.45561028	
378.2	0.44381312	0.45481211	
378.4	0.44306889	0.45401533	
378.6	0.44219182	0.45321996	
378.8	0.44136878	0.45242597	
379	0.4406539	0.45163338	
379.2	0.43962231	0.45084217	
379.4	0.43874302	0.45005235	
379.6	0.43802771	0.44926391	
379.8	0.43748252	0.44847686	
380	0.43654487	0.44769118	
380.2	0.43598872	0.44690688	
380.4	0.43597778	0.44612396	
380.6	0.43584003	0.4453424	
380.8	0.43496141	0.44456222	
381	0.43439081	0.4437834	
381.2	0.43417482	0.44300595	
381.4	0.43348199	0.44222985	
381.6	0.43295547	0.44145512	
381.8	0.43198676	0.44068175	
382	0.43121477	0.43990973	
382.2	0.43087757	0.43913906	
382.4	0.43007322	0.43836974	
382.6	0.4293245	0.43760177	
382.8	0.42878752	0.43683515	
383	0.42812371	0.43606987	
383.2	0.42771454	0.43530593	
383.4	0.42707811	0.43454332	
383.6	0.42647166	0.43378206	
383.8	0.42564658	0.43302213	
384	0.42500791	0.43226352	
384.2	0.42472236	0.43150625	
384.4	0.4241157	0.43075031	
384.6	0.42322699	0.42999569	
384.8	0.42264823	0.42924239	
385	0.422142	0.42849041	
385.2	0.42214277	0.42773974	
385.4	0.4213024	0.4269904	
385.6	0.42062923	0.42624236	
385.8	0.41984558	0.42549564	
386	0.41938303	0.42475022	
386.2	0.41902746	0.42400611	
386.4	0.41843367	0.42326331	
386.6	0.41784065	0.4225218	
386.8	0.41773986	0.4217816	
387	0.41754814	0.42104269	
387.2	0.41706225	0.42030507	
387.4	0.41632607	0.41956875	
387.6	0.41634006	0.41883372	
387.8	0.41602146	0.41809997	
388	0.41581364	0.41736751	
388.2	0.41505209	0.41663633	
388.4	0.41438613	0.41590644	
388.6	0.4139671	0.41517782	
388.8	0.41366807	0.41445048	
389	0.41323752	0.41372442	
389.2	0.41322095	0.41299962	
389.4	0.41258486	0.4122761	
389.6	0.41199712	0.41155384	
389.8	0.41128005	0.41083285	
390	0.41088675	0.41011312	
390.2	0.41035787	0.40939465	
390.4	0.40936809	0.40867744	
390.6	0.40863667	0.40796149	
390.8	0.40819244	0.40724679	
391	0.40756586	0.40653335	
391.2	0.40693898	0.40582115	
391.4	0.40673355	0.4051102	
391.6	0.40631333	0.4044005	
391.8	0.40526707	0.40369204	
392	0.40413535	0.40298482	
392.2	0.40308688	0.40227884	
392.4	0.40275519	0.4015741	
392.6	0.40233465	0.40087059	
392.8	0.40210614	0.40016832	
393	0.40194544	0.39946727	
393.2	0.40178263	0.39876745	
393.4	0.4018195	0.39806886	
393.6	0.4016005	0.39737149	
393.8	0.40148804	0.39667535	
394	0.40148967	0.39598042	
394.2	0.40095601	0.39528671	
394.4	0.40059263	0.39459422	
394.6	0.40060208	0.39390294	
394.8	0.40018851	0.39321287	
395	0.39982351	0.39252401	
395.2	0.39923861	0.39183636	
395.4	0.39859869	0.39114991	
395.6	0.39747612	0.39046466	
395.8	0.39647106	0.38978061	
396	0.39573166	0.38909777	
396.2	0.39533012	0.38841612	
396.4	0.39471548	0.38773566	
396.6	0.39387184	0.38705639	
396.8	0.39380268	0.38637832	
397	0.39331249	0.38570143	
397.2	0.39311177	0.38502573	
397.4	0.39300765	0.38435121	
397.6	0.39270978	0.38367788	
397.8	0.39294277	0.38300572	
398	0.39277022	0.38233474	
398.2	0.39253547	0.38166494	
398.4	0.39235056	0.38099631	
398.6	0.39205722	0.38032885	
398.8	0.39152624	0.37966256	
399	0.39135075	0.37899744	
399.2	0.39084662	0.37833348	
399.4	0.39057185	0.37767069	
399.6	0.39015419	0.37700906	
399.8	0.38967871	0.37634858	
400	0.38917586	0.37568927	
400.2	0.38876592	0.37503111	
400.4	0.38810433	0.3743741	
400.6	0.38776176	0.37371824	
400.8	0.38765424	0.37306353	
401	0.3866249	0.37240997	
401.2	0.38647936	0.37175755	
401.4	0.38578575	0.37110628	
401.6	0.38543952	0.37045615	
401.8	0.3852077	0.36980716	
402	0.38481719	0.3691593	
402.2	0.38420124	0.36851258	
402.4	0.38363652	0.36786699	
402.6	0.38325824	0.36722253	
402.8	0.38281225	0.3665792	
403	0.38261486	0.365937	
403.2	0.3819979	0.36529592	
403.4	0.381496	0.36465597	
403.6	0.38114062	0.36401714	
403.8	0.38061951	0.36337943	
404	0.38049523	0.36274283	
404.2	0.38025214	0.36210735	
404.4	0.37989054	0.36147298	
404.6	0.37955957	0.36083973	
404.8	0.37906479	0.36020758	
405	0.37821998	0.35957654	
405.2	0.37801531	0.35894661	
405.4	0.37748696	0.35831778	
405.6	0.3770136	0.35769005	
405.8	0.37690558	0.35706342	
406	0.3766398	0.35643789	
406.2	0.37593536	0.35581345	
406.4	0.37548161	0.35519011	
406.6	0.37493122	0.35456786	
406.8	0.37458168	0.3539467	
407	0.37424302	0.35332663	
407.2	0.37403798	0.35270765	
407.4	0.37367486	0.35208975	
407.6	0.37354178	0.35147293	
407.8	0.37322263	0.35085719	
408	0.37295241	0.35024253	
408.2	0.37266148	0.34962895	
408.4	0.37219526	0.34901645	
408.6	0.3718454	0.34840501	
408.8	0.37155274	0.34779465	
409	0.37132627	0.34718536	
409.2	0.37112919	0.34657713	
409.4	0.37045463	0.34596997	
409.6	0.36988448	0.34536387	
409.8	0.36962715	0.34475884	
410	0.36901555	0.34415486	
410.2	0.36858606	0.34355195	
410.4	0.36843104	0.34295009	
410.6	0.36813468	0.34234928	
410.8	0.3682266	0.34174953	
411	0.36779633	0.34115082	
411.2	0.36756431	0.34055317	
411.4	0.36689093	0.33995656	
411.6	0.36645222	0.339361	
411.8	0.36616166	0.33876648	
412	0.36594355	0.338173	
412.2	0.3656398	0.33758057	
412.4	0.36515672	0.33698917	
412.6	0.36524972	0.3363988	
412.8	0.3653496	0.33580947	
413	0.36502918	0.33522118	
413.2	0.36463428	0.33463391	
413.4	0.36427062	0.33404767	
413.6	0.3640925	0.33346246	
413.8	0.3638101	0.33287828	
414	0.36346788	0.33229512	
414.2	0.36361177	0.33171298	
414.4	0.36347453	0.33113186	
414.6	0.36313288	0.33055176	
414.8	0.36296138	0.32997267	
415	0.36221685	0.3293946	
415.2	0.36176058	0.32881754	
415.4	0.36121929	0.32824149	
415.6	0.36092896	0.32766645	
415.8	0.36011644	0.32709242	
416	0.35949971	0.3265194	
416.2	0.35878606	0.32594737	
416.4	0.35835109	0.32537636	
416.6	0.35797333	0.32480634	
416.8	0.35764221	0.32423732	
417	0.35703598	0.32366929	
417.2	0.35687896	0.32310226	
417.4	0.35679196	0.32253623	
417.6	0.3562083	0.32197118	
417.8	0.3557368	0.32140713	
418	0.35572516	0.32084406	
418.2	0.35560858	0.32028199	
418.4	0.35551185	0.31972089	
418.6	0.35559318	0.31916078	
418.8	0.35592422	0.31860165	
419	0.35616427	0.3180435	
419.2	0.35615431	0.31748633	
419.4	0.35597939	0.31693013	
419.6	0.35550284	0.31637491	
419.8	0.35502679	0.31582066	
420	0.35499538	0.31526738	
420.2	0.35482269	0.31471507	
420.4	0.35465227	0.31416373	
420.6	0.35416279	0.31361335	
420.8	0.35359581	0.31306394	
421	0.35315877	0.31251549	
421.2	0.35280026	0.311968	
421.4	0.35219631	0.31142147	
421.6	0.35141395	0.3108759	
421.8	0.35062719	0.31033128	
422	0.35041913	0.30978762	
422.2	0.34948838	0.30924491	
422.4	0.3494027	0.30870315	
422.6	0.3494217	0.30816234	
422.8	0.34926666	0.30762248	
423	0.34883245	0.30708356	
423.2	0.34848087	0.30654559	
423.4	0.34822101	0.30600856	
423.6	0.34792363	0.30547247	
423.8	0.34793981	0.30493732	
424	0.34783833	0.30440311	
424.2	0.34728606	0.30386983	
424.4	0.34701748	0.30333749	
424.6	0.34680582	0.30280608	
424.8	0.34645394	0.3022756	
425	0.34649558	0.30174605	
425.2	0.34601898	0.30121743	
425.4	0.34598639	0.30068973	
425.6	0.34548152	0.30016296	
425.8	0.34528422	0.29963711	
426	0.34513701	0.29911219	
426.2	0.34441638	0.29858818	
426.4	0.34439819	0.29806509	
426.6	0.34443442	0.29754292	
426.8	0.3441445	0.29702166	
427	0.34405084	0.29650131	
427.2	0.34388526	0.29598188	
427.4	0.34350359	0.29546336	
427.6	0.34355509	0.29494574	
427.8	0.34312217	0.29442903	
428	0.34280994	0.29391323	
428.2	0.34222395	0.29339833	
428.4	0.34242581	0.29288433	
428.6	0.34218588	0.29237123	
428.8	0.34171628	0.29185904	
429	0.34157164	0.29134773	
429.2	0.34088745	0.29083733	
429.4	0.340631	0.29032782	
429.6	0.33999842	0.2898192	
429.8	0.33989697	0.28931147	
430	0.3392935	0.28880463	
430.2	0.33891088	0.28829868	
430.4	0.33893723	0.28779362	
430.6	0.33870747	0.28728944	
430.8	0.33832663	0.28678615	
431	0.33785391	0.28628373	
431.2	0.33740493	0.2857822	
431.4	0.33759279	0.28528154	
431.6	0.3375512	0.28478177	
431.8	0.33703793	0.28428286	
432	0.33696351	0.28378483	
432.2	0.33663585	0.28328768	
432.4	0.33648309	0.28279139	
432.6	0.33603868	0.28229598	
432.8	0.33598225	0.28180143	
433	0.33575125	0.28130775	
433.2	0.3353723	0.28081493	
433.4	0.33523516	0.28032298	
433.6	0.33544086	0.27983189	
433.8	0.33521842	0.27934166	
434	0.33493162	0.27885228	
434.2	0.3347632	0.27836377	
434.4	0.33437876	0.27787611	
434.6	0.33364611	0.27738931	
434.8	0.33342527	0.27690335	
435	0.33294364	0.27641825	
435.2	0.3324782	0.275934	
435.4	0.3324229	0.2754506	
435.6	0.33213383	0.27496805	
435.8	0.33183164	0.27448634	
436	0.33152062	0.27400547	
436.2	0.33140664	0.27352545	
436.4	0.33133975	0.27304626	
436.6	0.33138111	0.27256792	
436.8	0.33145737	0.27209041	
437	0.33116369	0.27161375	
437.2	0.33090099	0.27113791	
437.4	0.33069999	0.27066291	
437.6	0.33074227	0.27018874	
437.8	0.3300249	0.26971541	
438	0.32960903	0.2692429	
438.2	0.32933528	0.26877122	
438.4	0.32901111	0.26830036	
438.6	0.32833054	0.26783033	
438.8	0.32799386	0.26736113	
439	0.3275975	0.26689275	
439.2	0.32681293	0.26642518	
439.4	0.32677545	0.26595844	
439.6	0.32677303	0.26549251	
439.8	0.32652067	0.2650274	
440	0.32656205	0.26456311	
440.2	0.32695226	0.26409962	
440.4	0.32695137	0.26363695	
440.6	0.32696945	0.2631751	
440.8	0.3266755	0.26271404	
441	0.32659822	0.2622538	
441.2	0.32629196	0.26179437	
441.4	0.32626211	0.26133573	
441.6	0.32604361	0.26087791	
441.8	0.32556299	0.26042088	
442	0.32540773	0.25996466	
442.2	0.32568348	0.25950923	
442.4	0.32511263	0.2590546	
442.6	0.32488191	0.25860077	
442.8	0.32479273	0.25814773	
443	0.32461441	0.25769549	
443.2	0.32393126	0.25724404	
443.4	0.32377111	0.25679338	
443.6	0.32365032	0.25634351	
443.8	0.32356122	0.25589443	
444	0.32354132	0.25544613	
444.2	0.32333482	0.25499862	
444.4	0.32285793	0.2545519	
444.6	0.32282658	0.25410595	
444.8	0.32287991	0.25366079	
445	0.32280967	0.25321641	
445.2	0.32220278	0.2527728	
445.4	0.32221229	0.25232998	
445.6	0.3218473	0.25188793	
445.8	0.32118666	0.25144665	
446	0.32113648	0.25100615	
446.2	0.32102365	0.25056641	
446.4	0.32017862	0.25012745	
446.6	0.32032249	0.24968926	
446.8	0.31997892	0.24925184	
447	0.31953648	0.24881518	
447.2	0.31882243	0.24837928	
447.4	0.31858077	0.24794415	
447.6	0.31866077	0.24750979	
447.8	0.31850542	0.24707618	
448	0.31796696	0.24664333	
448.2	0.31761818	0.24621124	
448.4	0.3174168	0.24577991	
448.6	0.31760151	0.24534934	
448.8	0.3174815	0.24491951	
449	0.31690308	0.24449045	
449.2	0.31641362	0.24406213	
449.4	0.31608988	0.24363456	
449.6	0.31534946	0.24320774	
449.8	0.31490183	0.24278167	
450	0.31474479	0.24235635	
450.2	0.31421108	0.24193177	
450.4	0.31387468	0.24150794	
450.6	0.31400869	0.24108485	
450.8	0.31375259	0.24066249	
451	0.31345862	0.24024088	
451.2	0.31369	0.23982001	
451.4	0.3139672	0.23939988	
451.6	0.31404799	0.23898048	
451.8	0.31375441	0.23856181	
452	0.3133041	0.23814388	
452.2	0.3131675	0.23772668	
452.4	0.31326297	0.23731022	
452.6	0.31297591	0.23689448	
452.8	0.31271333	0.23647947	
453	0.31232974	0.23606518	
453.2	0.31214547	0.23565163	
453.4	0.31164479	0.2352388	
453.6	0.3114169	0.23482669	
453.8	0.31150521	0.2344153	
454	0.31167598	0.23400463	
454.2	0.3113139	0.23359468	
454.4	0.3111209	0.23318546	
454.6	0.3111075	0.23277694	
454.8	0.31084611	0.23236915	
455	0.31067541	0.23196207	
455.2	0.31074039	0.2315557	
455.4	0.31050343	0.23115004	
455.6	0.31045086	0.23074509	
455.8	0.31007262	0.23034086	
456	0.30991902	0.22993733	
456.2	0.30992441	0.22953451	
456.4	0.3100538	0.22913239	
456.6	0.30920807	0.22873098	
456.8	0.30917395	0.22833027	
457	0.30899031	0.22793026	
457.2	0.30866249	0.22753096	
457.4	0.30837109	0.22713235	
457.6	0.30816489	0.22673444	
457.8	0.30775232	0.22633723	
458	0.3077206	0.22594072	
458.2	0.30701895	0.2255449	
458.4	0.3069586	0.22514977	
458.6	0.306891	0.22475534	
458.8	0.30643987	0.22436159	
459	0.30628402	0.22396854	
459.2	0.30596706	0.22357617	
459.4	0.30586996	0.2231845	
459.6	0.30594221	0.2227935	
459.8	0.30588649	0.2224032	
460	0.30566131	0.22201357	
460.2	0.30528673	0.22162463	
460.4	0.30517192	0.22123637	
460.6	0.30455235	0.2208488	
460.8	0.30475722	0.2204619	
461	0.30497542	0.22007567	
461.2	0.30510365	0.21969013	
461.4	0.30479368	0.21930526	
461.6	0.30426663	0.21892106	
461.8	0.30397589	0.21853754	
462	0.30429387	0.21815469	
462.2	0.30401424	0.21777251	
462.4	0.30407748	0.217391	
462.6	0.30361082	0.21701016	
462.8	0.30324156	0.21662998	
463	0.30304711	0.21625047	
463.2	0.30247192	0.21587163	
463.4	0.30221664	0.21549345	
463.6	0.30187168	0.21511593	
463.8	0.30177963	0.21473907	
464	0.30121191	0.21436288	
464.2	0.30128078	0.21398734	
464.4	0.30119862	0.21361246	
464.6	0.30114968	0.21323824	
464.8	0.30104466	0.21286467	
465	0.30117019	0.21249176	
465.2	0.30088001	0.2121195	
465.4	0.30037449	0.21174789	
465.6	0.30008903	0.21137694	
465.8	0.29973417	0.21100663	
466	0.29987571	0.21063697	
466.2	0.29987451	0.21026796	
466.4	0.29954998	0.2098996	
466.6	0.29931216	0.20953188	
466.8	0.29908163	0.20916481	
467	0.29875671	0.20879838	
467.2	0.29862014	0.20843259	
467.4	0.29851606	0.20806744	
467.6	0.29849489	0.20770293	
467.8	0.29845803	0.20733906	
468	0.29826448	0.20697583	
468.2	0.29836796	0.20661323	
468.4	0.29808884	0.20625127	
468.6	0.2980473	0.20588994	
468.8	0.29778325	0.20552925	
469	0.2977602	0.20516919	
469.2	0.2975071	0.20480976	
469.4	0.29708002	0.20445096	
469.6	0.29681522	0.20409278	
469.8	0.29660356	0.20373524	
470	0.29659375	0.20337832	
470.2	0.29652365	0.20302202	
470.4	0.29601744	0.20266635	
470.6	0.29609317	0.20231131	
470.8	0.29584753	0.20195688	
471	0.29551632	0.20160308	
471.2	0.29550142	0.2012499	
471.4	0.29540728	0.20089733	
471.6	0.29528423	0.20054538	
471.8	0.29483477	0.20019405	
472	0.29489147	0.19984334	
472.2	0.29485818	0.19949324	
472.4	0.29464109	0.19914375	
472.6	0.29449118	0.19879487	
472.8	0.29416525	0.19844661	
473	0.29382758	0.19809896	
473.2	0.29331543	0.19775191	
473.4	0.29278833	0.19740547	
473.6	0.29257575	0.19705964	
473.8	0.29215869	0.19671442	
474	0.29191775	0.1963698	
474.2	0.29154467	0.19602579	
474.4	0.2911807	0.19568237	
474.6	0.29098893	0.19533956	
474.8	0.2904921	0.19499735	
475	0.28977522	0.19465574	
475.2	0.28943811	0.19431473	
475.4	0.2893723	0.19397431	
475.6	0.28906896	0.19363449	
475.8	0.28878014	0.19329527	
476	0.28889736	0.19295664	
476.2	0.28892242	0.1926186	
476.4	0.28890161	0.19228116	
476.6	0.28909641	0.19194431	
476.8	0.28918302	0.19160804	
477	0.28947799	0.19127237	
477.2	0.28926944	0.19093728	
477.4	0.28915589	0.19060279	
477.6	0.28908204	0.19026887	
477.8	0.28879393	0.18993555	
478	0.28852991	0.1896028	
478.2	0.2880698	0.18927064	
478.4	0.28793818	0.18893906	
478.6	0.28760424	0.18860806	
478.8	0.28710203	0.18827765	
479	0.28673262	0.18794781	
479.2	0.28654044	0.18761855	
479.4	0.28663796	0.18728986	
479.6	0.28655266	0.18696175	
479.8	0.28665723	0.18663422	
