Conc1	1.13E-08	
Start1	300	
Stop1	539.8	
Kobs	0.0102850491183928	
Error Kobs	0.000137057599954069	
Koff	0	
Error Koff	0	
Time1	Data1	Fit1	
300	0.00518565	0	
300.2	0.00583482	0.00035484	
300.4	0.00649496	0.00070861	
300.6	0.0075314	0.00106131	
300.8	0.00865407	0.00141294	
301	0.0095483	0.0017635	
301.2	0.01075789	0.00211301	
301.4	0.01180436	0.00246145	
301.6	0.01285505	0.00280884	
301.8	0.01413094	0.00315517	
302	0.01547303	0.00350045	
302.2	0.01564685	0.00384469	
302.4	0.01653698	0.00418789	
302.6	0.01696182	0.00453005	
302.8	0.01734566	0.00487117	
303	0.01753168	0.00521125	
303.2	0.01813519	0.00555031	
303.4	0.01895217	0.00588834	
303.6	0.01947347	0.00622534	
303.8	0.01983604	0.00656132	
304	0.0199081	0.00689629	
304.2	0.02033904	0.00723024	
304.4	0.02069526	0.00756318	
304.6	0.0213519	0.00789511	
304.8	0.02182469	0.00822603	
305	0.02252221	0.00855595	
305.2	0.02343187	0.00888487	
305.4	0.02411526	0.0092128	
305.6	0.02450722	0.00953973	
305.8	0.02511725	0.00986567	
306	0.02578055	0.01019062	
306.2	0.02610959	0.01051459	
306.4	0.02721124	0.01083758	
306.6	0.02769108	0.01115959	
306.8	0.02897858	0.01148062	
307	0.02943738	0.01180068	
307.2	0.02960854	0.01211977	
307.4	0.03052869	0.0124379	
307.6	0.03079045	0.01275506	
307.8	0.03104971	0.01307126	
308	0.03126253	0.0133865	
308.2	0.031523	0.01370078	
308.4	0.0316307	0.01401412	
308.6	0.03215006	0.0143265	
308.8	0.03240737	0.01463794	
309	0.03279086	0.01494844	
309.2	0.03269199	0.01525799	
309.4	0.03280649	0.01556661	
309.6	0.03245109	0.01587429	
309.8	0.03265939	0.01618103	
310	0.03320212	0.01648685	
310.2	0.03340364	0.01679175	
310.4	0.03357471	0.01709572	
310.6	0.03430113	0.01739876	
310.8	0.03502546	0.01770089	
311	0.03504573	0.01800211	
311.2	0.03575473	0.01830241	
311.4	0.03640654	0.0186018	
311.6	0.03713662	0.01890029	
311.8	0.03799454	0.01919787	
312	0.03795839	0.01949454	
312.2	0.03849064	0.01979032	
312.4	0.03893585	0.02008521	
312.6	0.03902083	0.0203792	
312.8	0.03942413	0.0206723	
313	0.04027775	0.02096451	
313.2	0.04035657	0.02125584	
313.4	0.04089895	0.02154628	
313.6	0.04057487	0.02183584	
313.8	0.04107902	0.02212453	
314	0.0413997	0.02241234	
314.2	0.04128981	0.02269928	
314.4	0.04167775	0.02298535	
314.6	0.0423124	0.02327055	
314.8	0.04229049	0.02355489	
315	0.04257424	0.02383837	
315.2	0.04271634	0.02412099	
315.4	0.04279143	0.02440275	
315.6	0.04385472	0.02468366	
315.8	0.04349902	0.02496372	
316	0.04307163	0.02524293	
316.2	0.04366773	0.02552129	
316.4	0.04390328	0.02579881	
316.6	0.04369582	0.02607549	
316.8	0.04414355	0.02635133	
317	0.04457428	0.02662634	
317.2	0.0445682	0.02690051	
317.4	0.04572765	0.02717385	
317.6	0.045381	0.02744636	
317.8	0.04607103	0.02771805	
318	0.0463285	0.02798892	
318.2	0.04628437	0.02825896	
318.4	0.04672324	0.02852818	
318.6	0.04671443	0.02879659	
318.8	0.0467286	0.02906419	
319	0.04669342	0.02933098	
319.2	0.04664503	0.02959695	
319.4	0.04720477	0.02986213	
319.6	0.04807646	0.03012649	
319.8	0.04746978	0.03039006	
320	0.04774732	0.03065283	
320.2	0.04776943	0.0309148	
320.4	0.04758343	0.03117598	
320.6	0.04741351	0.03143637	
320.8	0.04771821	0.03169597	
321	0.04842029	0.03195478	
321.2	0.04864458	0.03221281	
321.4	0.04903691	0.03247005	
321.6	0.04863544	0.03272652	
321.8	0.04918328	0.03298221	
322	0.04959075	0.03323712	
322.2	0.04959664	0.03349127	
322.4	0.04982509	0.03374464	
322.6	0.04983262	0.03399724	
322.8	0.05038015	0.03424908	
323	0.05054969	0.03450016	
323.2	0.05121359	0.03475048	
323.4	0.05178161	0.03500003	
323.6	0.05204106	0.03524883	
323.8	0.05135008	0.03549688	
324	0.05171369	0.03574418	
324.2	0.05184819	0.03599072	
324.4	0.05225982	0.03623652	
324.6	0.05258867	0.03648158	
324.8	0.05267887	0.03672589	
325	0.05268367	0.03696946	
325.2	0.05245914	0.0372123	
325.4	0.05274334	0.0374544	
325.6	0.05258412	0.03769576	
325.8	0.05230162	0.0379364	
326	0.05261568	0.0381763	
326.2	0.05286166	0.03841548	
326.4	0.05266277	0.03865393	
326.6	0.05311697	0.03889166	
326.8	0.05343594	0.03912867	
327	0.05353039	0.03936496	
327.2	0.05376603	0.03960054	
327.4	0.05387478	0.0398354	
327.6	0.05377827	0.04006955	
327.8	0.05412859	0.040303	
328	0.05515733	0.04053573	
328.2	0.05565201	0.04076776	
328.4	0.05595794	0.04099909	
328.6	0.05600189	0.04122971	
328.8	0.05670984	0.04145964	
329	0.05723038	0.04168887	
329.2	0.0575946	0.0419174	
329.4	0.05807068	0.04214525	
329.6	0.05763548	0.0423724	
329.8	0.05798436	0.04259886	
330	0.05862257	0.04282464	
330.2	0.05851958	0.04304974	
330.4	0.05753754	0.04327415	
330.6	0.05759683	0.04349788	
330.8	0.05695255	0.04372093	
331	0.05709565	0.04394331	
331.2	0.05745974	0.04416502	
331.4	0.05723861	0.04438605	
331.6	0.05722694	0.04460641	
331.8	0.05757484	0.04482611	
332	0.05794997	0.04504514	
332.2	0.05799038	0.04526351	
332.4	0.05778812	0.04548121	
332.6	0.0582792	0.04569826	
332.8	0.05936352	0.04591464	
333	0.05966414	0.04613038	
333.2	0.05988696	0.04634546	
333.4	0.06042676	0.04655988	
333.6	0.06062455	0.04677366	
333.8	0.06122064	0.04698679	
334	0.06136795	0.04719927	
334.2	0.06120945	0.04741111	
334.4	0.06075513	0.04762231	
334.6	0.06084891	0.04783287	
334.8	0.06125934	0.04804279	
335	0.06196211	0.04825207	
335.2	0.06199424	0.04846072	
335.4	0.06135963	0.04866874	
335.6	0.06155254	0.04887613	
335.8	0.06157241	0.04908289	
336	0.06111358	0.04928902	
336.2	0.06088047	0.04949453	
336.4	0.06077882	0.04969942	
336.6	0.06148636	0.04990368	
336.8	0.06194402	0.05010733	
337	0.06184445	0.05031036	
337.2	0.06159409	0.05051277	
337.4	0.06215452	0.05071457	
337.6	0.06270621	0.05091576	
337.8	0.06341639	0.05111634	
338	0.0638504	0.05131631	
338.2	0.06439452	0.05151568	
338.4	0.0645259	0.05171444	
338.6	0.06480308	0.0519126	
338.8	0.06543249	0.05211016	
339	0.06557403	0.05230712	
339.2	0.06566089	0.05250348	
339.4	0.06575208	0.05269925	
339.6	0.06579487	0.05289443	
339.8	0.06611027	0.05308901	
340	0.06602738	0.05328301	
340.2	0.06657577	0.05347642	
340.4	0.06684595	0.05366924	
340.6	0.06723773	0.05386148	
340.8	0.06748581	0.05405313	
341	0.06734382	0.0542442	
341.2	0.06730415	0.0544347	
341.4	0.06758398	0.05462462	
341.6	0.06778965	0.05481396	
341.8	0.06809221	0.05500273	
342	0.06755485	0.05519093	
342.2	0.06791182	0.05537855	
342.4	0.06752664	0.05556561	
342.6	0.06769456	0.0557521	
342.8	0.06774457	0.05593803	
343	0.06772787	0.05612339	
343.2	0.06780614	0.05630819	
343.4	0.06804285	0.05649244	
343.6	0.06831263	0.05667612	
343.8	0.06896961	0.05685925	
344	0.06883765	0.05704182	
344.2	0.06926665	0.05722384	
344.4	0.06953191	0.0574053	
344.6	0.06948394	0.05758622	
344.8	0.06988587	0.05776659	
345	0.06948779	0.05794641	
345.2	0.06904893	0.05812569	
345.4	0.06853107	0.05830443	
345.6	0.06852601	0.05848262	
345.8	0.06827709	0.05866027	
346	0.06794294	0.05883739	
346.2	0.06832631	0.05901397	
346.4	0.06800995	0.05919001	
346.6	0.06801546	0.05936552	
346.8	0.06823893	0.0595405	
347	0.06828105	0.05971495	
347.2	0.06873476	0.05988887	
347.4	0.06897551	0.06006226	
347.6	0.06944092	0.06023513	
347.8	0.06978542	0.06040747	
348	0.07042742	0.0605793	
348.2	0.07099262	0.0607506	
348.4	0.07117512	0.06092138	
348.6	0.07148201	0.06109164	
348.8	0.07170738	0.06126139	
349	0.07159289	0.06143063	
349.2	0.07155638	0.06159935	
349.4	0.07175686	0.06176756	
349.6	0.07185541	0.06193526	
349.8	0.07194485	0.06210245	
350	0.07219085	0.06226914	
350.2	0.07201944	0.06243532	
350.4	0.0713421	0.062601	
350.6	0.07107151	0.06276617	
350.8	0.07143246	0.06293085	
351	0.07124951	0.06309502	
351.2	0.07168565	0.0632587	
351.4	0.07175197	0.06342189	
351.6	0.07234266	0.06358457	
351.8	0.07282267	0.06374677	
352	0.07281088	0.06390847	
352.2	0.07238166	0.06406969	
352.4	0.07294033	0.06423041	
352.6	0.0728096	0.06439065	
352.8	0.07311016	0.06455041	
353	0.07331804	0.06470968	
353.2	0.07357654	0.06486846	
353.4	0.07439716	0.06502677	
353.6	0.07488714	0.06518459	
353.8	0.07515952	0.06534194	
354	0.0755579	0.06549881	
354.2	0.07524442	0.06565521	
354.4	0.07521711	0.06581113	
354.6	0.07562156	0.06596658	
354.8	0.07597357	0.06612156	
355	0.07621968	0.06627607	
355.2	0.0764666	0.06643011	
355.4	0.07666116	0.06658368	
355.6	0.07666386	0.06673679	
355.8	0.07616275	0.06688944	
356	0.07577097	0.06704162	
356.2	0.07554278	0.06719334	
356.4	0.07603977	0.0673446	
356.6	0.075128	0.06749541	
356.8	0.07515307	0.06764575	
357	0.07545533	0.06779565	
357.2	0.0761882	0.06794508	
357.4	0.07690653	0.06809407	
357.6	0.07678323	0.0682426	
357.8	0.07714341	0.06839068	
358	0.07740116	0.06853832	
358.2	0.07745653	0.0686855	
358.4	0.07778101	0.06883224	
358.6	0.07743833	0.06897854	
358.8	0.07765859	0.06912439	
359	0.07796394	0.0692698	
359.2	0.07801086	0.06941477	
359.4	0.07837692	0.06955931	
359.6	0.07833245	0.0697034	
359.8	0.07889651	0.06984706	
360	0.07946149	0.06999028	
360.2	0.07939262	0.07013306	
360.4	0.07954797	0.07027542	
360.6	0.07915213	0.07041734	
360.8	0.07901794	0.07055884	
361	0.07946541	0.0706999	
361.2	0.07973287	0.07084054	
361.4	0.07936822	0.07098075	
361.6	0.07895005	0.07112054	
361.8	0.07903002	0.0712599	
362	0.07847262	0.07139884	
362.2	0.07853902	0.07153736	
362.4	0.0785188	0.07167546	
362.6	0.07837253	0.07181314	
362.8	0.07840959	0.07195041	
363	0.07877087	0.07208726	
363.2	0.07908887	0.07222369	
363.4	0.07939703	0.07235971	
363.6	0.07967803	0.07249532	
363.8	0.08073991	0.07263052	
364	0.08081765	0.07276531	
364.2	0.08099514	0.07289969	
364.4	0.08091963	0.07303366	
364.6	0.08100775	0.07316723	
364.8	0.0811804	0.07330039	
365	0.0810763	0.07343315	
365.2	0.08084961	0.0735655	
365.4	0.08000312	0.07369746	
365.6	0.07990265	0.07382901	
365.8	0.08004877	0.07396017	
366	0.08024571	0.07409093	
366.2	0.08034172	0.07422129	
366.4	0.08037502	0.07435126	
366.6	0.0804113	0.07448084	
366.8	0.0799476	0.07461002	
367	0.08006906	0.07473881	
367.2	0.07948244	0.07486721	
367.4	0.07942977	0.07499522	
367.6	0.07917384	0.07512285	
367.8	0.08000096	0.07525008	
368	0.0805418	0.07537693	
368.2	0.08114565	0.0755034	
368.4	0.08179873	0.07562948	
368.6	0.08259627	0.07575519	
368.8	0.08263378	0.07588051	
369	0.08175995	0.07600545	
369.2	0.08219175	0.07613001	
369.4	0.08236903	0.0762542	
369.6	0.08303271	0.07637801	
369.8	0.08372191	0.07650144	
370	0.08392661	0.0766245	
370.2	0.08420308	0.07674719	
370.4	0.08418763	0.0768695	
370.6	0.08403929	0.07699145	
370.8	0.08375959	0.07711302	
371	0.08365379	0.07723423	
371.2	0.08360802	0.07735507	
371.4	0.08354231	0.07747554	
371.6	0.08320585	0.07759565	
371.8	0.08366101	0.0777154	
372	0.08361759	0.07783478	
372.2	0.08367161	0.0779538	
372.4	0.08362352	0.07807246	
372.6	0.08331383	0.07819076	
372.8	0.08302477	0.0783087	
373	0.08289557	0.07842629	
373.2	0.08357465	0.07854351	
373.4	0.08362605	0.07866039	
373.6	0.08407695	0.07877691	
373.8	0.08488126	0.07889307	
374	0.08478347	0.07900888	
374.2	0.0851058	0.07912435	
374.4	0.08469089	0.07923946	
374.6	0.08468649	0.07935423	
374.8	0.08508285	0.07946864	
375	0.08472838	0.07958271	
375.2	0.0845157	0.07969644	
375.4	0.0842194	0.07980982	
375.6	0.08438803	0.07992285	
375.8	0.08430493	0.08003555	
376	0.08436206	0.0801479	
376.2	0.08485639	0.08025991	
376.4	0.08492364	0.08037158	
376.6	0.08528301	0.08048292	
376.8	0.08551159	0.08059391	
377	0.08587103	0.08070457	
377.2	0.08636444	0.0808149	
377.4	0.08673761	0.08092489	
377.6	0.0867897	0.08103455	
377.8	0.08679875	0.08114387	
378	0.08631269	0.08125287	
378.2	0.0864581	0.08136153	
378.4	0.08617082	0.08146987	
378.6	0.08605356	0.08157787	
378.8	0.08612155	0.08168555	
379	0.08586018	0.08179291	
379.2	0.08619896	0.08189994	
379.4	0.08589645	0.08200664	
379.6	0.08581317	0.08211302	
379.8	0.0859089	0.08221908	
380	0.08608631	0.08232481	
380.2	0.08633153	0.08243023	
380.4	0.08686511	0.08253533	
380.6	0.08711413	0.08264011	
380.8	0.08786604	0.08274457	
381	0.0886201	0.08284871	
381.2	0.08896789	0.08295254	
381.4	0.08932092	0.08305606	
381.6	0.08910175	0.08315926	
381.8	0.08919079	0.08326214	
382	0.08933671	0.08336472	
382.2	0.08977052	0.08346699	
382.4	0.08954981	0.08356894	
382.6	0.08958051	0.08367059	
382.8	0.0894974	0.08377193	
383	0.089198	0.08387296	
383.2	0.08896739	0.08397369	
383.4	0.08818105	0.08407411	
383.6	0.08804136	0.08417422	
383.8	0.08803692	0.08427404	
384	0.08832059	0.08437355	
384.2	0.08850501	0.08447275	
384.4	0.08871867	0.08457166	
384.6	0.08870085	0.08467027	
384.8	0.0890842	0.08476858	
385	0.08910496	0.08486659	
385.2	0.08847938	0.08496431	
385.4	0.08804864	0.08506173	
385.6	0.08787341	0.08515885	
385.8	0.08884101	0.08525568	
386	0.08917531	0.08535222	
386.2	0.08950923	0.08544846	
386.4	0.08967805	0.08554442	
386.6	0.08992633	0.08564008	
386.8	0.09001401	0.08573545	
387	0.09039897	0.08583053	
387.2	0.09064781	0.08592533	
387.4	0.09077314	0.08601983	
387.6	0.09104927	0.08611405	
387.8	0.09097938	0.08620799	
388	0.09153349	0.08630164	
388.2	0.09165436	0.08639501	
388.4	0.09196261	0.08648809	
388.6	0.09225435	0.0865809	
388.8	0.09198545	0.08667342	
389	0.09177933	0.08676566	
389.2	0.09099508	0.08685762	
389.4	0.09120078	0.0869493	
389.6	0.09212599	0.08704071	
389.8	0.09228193	0.08713183	
390	0.09194782	0.08722269	
390.2	0.09182148	0.08731326	
390.4	0.09165287	0.08740357	
390.6	0.09185296	0.08749359	
390.8	0.09213241	0.08758335	
391	0.0919173	0.08767283	
391.2	0.09182777	0.08776205	
391.4	0.09163629	0.08785099	
391.6	0.09126661	0.08793966	
391.8	0.09113467	0.08802807	
392	0.09184736	0.0881162	
392.2	0.09248173	0.08820407	
392.4	0.0926106	0.08829168	
392.6	0.09266525	0.08837901	
392.8	0.09272675	0.08846609	
393	0.09312844	0.0885529	
393.2	0.09320847	0.08863944	
393.4	0.09329845	0.08872573	
393.6	0.09342086	0.08881175	
393.8	0.09312495	0.08889751	
394	0.09312248	0.08898302	
394.2	0.09292825	0.08906826	
394.4	0.09322463	0.08915324	
394.6	0.09351157	0.08923797	
394.8	0.09324581	0.08932244	
395	0.0931956	0.08940666	
395.2	0.09332481	0.08949062	
395.4	0.09300716	0.08957432	
395.6	0.09318342	0.08965777	
395.8	0.09378124	0.08974097	
396	0.09429516	0.08982392	
396.2	0.09442861	0.08990662	
396.4	0.094131	0.08998906	
396.6	0.09436179	0.09007126	
396.8	0.09488529	0.0901532	
397	0.09472587	0.0902349	
397.2	0.09442538	0.09031635	
397.4	0.09428242	0.09039755	
397.6	0.09394081	0.09047851	
397.8	0.0940157	0.09055922	
398	0.0939743	0.09063969	
398.2	0.09424571	0.09071991	
398.4	0.09464175	0.09079989	
398.6	0.09411787	0.09087963	
398.8	0.0945214	0.09095913	
399	0.09494079	0.09103839	
399.2	0.09493193	0.0911174	
399.4	0.09531323	0.09119618	
399.6	0.09602034	0.09127472	
399.8	0.09576344	0.09135302	
400	0.09613206	0.09143108	
400.2	0.09604208	0.09150891	
400.4	0.09597085	0.0915865	
400.6	0.09643029	0.09166385	
400.8	0.09641463	0.09174097	
401	0.09577724	0.09181786	
401.2	0.09576721	0.09189451	
401.4	0.09596547	0.09197094	
401.6	0.09570747	0.09204713	
401.8	0.09606042	0.09212309	
402	0.09639615	0.09219881	
402.2	0.09616871	0.09227431	
402.4	0.09607582	0.09234959	
402.6	0.09590759	0.09242463	
402.8	0.09641637	0.09249944	
403	0.09676201	0.09257403	
403.2	0.09657771	0.0926484	
403.4	0.09649952	0.09272254	
403.6	0.09647364	0.09279645	
403.8	0.09641027	0.09287014	
404	0.09721356	0.0929436	
404.2	0.09707357	0.09301685	
404.4	0.0968468	0.09308987	
404.6	0.09699034	0.09316267	
404.8	0.09639843	0.09323525	
405	0.0965454	0.09330761	
405.2	0.09679662	0.09337975	
405.4	0.09753438	0.09345167	
405.6	0.09746298	0.09352338	
405.8	0.09739771	0.09359486	
406	0.09731945	0.09366613	
406.2	0.09690118	0.09373719	
406.4	0.09723945	0.09380803	
406.6	0.09743226	0.09387865	
406.8	0.09801132	0.09394906	
407	0.09797552	0.09401926	
407.2	0.09744427	0.09408924	
407.4	0.09772489	0.09415901	
407.6	0.09811672	0.09422858	
407.8	0.09825267	0.09429793	
408	0.09817452	0.09436707	
408.2	0.09805185	0.094436	
408.4	0.0982393	0.09450472	
408.6	0.09864186	0.09457323	
408.8	0.09888389	0.09464154	
409	0.09980947	0.09470964	
409.2	0.10022869	0.09477753	
409.4	0.10044954	0.09484522	
409.6	0.09972254	0.0949127	
409.8	0.09967524	0.09497998	
410	0.09981529	0.09504705	
410.2	0.09994286	0.09511392	
410.4	0.10001671	0.09518059	
410.6	0.10006826	0.09524705	
410.8	0.10039991	0.09531332	
411	0.09985428	0.09537938	
411.2	0.09975023	0.09544525	
411.4	0.09990717	0.09551091	
411.6	0.0992824	0.09557637	
411.8	0.09902002	0.09564164	
412	0.09905184	0.09570671	
412.2	0.09932077	0.09577158	
412.4	0.09959015	0.09583626	
412.6	0.09994274	0.09590074	
412.8	0.10062152	0.09596502	
413	0.10104558	0.09602911	
413.2	0.10070268	0.096093	
413.4	0.10070818	0.09615671	
413.6	0.10028097	0.09622021	
413.8	0.10012794	0.09628353	
414	0.10030542	0.09634665	
414.2	0.10005231	0.09640959	
414.4	0.10002704	0.09647233	
414.6	0.09979989	0.09653488	
414.8	0.09997195	0.09659724	
415	0.09985755	0.09665942	
415.2	0.10001662	0.0967214	
415.4	0.09999238	0.0967832	
415.6	0.09983098	0.09684481	
415.8	0.10059945	0.09690623	
416	0.10114337	0.09696747	
416.2	0.10132865	0.09702852	
416.4	0.10211416	0.09708939	
416.6	0.10271442	0.09715007	
416.8	0.10291369	0.09721057	
417	0.10247866	0.09727089	
417.2	0.10281451	0.09733102	
417.4	0.10293075	0.09739097	
417.6	0.10265204	0.09745074	
417.8	0.10250278	0.09751033	
418	0.10274074	0.09756973	
418.2	0.10253171	0.09762896	
418.4	0.10261204	0.09768801	
418.6	0.10244651	0.09774688	
418.8	0.10289432	0.09780557	
419	0.1031074	0.09786408	
419.2	0.10338195	0.09792242	
419.4	0.10364561	0.09798057	
419.6	0.10396766	0.09803856	
419.8	0.10443119	0.09809636	
420	0.10546504	0.09815429	
420.2	0.10446385	0.09795259	
420.4	0.10304896	0.09775131	
420.6	0.1021315	0.09755044	
420.8	0.1011357	0.09734998	
421	0.09989371	0.09714994	
421.2	0.09872167	0.0969503	
421.4	0.09756181	0.09675108	
421.6	0.096445	0.09655227	
421.8	0.0956506	0.09635386	
422	0.09482524	0.09615587	
422.2	0.09423845	0.09595828	
422.4	0.09352693	0.09576109	
422.6	0.09271838	0.09556431	
422.8	0.09214357	0.09536794	
423	0.09143746	0.09517197	
423.2	0.09021905	0.0949764	
423.4	0.08925022	0.09478123	
423.6	0.08825945	0.09458647	
423.8	0.08788605	0.0943921	
424	0.08736364	0.09419814	
424.2	0.08671194	0.09400457	
424.4	0.08593879	0.0938114	
424.6	0.08619769	0.09361863	
424.8	0.08591267	0.09342625	
425	0.08550139	0.09323427	
425.2	0.08524506	0.09304268	
425.4	0.08504969	0.09285149	
425.6	0.08461703	0.09266069	
425.8	0.08427036	0.09247028	
426	0.083565	0.09228026	
426.2	0.08332946	0.09209064	
426.4	0.08280162	0.0919014	
426.6	0.08265433	0.09171255	
426.8	0.08217645	0.09152409	
427	0.08182153	0.09133602	
427.2	0.08085824	0.09114833	
427.4	0.08033268	0.09096103	
427.6	0.0797918	0.09077412	
427.8	0.08010684	0.09058759	
428	0.07962605	0.09040144	
428.2	0.07930815	0.09021567	
428.4	0.07920021	0.09003029	
428.6	0.07959905	0.08984529	
428.8	0.07897257	0.08966066	
429	0.07908254	0.08947642	
429.2	0.0789607	0.08929256	
429.4	0.07869434	0.08910907	
429.6	0.07825459	0.08892596	
429.8	0.07815851	0.08874323	
430	0.07794126	0.08856087	
430.2	0.07766488	0.08837888	
430.4	0.07760871	0.08819728	
430.6	0.07707736	0.08801604	
430.8	0.07618147	0.08783518	
431	0.07569597	0.08765468	
431.2	0.07504324	0.08747456	
431.4	0.07513746	0.08729481	
431.6	0.07498627	0.08711543	
431.8	0.07488931	0.08693642	
432	0.07491061	0.08675777	
432.2	0.07448663	0.08657949	
432.4	0.07487253	0.08640158	
432.6	0.07472507	0.08622403	
432.8	0.07402257	0.08604685	
433	0.07389243	0.08587004	
433.2	0.07321422	0.08569358	
433.4	0.07262944	0.08551749	
433.6	0.07265923	0.08534176	
433.8	0.07253366	0.08516639	
434	0.0720828	0.08499138	
434.2	0.07165897	0.08481674	
434.4	0.07191691	0.08464245	
434.6	0.07111538	0.08446852	
434.8	0.07099324	0.08429494	
435	0.07141515	0.08412172	
435.2	0.07154529	0.08394886	
435.4	0.07150314	0.08377636	
435.6	0.0714513	0.0836042	
435.8	0.07151418	0.08343241	
436	0.07121819	0.08326096	
436.2	0.07062009	0.08308987	
436.4	0.07079548	0.08291913	
436.6	0.06983283	0.08274874	
436.8	0.06909487	0.0825787	
437	0.0689077	0.08240901	
437.2	0.06872404	0.08223967	
437.4	0.06900719	0.08207067	
437.6	0.06909363	0.08190203	
437.8	0.06864203	0.08173372	
438	0.06871281	0.08156577	
438.2	0.06866475	0.08139816	
438.4	0.06838581	0.0812309	
438.6	0.06779514	0.08106398	
438.8	0.06789665	0.0808974	
439	0.06754939	0.08073116	
439.2	0.06696239	0.08056527	
439.4	0.06677637	0.08039971	
439.6	0.06621884	0.0802345	
439.8	0.06549269	0.08006963	
440	0.06508762	0.07990509	
440.2	0.06483022	0.0797409	
440.4	0.06487331	0.07957704	
440.6	0.06431697	0.07941352	
440.8	0.06396989	0.07925033	
441	0.06418816	0.07908748	
441.2	0.06375165	0.07892496	
441.4	0.06360439	0.07876278	
441.6	0.06277293	0.07860093	
441.8	0.06284749	0.07843941	
442	0.06316698	0.07827823	
442.2	0.06260378	0.07811737	
442.4	0.0626738	0.07795685	
442.6	0.06280992	0.07779666	
442.8	0.06283714	0.07763679	
443	0.06239442	0.07747726	
443.2	0.06250452	0.07731805	
443.4	0.06257662	0.07715917	
443.6	0.06247661	0.07700062	
443.8	0.06277809	0.07684239	
444	0.06333645	0.07668448	
444.2	0.06304212	0.07652691	
444.4	0.06321942	0.07636965	
444.6	0.06306576	0.07621272	
444.8	0.06267429	0.07605611	
445	0.06225063	0.07589982	
445.2	0.06145567	0.07574386	
445.4	0.06178843	0.07558821	
445.6	0.06143852	0.07543289	
445.8	0.06112153	0.07527788	
446	0.06072052	0.07512319	
446.2	0.06008687	0.07496882	
446.4	0.0594858	0.07481477	
446.6	0.05897894	0.07466103	
446.8	0.05835032	0.07450761	
447	0.05788205	0.0743545	
447.2	0.05731673	0.07420171	
447.4	0.05755814	0.07404924	
447.6	0.05745596	0.07389707	
447.8	0.05739952	0.07374522	
448	0.05739506	0.07359368	
448.2	0.05776645	0.07344246	
448.4	0.05819783	0.07329154	
448.6	0.05836033	0.07314093	
448.8	0.05781973	0.07299064	
449	0.05776536	0.07284065	
449.2	0.05830436	0.07269097	
449.4	0.05874797	0.0725416	
449.6	0.05843597	0.07239253	
449.8	0.05801365	0.07224377	
450	0.05787231	0.07209532	
450.2	0.05742633	0.07194717	
450.4	0.05681506	0.07179933	
450.6	0.05658888	0.07165179	
450.8	0.05615118	0.07150455	
451	0.05602148	0.07135761	
451.2	0.05567407	0.07121098	
451.4	0.05597881	0.07106465	
451.6	0.05556615	0.07091862	
451.8	0.05574151	0.07077289	
452	0.05585183	0.07062746	
452.2	0.05618998	0.07048233	
452.4	0.05587698	0.07033749	
452.6	0.05553456	0.07019296	
452.8	0.0553164	0.07004872	
453	0.05555479	0.06990478	
453.2	0.05538918	0.06976113	
453.4	0.05527034	0.06961778	
453.6	0.05560428	0.06947472	
453.8	0.05507623	0.06933196	
454	0.05558628	0.06918949	
454.2	0.05532315	0.06904731	
454.4	0.05494933	0.06890542	
454.6	0.05492086	0.06876383	
454.8	0.05511719	0.06862253	
455	0.05484547	0.06848152	
455.2	0.05466116	0.06834079	
455.4	0.05457136	0.06820036	
455.6	0.05451625	0.06806022	
455.8	0.05495146	0.06792036	
456	0.05481132	0.06778079	
456.2	0.05479421	0.06764151	
456.4	0.05431486	0.06750251	
456.6	0.05407473	0.0673638	
456.8	0.05435631	0.06722537	
457	0.05412876	0.06708723	
457.2	0.05380586	0.06694938	
457.4	0.05388338	0.0668118	
457.6	0.05389452	0.06667451	
457.8	0.05348775	0.0665375	
458	0.05428185	0.06640077	
458.2	0.05358827	0.06626433	
458.4	0.05356914	0.06612816	
458.6	0.05374912	0.06599227	
458.8	0.0530037	0.06585667	
459	0.05301285	0.06572134	
459.2	0.05302723	0.06558629	
459.4	0.05308424	0.06545152	
459.6	0.05321179	0.06531702	
459.8	0.05333345	0.0651828	
460	0.05300563	0.06504886	
460.2	0.05290224	0.06491519	
460.4	0.05278621	0.06478179	
460.6	0.05277434	0.06464867	
460.8	0.05306035	0.06451583	
461	0.05204149	0.06438325	
461.2	0.05146647	0.06425095	
461.4	0.05109845	0.06411892	
461.6	0.05107429	0.06398717	
461.8	0.05103681	0.06385568	
462	0.05122078	0.06372446	
462.2	0.05054755	0.06359352	
462.4	0.05017916	0.06346284	
462.6	0.04980143	0.06333243	
462.8	0.04943118	0.06320229	
463	0.04958224	0.06307241	
463.2	0.04920942	0.06294281	
463.4	0.04906871	0.06281346	
463.6	0.04885942	0.06268439	
463.8	0.04897029	0.06255558	
464	0.04910106	0.06242703	
464.2	0.04938167	0.06229875	
464.4	0.04942259	0.06217074	
464.6	0.04931828	0.06204298	
464.8	0.04964448	0.06191549	
465	0.0492137	0.06178826	
465.2	0.04968874	0.06166129	
465.4	0.05022599	0.06153458	
465.6	0.05068913	0.06140814	
465.8	0.05089698	0.06128195	
466	0.05077528	0.06115602	
466.2	0.05091444	0.06103035	
466.4	0.05085668	0.06090494	
466.6	0.05092494	0.06077979	
466.8	0.05104983	0.06065489	
467	0.05069046	0.06053025	
467.2	0.0504437	0.06040587	
467.4	0.0504061	0.06028174	
467.6	0.05005723	0.06015787	
467.8	0.04948428	0.06003425	
468	0.04906083	0.05991089	
468.2	0.04821187	0.05978778	
468.4	0.04793359	0.05966492	
468.6	0.04757116	0.05954231	
468.8	0.04782055	0.05941996	
469	0.04750922	0.05929786	
469.2	0.04750138	0.05917601	
469.4	0.04758948	0.05905441	
469.6	0.04789012	0.05893306	
469.8	0.0479487	0.05881195	
470	0.04815431	0.0586911	
470.2	0.0484483	0.0585705	
470.4	0.0480107	0.05845014	
470.6	0.0484741	0.05833003	
470.8	0.04885734	0.05821017	
471	0.04833514	0.05809055	
471.2	0.04824475	0.05797118	
471.4	0.04810695	0.05785206	
471.6	0.04731145	0.05773318	
471.8	0.04712146	0.05761454	
472	0.04721374	0.05749615	
472.2	0.04721765	0.057378	
472.4	0.0477687	0.0572601	
472.6	0.04744636	0.05714243	
472.8	0.04746379	0.05702501	
473	0.04726473	0.05690783	
473.2	0.0473117	0.05679089	
473.4	0.04722215	0.05667419	
473.6	0.04722525	0.05655773	
473.8	0.04686914	0.05644151	
474	0.04663259	0.05632553	
474.2	0.04679856	0.05620979	
474.4	0.04681615	0.05609428	
474.6	0.0470148	0.05597902	
474.8	0.04675444	0.05586398	
475	0.04650714	0.05574919	
475.2	0.04597797	0.05563463	
475.4	0.04553773	0.05552031	
475.6	0.04524564	0.05540622	
475.8	0.04553845	0.05529237	
476	0.04565073	0.05517875	
476.2	0.0459862	0.05506536	
476.4	0.04603938	0.05495221	
476.6	0.04545388	0.05483928	
476.8	0.04502021	0.0547266	
477	0.0451503	0.05461414	
477.2	0.04479264	0.05450191	
477.4	0.04456003	0.05438992	
477.6	0.04469451	0.05427815	
477.8	0.04479314	0.05416661	
478	0.04502823	0.05405531	
478.2	0.0458415	0.05394423	
478.4	0.04581956	0.05383338	
478.6	0.04532481	0.05372276	
478.8	0.04549484	0.05361236	
479	0.04526851	0.0535022	
479.2	0.04455645	0.05339225	
479.4	0.04496232	0.05328254	
479.6	0.04471348	0.05317305	
479.8	0.04471938	0.05306378	
480	0.04464244	0.05295474	
480.2	0.04465544	0.05284593	
480.4	0.04409552	0.05273733	
480.6	0.04373797	0.05262896	
480.8	0.04338461	0.05252082	
481	0.04334072	0.05241289	
481.2	0.0428905	0.05230519	
481.4	0.04323304	0.05219771	
481.6	0.04334818	0.05209045	
481.8	0.04323329	0.05198341	
482	0.04274699	0.05187659	
482.2	0.04274075	0.05176998	
482.4	0.04223863	0.0516636	
482.6	0.04225619	0.05155744	
482.8	0.04245952	0.05145149	
483	0.04225665	0.05134577	
483.2	0.04226611	0.05124026	
483.4	0.04231526	0.05113496	
483.6	0.04239923	0.05102989	
483.8	0.04287728	0.05092502	
484	0.04267246	0.05082038	
484.2	0.04307594	0.05071595	
484.4	0.04286609	0.05061173	
484.6	0.04316502	0.05050773	
484.8	0.04302989	0.05040394	
485	0.04315497	0.05030037	
485.2	0.04351196	0.05019701	
485.4	0.04379967	0.05009386	
485.6	0.04337967	0.04999092	
485.8	0.04308539	0.04988819	
486	0.04279221	0.04978568	
486.2	0.04291039	0.04968337	
486.4	0.04277266	0.04958128	
486.6	0.04304024	0.04947939	
486.8	0.04292921	0.04937772	
487	0.04218171	0.04927625	
487.2	0.04209296	0.049175	
487.4	0.04230856	0.04907395	
487.6	0.04295432	0.0489731	
487.8	0.0427257	0.04887247	
488	0.04222924	0.04877204	
488.2	0.04205989	0.04867182	
488.4	0.04155581	0.04857181	
488.6	0.04181289	0.048472	
488.8	0.04187337	0.04837239	
489	0.04180137	0.04827299	
489.2	0.04172886	0.04817379	
489.4	0.04125833	0.0480748	
489.6	0.04161195	0.04797601	
489.8	0.04198386	0.04787743	
490	0.04220602	0.04777904	
490.2	0.04229178	0.04768086	
490.4	0.04199005	0.04758288	
490.6	0.04203579	0.04748511	
490.8	0.04220596	0.04738753	
491	0.04187496	0.04729015	
491.2	0.04226577	0.04719298	
491.4	0.0422196	0.047096	
491.6	0.04264147	0.04699922	
491.8	0.04235352	0.04690264	
492	0.04249248	0.04680626	
492.2	0.04245608	0.04671008	
492.4	0.0428718	0.0466141	
492.6	0.04319051	0.04651831	
492.8	0.04275355	0.04642272	
493	0.04264587	0.04632733	
493.2	0.04294685	0.04623213	
493.4	0.04305513	0.04613713	
493.6	0.04319333	0.04604232	
493.8	0.04299647	0.04594771	
494	0.0431296	0.04585329	
494.2	0.04273876	0.04575907	
494.4	0.04241605	0.04566504	
494.6	0.04246939	0.0455712	
494.8	0.04236145	0.04547755	
495	0.04195535	0.0453841	
495.2	0.04217766	0.04529084	
495.4	0.04206315	0.04519778	
495.6	0.04205088	0.0451049	
495.8	0.0419568	0.04501221	
496	0.04228836	0.04491972	
496.2	0.04189219	0.04482741	
496.4	0.04143696	0.0447353	
496.6	0.04116383	0.04464337	
496.8	0.04063321	0.04455163	
497	0.0403931	0.04446008	
497.2	0.0405626	0.04436872	
497.4	0.04027197	0.04427755	
497.6	0.03971515	0.04418656	
497.8	0.03982854	0.04409577	
498	0.03974215	0.04400515	
498.2	0.03969598	0.04391473	
498.4	0.03967814	0.04382449	
498.6	0.03949713	0.04373443	
498.8	0.03933237	0.04364456	
499	0.04001668	0.04355488	
499.2	0.04052009	0.04346538	
499.4	0.04005927	0.04337606	
499.6	0.03985512	0.04328693	
499.8	0.03999949	0.04319798	
500	0.03987951	0.04310921	
500.2	0.03941914	0.04302062	
500.4	0.03878584	0.04293222	
500.6	0.03907139	0.042844	
500.8	0.03913006	0.04275596	
501	0.03898054	0.0426681	
501.2	0.03953224	0.04258042	
501.4	0.03973133	0.04249292	
501.6	0.03957536	0.04240561	
501.8	0.03955199	0.04231847	
502	0.0397422	0.04223151	
502.2	0.04008635	0.04214473	
502.4	0.04003486	0.04205812	
502.6	0.04000576	0.0419717	
502.8	0.04010644	0.04188545	
503	0.04014665	0.04179938	
503.2	0.03972684	0.04171349	
503.4	0.03909394	0.04162777	
503.6	0.03910667	0.04154223	
503.8	0.03917208	0.04145686	
504	0.03921158	0.04137167	
504.2	0.03906279	0.04128666	
504.4	0.03872397	0.04120182	
504.6	0.03950335	0.04111715	
504.8	0.0391834	0.04103266	
505	0.03911196	0.04094835	
505.2	0.03880147	0.0408642	
505.4	0.03845019	0.04078023	
505.6	0.0382922	0.04069643	
505.8	0.03818966	0.0406128	
506	0.03859325	0.04052935	
506.2	0.03834033	0.04044606	
506.4	0.03823245	0.04036295	
506.6	0.03814157	0.04028001	
506.8	0.03760513	0.04019724	
507	0.03695758	0.04011464	
507.2	0.03688302	0.04003221	
507.4	0.03710493	0.03994994	
507.6	0.03732729	0.03986785	
507.8	0.03723078	0.03978593	
508	0.03739658	0.03970417	
508.2	0.03759789	0.03962258	
508.4	0.03797151	0.03954116	
508.6	0.03813231	0.03945991	
508.8	0.03738247	0.03937882	
509	0.03752619	0.0392979	
509.2	0.03668184	0.03921715	
509.4	0.03685353	0.03913656	
509.6	0.03736879	0.03905614	
509.8	0.03786377	0.03897589	
510	0.03848253	0.0388958	
510.2	0.03831569	0.03881587	
510.4	0.03852823	0.03873611	
510.6	0.03833764	0.03865651	
510.8	0.03819322	0.03857707	
511	0.03793754	0.0384978	
511.2	0.03829482	0.03841869	
511.4	0.03816081	0.03833975	
511.6	0.03777843	0.03826096	
511.8	0.03763112	0.03818234	
512	0.03793877	0.03810388	
512.2	0.03841792	0.03802558	
512.4	0.03820721	0.03794744	
512.6	0.03796793	0.03786946	
512.8	0.03815425	0.03779164	
513	0.03779546	0.03771399	
513.2	0.0374696	0.03763649	
513.4	0.03730407	0.03755915	
513.6	0.03751084	0.03748197	
513.8	0.03747516	0.03740495	
514	0.03778182	0.03732808	
514.2	0.03748527	0.03725138	
514.4	0.037312	0.03717483	
514.6	0.03732841	0.03709844	
514.8	0.03763806	0.03702221	
515	0.0375588	0.03694613	
515.2	0.03746997	0.03687021	
515.4	0.03686395	0.03679445	
515.6	0.03655276	0.03671884	
515.8	0.03666364	0.03664338	
516	0.0369476	0.03656808	
516.2	0.03704626	0.03649294	
516.4	0.03692746	0.03641795	
516.6	0.03720578	0.03634312	
516.8	0.03708233	0.03626844	
517	0.0366802	0.03619391	
517.2	0.03642727	0.03611953	
517.4	0.03614938	0.03604531	
517.6	0.03645128	0.03597124	
517.8	0.03603699	0.03589732	
518	0.03564292	0.03582356	
518.2	0.03529975	0.03574995	
518.4	0.03501124	0.03567648	
518.6	0.03496751	0.03560317	
518.8	0.03535044	0.03553001	
519	0.03533703	0.035457	
519.2	0.03514976	0.03538414	
519.4	0.0347733	0.03531143	
519.6	0.03479489	0.03523887	
519.8	0.03551731	0.03516646	
520	0.035108	0.03509419	
520.2	0.03487583	0.03502208	
520.4	0.03512692	0.03495011	
520.6	0.03502376	0.03487829	
520.8	0.03498692	0.03480662	
521	0.03482029	0.0347351	
521.2	0.03405857	0.03466372	
521.4	0.0335897	0.03459249	
521.6	0.0333008	0.03452141	
521.8	0.03236677	0.03445047	
522	0.0319031	0.03437968	
522.2	0.03162374	0.03430903	
522.4	0.03120104	0.03423853	
522.6	0.03173666	0.03416817	
522.8	0.03234005	0.03409796	
523	0.03224099	0.03402789	
523.2	0.0324653	0.03395797	
523.4	0.03245532	0.03388819	
523.6	0.03321585	0.03381855	
523.8	0.03340189	0.03374906	
524	0.03349958	0.03367971	
524.2	0.03408019	0.0336105	
524.4	0.03452128	0.03354143	
524.6	0.03458023	0.03347251	
524.8	0.03479945	0.03340373	
525	0.03482269	0.03333508	
525.2	0.03484363	0.03326658	
525.4	0.03478787	0.03319822	
525.6	0.03529326	0.03313001	
525.8	0.03460307	0.03306193	
526	0.03451995	0.03299399	
526.2	0.03369769	0.03292619	
526.4	0.03353703	0.03285853	
526.6	0.03367496	0.03279101	
526.8	0.03327589	0.03272363	
527	0.03269338	0.03265638	
527.2	0.03276505	0.03258928	
527.4	0.03323619	0.03252231	
527.6	0.03358559	0.03245548	
527.8	0.03353069	0.03238879	
528	0.03416826	0.03232223	
528.2	0.03441133	0.03225581	
528.4	0.03453971	0.03218953	
528.6	0.03467686	0.03212338	
528.8	0.03500226	0.03205737	
529	0.03500932	0.0319915	
529.2	0.03486277	0.03192576	
529.4	0.03430926	0.03186016	
529.6	0.03385909	0.03179469	
529.8	0.03339833	0.03172935	
530	0.03279636	0.03166415	
530.2	0.03231158	0.03159909	
530.4	0.03204049	0.03153415	
530.6	0.03222288	0.03146935	
530.8	0.03229587	0.03140469	
531	0.03225103	0.03134015	
531.2	0.03217875	0.03127575	
531.4	0.03224884	0.03121148	
531.6	0.03191838	0.03114735	
531.8	0.03183644	0.03108334	
532	0.03189671	0.03101947	
532.2	0.03203597	0.03095573	
532.4	0.03143614	0.03089212	
532.6	0.03147547	0.03082864	
532.8	0.0311466	0.03076529	
533	0.03126581	0.03070207	
533.2	0.03082829	0.03063898	
533.4	0.03033741	0.03057602	
533.6	0.03015244	0.03051319	
533.8	0.03051679	0.03045049	
534	0.03027845	0.03038791	
534.2	0.03082571	0.03032547	
534.4	0.03105467	0.03026315	
534.6	0.03174595	0.03020097	
534.8	0.03222591	0.03013891	
535	0.03174031	0.03007698	
535.2	0.03176661	0.03001517	
535.4	0.03218582	0.02995349	
535.6	0.032563	0.02989194	
535.8	0.03262569	0.02983052	
536	0.03264322	0.02976922	
536.2	0.03238449	0.02970804	
536.4	0.03180369	0.029647	
536.6	0.03189578	0.02958608	
536.8	0.03167265	0.02952528	
537	0.03131237	0.02946461	
537.2	0.03045248	0.02940406	
537.4	0.03036689	0.02934364	
537.6	0.03025833	0.02928334	
537.8	0.0303959	0.02922317	
538	0.03031494	0.02916312	
538.2	0.03046415	0.02910319	
538.4	0.03075458	0.02904339	
538.6	0.03114873	0.0289837	
538.8	0.03139727	0.02892415	
539	0.0314097	0.02886471	
539.2	0.03228453	0.0288054	
539.4	0.03253363	0.0287462	
539.6	0.03280536	0.02868713	
539.8	0.03281894	0.02862818	
