Conc1	5.1E-08	
Start1	300	
Stop1	539.8	
Kobs	0.0111369612777177	
Error Kobs	0.000143047433354259	
Koff	0	
Error Koff	0	
Time1	Data1	Fit1	
300	0.00360458	0	
300.2	0.00471058	0.000832	
300.4	0.00580895	0.00165987	
300.6	0.00750212	0.00248362	
300.8	0.00966842	0.00330327	
301	0.0116096	0.00411885	
301.2	0.01390145	0.00493038	
301.4	0.01590245	0.00573786	
301.6	0.01790323	0.00654134	
301.8	0.02012056	0.00734081	
302	0.02169546	0.00813631	
302.2	0.02278783	0.00892786	
302.4	0.02400673	0.00971547	
302.6	0.02512316	0.01049916	
302.8	0.02612377	0.01127896	
303	0.02711812	0.01205488	
303.2	0.02776109	0.01282694	
303.4	0.02902234	0.01359516	
303.6	0.02959875	0.01435956	
303.8	0.03038354	0.01512016	
304	0.03051975	0.01587698	
304.2	0.03093754	0.01663004	
304.4	0.03137662	0.01737935	
304.6	0.0323399	0.01812493	
304.8	0.03316529	0.01886681	
305	0.03379765	0.01960499	
305.2	0.0351306	0.02033951	
305.4	0.03577576	0.02107038	
305.6	0.03687497	0.02179761	
305.8	0.03795471	0.02252122	
306	0.03828895	0.02324124	
306.2	0.03935927	0.02395767	
306.4	0.040573	0.02467055	
306.6	0.04112049	0.02537988	
306.8	0.04237241	0.02608568	
307	0.04343826	0.02678797	
307.2	0.0439726	0.02748677	
307.4	0.04495271	0.02818209	
307.6	0.04569849	0.02887396	
307.8	0.04634857	0.02956239	
308	0.04635727	0.03024739	
308.2	0.04698152	0.03092899	
308.4	0.04703271	0.0316072	
308.6	0.04762319	0.03228203	
308.8	0.04781919	0.03295352	
309	0.04870934	0.03362166	
309.2	0.04925608	0.03428648	
309.4	0.04909571	0.03494799	
309.6	0.04913636	0.03560621	
309.8	0.04934065	0.03626116	
310	0.04939344	0.03691286	
310.2	0.04974624	0.03756131	
310.4	0.04958565	0.03820654	
310.6	0.04965691	0.03884856	
310.8	0.05012915	0.03948739	
311	0.05067044	0.04012304	
311.2	0.05138024	0.04075553	
311.4	0.05245237	0.04138487	
311.6	0.05315145	0.04201109	
311.8	0.05341503	0.04263419	
312	0.05379937	0.0432542	
312.2	0.05511335	0.04387112	
312.4	0.05582615	0.04448497	
312.6	0.05687372	0.04509577	
312.8	0.05759407	0.04570354	
313	0.05898844	0.04630828	
313.2	0.05928097	0.04691001	
313.4	0.05958365	0.04750875	
313.6	0.05938012	0.04810452	
313.8	0.05969278	0.04869732	
314	0.05993141	0.04928717	
314.2	0.06020577	0.0498741	
314.4	0.06019157	0.0504581	
314.6	0.06044258	0.0510392	
314.8	0.06143943	0.05161741	
315	0.06241976	0.05219274	
315.2	0.06279745	0.05276522	
315.4	0.06303634	0.05333484	
315.6	0.06340866	0.05390164	
315.8	0.06375795	0.05446561	
316	0.06447612	0.05502678	
316.2	0.06573625	0.05558517	
316.4	0.06653408	0.05614077	
316.6	0.06705918	0.05669361	
316.8	0.06759468	0.05724371	
317	0.06774209	0.05779106	
317.2	0.06796197	0.0583357	
317.4	0.06819119	0.05887763	
317.6	0.06844706	0.05941686	
317.8	0.06906136	0.05995341	
318	0.06983012	0.06048729	
318.2	0.06968954	0.06101852	
318.4	0.06962668	0.06154711	
318.6	0.06970478	0.06207307	
318.8	0.07065352	0.06259641	
319	0.07023408	0.06311715	
319.2	0.0701969	0.0636353	
319.4	0.07046132	0.06415088	
319.6	0.07139363	0.06466389	
319.8	0.07167149	0.06517435	
320	0.07213061	0.06568227	
320.2	0.0729292	0.06618767	
320.4	0.07387884	0.06669055	
320.6	0.07411404	0.06719093	
320.8	0.07467563	0.06768883	
321	0.07516158	0.06818425	
321.2	0.07631726	0.0686772	
321.4	0.07690574	0.06916771	
321.6	0.07770805	0.06965577	
321.8	0.07762215	0.07014141	
322	0.07812162	0.07062463	
322.2	0.07749125	0.07110545	
322.4	0.0779053	0.07158388	
322.6	0.07845729	0.07205993	
322.8	0.07908834	0.07253362	
323	0.07907915	0.07300494	
323.2	0.07943892	0.07347393	
323.4	0.07959093	0.07394058	
323.6	0.07985132	0.07440491	
323.8	0.07933552	0.07486693	
324	0.08006737	0.07532666	
324.2	0.08047733	0.0757841	
324.4	0.08087801	0.07623926	
324.6	0.0804974	0.07669216	
324.8	0.08056835	0.07714281	
325	0.08062665	0.07759122	
325.2	0.08106679	0.0780374	
325.4	0.08104181	0.07848136	
325.6	0.08123412	0.07892311	
325.8	0.08090083	0.07936267	
326	0.08125643	0.07980004	
326.2	0.08163081	0.08023523	
326.4	0.0822077	0.08066826	
326.6	0.08279356	0.08109914	
326.8	0.08298924	0.08152788	
327	0.08324467	0.08195448	
327.2	0.08337783	0.08237896	
327.4	0.08380276	0.08280134	
327.6	0.08373764	0.08322161	
327.8	0.0840329	0.08363979	
328	0.08471961	0.08405589	
328.2	0.08463048	0.08446992	
328.4	0.08494859	0.0848819	
328.6	0.08490877	0.08529182	
328.8	0.08583042	0.08569971	
329	0.08637426	0.08610557	
329.2	0.08745713	0.08650941	
329.4	0.08818744	0.08691124	
329.6	0.08855131	0.08731108	
329.8	0.08880309	0.08770892	
330	0.08931437	0.08810479	
330.2	0.08997265	0.08849869	
330.4	0.0895833	0.08889063	
330.6	0.08980465	0.08928062	
330.8	0.08998411	0.08966868	
331	0.09037034	0.0900548	
331.2	0.0911799	0.090439	
331.4	0.09169595	0.09082129	
331.6	0.0918845	0.09120169	
331.8	0.09166715	0.09158019	
332	0.09176375	0.0919568	
332.2	0.09183615	0.09233155	
332.4	0.09175196	0.09270443	
332.6	0.09190948	0.09307546	
332.8	0.09265344	0.09344464	
333	0.09264144	0.09381199	
333.2	0.09333481	0.09417751	
333.4	0.09389164	0.09454121	
333.6	0.09341961	0.0949031	
333.8	0.09367258	0.0952632	
334	0.09394573	0.0956215	
334.2	0.09399946	0.09597803	
334.4	0.09360382	0.09633278	
334.6	0.0942692	0.09668576	
334.8	0.0949408	0.09703699	
335	0.09509237	0.09738648	
335.2	0.09568878	0.09773422	
335.4	0.09600778	0.09808024	
335.6	0.09629312	0.09842453	
335.8	0.09597364	0.09876712	
336	0.09577183	0.099108	
336.2	0.09566269	0.09944718	
336.4	0.0956521	0.09978468	
336.6	0.09651563	0.1001205	
336.8	0.09678112	0.10045466	
337	0.0972258	0.10078715	
337.2	0.09761107	0.10111798	
337.4	0.09826124	0.10144717	
337.6	0.09844566	0.10177473	
337.8	0.09952211	0.10210065	
338	0.10000952	0.10242496	
338.2	0.10051273	0.10274765	
338.4	0.10094412	0.10306874	
338.6	0.10170849	0.10338823	
338.8	0.1016778	0.10370613	
339	0.1015145	0.10402245	
339.2	0.10212863	0.1043372	
339.4	0.10254868	0.10465038	
339.6	0.10219151	0.10496201	
339.8	0.10192736	0.10527208	
340	0.10178293	0.10558062	
340.2	0.10208255	0.10588762	
340.4	0.10271315	0.10619309	
340.6	0.10337362	0.10649705	
340.8	0.10377356	0.10679949	
341	0.10435589	0.10710043	
341.2	0.10438818	0.10739987	
341.4	0.10505826	0.10769783	
341.6	0.10564682	0.1079943	
341.8	0.10630586	0.1082893	
342	0.10630079	0.10858283	
342.2	0.10677905	0.1088749	
342.4	0.10666501	0.10916552	
342.6	0.1068965	0.10945469	
342.8	0.10665227	0.10974243	
343	0.10660658	0.11002874	
343.2	0.10671847	0.11031362	
343.4	0.10676859	0.11059708	
343.6	0.10626587	0.11087914	
343.8	0.10622515	0.11115979	
344	0.10647033	0.11143905	
344.2	0.10677268	0.11171692	
344.4	0.10770919	0.11199341	
344.6	0.10808293	0.11226852	
344.8	0.10859148	0.11254226	
345	0.10881423	0.11281465	
345.2	0.10890572	0.11308568	
345.4	0.10922624	0.11335536	
345.6	0.10945226	0.1136237	
345.8	0.1098007	0.1138907	
346	0.10965319	0.11415638	
346.2	0.11030463	0.11442074	
346.4	0.11010495	0.11468378	
346.6	0.11051106	0.11494551	
346.8	0.11079901	0.11520595	
347	0.11105934	0.11546509	
347.2	0.11142763	0.11572293	
347.4	0.1117196	0.1159795	
347.6	0.11189371	0.11623479	
347.8	0.11232188	0.11648882	
348	0.11320475	0.11674157	
348.2	0.11357918	0.11699308	
348.4	0.11404181	0.11724333	
348.6	0.11456236	0.11749234	
348.8	0.11475867	0.1177401	
349	0.11527759	0.11798664	
349.2	0.11509364	0.11823195	
349.4	0.11554156	0.11847604	
349.6	0.11596599	0.11871892	
349.8	0.11600593	0.11896059	
350	0.11594675	0.11920106	
350.2	0.11610493	0.11944033	
350.4	0.11565883	0.11967841	
350.6	0.11579313	0.11991531	
350.8	0.11603759	0.12015103	
351	0.11596259	0.12038558	
351.2	0.11641597	0.12061896	
351.4	0.11673646	0.12085118	
351.6	0.11709889	0.12108225	
351.8	0.11732393	0.12131217	
352	0.11696576	0.12154094	
352.2	0.11650066	0.12176858	
352.4	0.11711319	0.12199508	
352.6	0.11734766	0.12222046	
352.8	0.11779064	0.12244472	
353	0.11809263	0.12266786	
353.2	0.11791364	0.1228899	
353.4	0.11875016	0.12311083	
353.6	0.11966885	0.12333066	
353.8	0.11955943	0.1235494	
354	0.12012374	0.12376705	
354.2	0.12001025	0.12398361	
354.4	0.12054041	0.1241991	
354.6	0.12065241	0.12441352	
354.8	0.12131285	0.12462688	
355	0.12126711	0.12483917	
355.2	0.12133494	0.1250504	
355.4	0.12103616	0.12526059	
355.6	0.12144184	0.12546973	
355.8	0.12119606	0.12567783	
356	0.12095617	0.1258849	
356.2	0.12107728	0.12609094	
356.4	0.12175529	0.12629595	
356.6	0.12154214	0.12649994	
356.8	0.12196381	0.12670292	
357	0.12166653	0.12690489	
357.2	0.12235193	0.12710585	
357.4	0.12316498	0.12730582	
357.6	0.12365939	0.12750479	
357.8	0.12360066	0.12770277	
358	0.1242386	0.12789977	
358.2	0.12447456	0.12809578	
358.4	0.12523517	0.12829083	
358.6	0.1252022	0.1284849	
358.8	0.12590222	0.12867801	
359	0.12588779	0.12887016	
359.2	0.12592263	0.12906135	
359.4	0.12678502	0.12925159	
359.6	0.12796979	0.12944088	
359.8	0.12832666	0.12962924	
360	0.12865877	0.12981666	
360.2	0.12890561	0.13000314	
360.4	0.12933753	0.1301887	
360.6	0.12908709	0.13037334	
360.8	0.1286436	0.13055705	
361	0.12875827	0.13073986	
361.2	0.12943533	0.13092175	
361.4	0.12897386	0.13110274	
361.6	0.1286042	0.13128283	
361.8	0.12845437	0.13146203	
362	0.12858184	0.13164033	
362.2	0.12850732	0.13181775	
362.4	0.12914228	0.13199429	
362.6	0.12933603	0.13216994	
362.8	0.12937637	0.13234473	
363	0.1293326	0.13251864	
363.2	0.1298296	0.13269169	
363.4	0.13020755	0.13286388	
363.6	0.13062904	0.13303521	
363.8	0.13116782	0.1332057	
364	0.13074851	0.13337533	
364.2	0.13126466	0.13354412	
364.4	0.13084669	0.13371207	
364.6	0.13058038	0.13387919	
364.8	0.13062697	0.13404547	
365	0.13120257	0.13421093	
365.2	0.13129735	0.13437556	
365.4	0.13058586	0.13453938	
365.6	0.13023205	0.13470238	
365.8	0.13065337	0.13486457	
366	0.13121123	0.13502596	
366.2	0.1313595	0.13518654	
366.4	0.1317752	0.13534632	
366.6	0.13160802	0.13550531	
366.8	0.13133609	0.13566351	
367	0.13138801	0.13582092	
367.2	0.13139542	0.13597755	
367.4	0.13144185	0.1361334	
367.6	0.13182715	0.13628848	
367.8	0.13222085	0.13644278	
368	0.13195484	0.13659632	
368.2	0.13270164	0.13674909	
368.4	0.1331458	0.13690111	
368.6	0.13363726	0.13705237	
368.8	0.1336731	0.13720287	
369	0.13357028	0.13735263	
369.2	0.13382712	0.13750164	
369.4	0.13372339	0.13764991	
369.6	0.13406137	0.13779745	
369.8	0.13501151	0.13794425	
370	0.13501246	0.13809032	
370.2	0.13533173	0.13823566	
370.4	0.13573726	0.13838029	
370.6	0.13611463	0.13852419	
370.8	0.13600764	0.13866738	
371	0.13606961	0.13880985	
371.2	0.13598336	0.13895162	
371.4	0.13630007	0.13909268	
371.6	0.13631872	0.13923304	
371.8	0.13670012	0.1393727	
372	0.13659222	0.13951167	
372.2	0.13739157	0.13964995	
372.4	0.13760942	0.13978754	
372.6	0.1369227	0.13992444	
372.8	0.13698703	0.14006067	
373	0.13722421	0.14019621	
373.2	0.13752542	0.14033109	
373.4	0.13753641	0.14046529	
373.6	0.13824203	0.14059882	
373.8	0.13896827	0.1407317	
374	0.13913769	0.14086391	
374.2	0.13959635	0.14099546	
374.4	0.13975479	0.14112636	
374.6	0.13986494	0.1412566	
374.8	0.14000009	0.1413862	
375	0.13976018	0.14151516	
375.2	0.13922127	0.14164347	
375.4	0.13931597	0.14177115	
375.6	0.13923208	0.14189819	
375.8	0.13937345	0.1420246	
376	0.1390544	0.14215038	
376.2	0.13943566	0.14227554	
376.4	0.13898123	0.14240007	
376.6	0.13862278	0.14252399	
376.8	0.1390616	0.14264729	
377	0.13917146	0.14276997	
377.2	0.13994609	0.14289205	
377.4	0.14041091	0.14301351	
377.6	0.14104584	0.14313438	
377.8	0.14177754	0.14325464	
378	0.14205445	0.1433743	
378.2	0.14247053	0.14349337	
378.4	0.1425447	0.14361185	
378.6	0.1432867	0.14372974	
378.8	0.14356399	0.14384704	
379	0.14343947	0.14396376	
379.2	0.14384183	0.1440799	
379.4	0.14396636	0.14419546	
379.6	0.14462299	0.14431045	
379.8	0.14511204	0.14442486	
380	0.1449091	0.14453871	
380.2	0.14499151	0.14465199	
380.4	0.14541294	0.14476471	
380.6	0.14536401	0.14487686	
380.8	0.14616104	0.14498846	
381	0.14663165	0.1450995	
381.2	0.14703862	0.14520999	
381.4	0.14705862	0.14531994	
381.6	0.14652938	0.14542933	
381.8	0.14690574	0.14553818	
382	0.146447	0.14564649	
382.2	0.14607188	0.14575426	
382.4	0.14577856	0.1458615	
382.6	0.14607081	0.1459682	
382.8	0.1452296	0.14607437	
383	0.14500961	0.14618002	
383.2	0.14495114	0.14628513	
383.4	0.14443567	0.14638973	
383.6	0.1449432	0.14649381	
383.8	0.14485871	0.14659736	
384	0.14507543	0.14670041	
384.2	0.14511358	0.14680294	
384.4	0.14582547	0.14690496	
384.6	0.14631478	0.14700647	
384.8	0.14728923	0.14710748	
385	0.14773125	0.14720799	
385.2	0.14762383	0.14730799	
385.4	0.14758396	0.1474075	
385.6	0.14742886	0.14750652	
385.8	0.14885702	0.14760504	
386	0.14880215	0.14770307	
386.2	0.14906018	0.14780062	
386.4	0.14964506	0.14789768	
386.6	0.14937856	0.14799425	
386.8	0.14893677	0.14809035	
387	0.14910316	0.14818597	
387.2	0.14923286	0.14828111	
387.4	0.14942958	0.14837578	
387.6	0.14988877	0.14846998	
387.8	0.15028327	0.14856371	
388	0.1507447	0.14865698	
388.2	0.15116218	0.14874978	
388.4	0.15198669	0.14884212	
388.6	0.15260587	0.148934	
388.8	0.15241097	0.14902543	
389	0.15250881	0.1491164	
389.2	0.15201958	0.14920691	
389.4	0.15235946	0.14929698	
389.6	0.1529053	0.1493866	
389.8	0.15308924	0.14947577	
390	0.15237529	0.1495645	
390.2	0.15242841	0.14965279	
390.4	0.15250644	0.14974064	
390.6	0.15210913	0.14982805	
390.8	0.15231587	0.14991503	
391	0.15216452	0.15000158	
391.2	0.15252156	0.15008769	
391.4	0.15278869	0.15017338	
391.6	0.1526882	0.15025864	
391.8	0.15280852	0.15034348	
392	0.15296017	0.15042789	
392.2	0.15344443	0.15051189	
392.4	0.15330903	0.15059547	
392.6	0.15308575	0.15067863	
392.8	0.15336637	0.15076138	
393	0.1538097	0.15084372	
393.2	0.15395304	0.15092564	
393.4	0.15388873	0.15100716	
393.6	0.15396331	0.15108828	
393.8	0.15366856	0.15116899	
394	0.15388573	0.1512493	
394.2	0.15420987	0.15132921	
394.4	0.15462345	0.15140873	
394.6	0.15476843	0.15148785	
394.8	0.15513966	0.15156657	
395	0.15539511	0.1516449	
395.2	0.15573141	0.15172285	
395.4	0.15535851	0.1518004	
395.6	0.15555349	0.15187757	
395.8	0.15577043	0.15195436	
396	0.15610397	0.15203077	
396.2	0.1563413	0.15210679	
396.4	0.15601902	0.15218244	
396.6	0.15635986	0.15225771	
396.8	0.15702344	0.15233261	
397	0.15720867	0.15240713	
397.2	0.15732839	0.15248128	
397.4	0.15702895	0.15255507	
397.6	0.15712639	0.15262849	
397.8	0.15724975	0.15270154	
398	0.15762016	0.15277423	
398.2	0.15793024	0.15284656	
398.4	0.15811412	0.15291853	
398.6	0.15823217	0.15299014	
398.8	0.15861806	0.15306139	
399	0.15861406	0.15313229	
399.2	0.15844793	0.15320284	
399.4	0.15830624	0.15327304	
399.6	0.159072	0.15334289	
399.8	0.15875006	0.15341239	
400	0.15892555	0.15348154	
400.2	0.1588485	0.15355035	
400.4	0.15906739	0.15361882	
400.6	0.15995192	0.15368695	
400.8	0.16028912	0.15375474	
401	0.16048986	0.15382219	
401.2	0.16043045	0.15388931	
401.4	0.16044096	0.15395609	
401.6	0.16019576	0.15402255	
401.8	0.16084553	0.15408867	
402	0.16117742	0.15415446	
402.2	0.16119501	0.15421992	
402.4	0.16086317	0.15428506	
402.6	0.16094565	0.15434988	
402.8	0.16124692	0.15441437	
403	0.1612584	0.15447855	
403.2	0.16161164	0.1545424	
403.4	0.16150041	0.15460593	
403.6	0.16154753	0.15466915	
403.8	0.16128167	0.15473206	
404	0.16172434	0.15479465	
404.2	0.16192458	0.15485694	
404.4	0.16238991	0.15491891	
404.6	0.16266178	0.15498057	
404.8	0.16253053	0.15504193	
405	0.16317026	0.15510298	
405.2	0.16354016	0.15516373	
405.4	0.16440835	0.15522418	
405.6	0.16466467	0.15528432	
405.8	0.16501503	0.15534417	
406	0.16489024	0.15540372	
406.2	0.16480504	0.15546297	
406.4	0.16460437	0.15552193	
406.6	0.1647947	0.15558059	
406.8	0.16543845	0.15563897	
407	0.16529638	0.15569705	
407.2	0.16542264	0.15575485	
407.4	0.16522369	0.15581235	
407.6	0.16527327	0.15586957	
407.8	0.16492236	0.15592651	
408	0.16469055	0.15598316	
408.2	0.16448192	0.15603954	
408.4	0.16444529	0.15609563	
408.6	0.16446414	0.15615144	
408.8	0.16440234	0.15620697	
409	0.16513254	0.15626223	
409.2	0.16571803	0.15631722	
409.4	0.16599309	0.15637193	
409.6	0.16553914	0.15642637	
409.8	0.16549547	0.15648053	
410	0.16528566	0.15653443	
410.2	0.16538897	0.15658806	
410.4	0.16533676	0.15664143	
410.6	0.16555065	0.15669453	
410.8	0.1659733	0.15674736	
411	0.16594083	0.15679993	
411.2	0.16624817	0.15685224	
411.4	0.1665399	0.15690429	
411.6	0.1665485	0.15695608	
411.8	0.16639446	0.15700762	
412	0.16671807	0.1570589	
412.2	0.16685832	0.15710992	
412.4	0.16728427	0.15716069	
412.6	0.16725456	0.1572112	
412.8	0.16733341	0.15726147	
413	0.16834476	0.15731148	
413.2	0.16860832	0.15736125	
413.4	0.16874775	0.15741077	
413.6	0.16914525	0.15746004	
413.8	0.16924505	0.15750907	
414	0.16939833	0.15755786	
414.2	0.16939374	0.1576064	
414.4	0.16936911	0.1576547	
414.6	0.16889142	0.15770276	
414.8	0.16885128	0.15775058	
415	0.16876702	0.15779816	
415.2	0.16865753	0.15784551	
415.4	0.16848525	0.15789262	
415.6	0.16839592	0.1579395	
415.8	0.16863559	0.15798614	
416	0.16908855	0.15803255	
416.2	0.16914992	0.15807873	
416.4	0.16976084	0.15812468	
416.6	0.16991497	0.15817041	
416.8	0.16994999	0.1582159	
417	0.17007254	0.15826117	
417.2	0.17042061	0.15830622	
417.4	0.17069785	0.15835104	
417.6	0.17109323	0.15839564	
417.8	0.17086011	0.15844001	
418	0.17092653	0.15848417	
418.2	0.17059278	0.1585281	
418.4	0.17064817	0.15857182	
418.6	0.17047362	0.15861532	
418.8	0.17075049	0.1586586	
419	0.17089344	0.15870167	
419.2	0.17102588	0.15874452	
419.4	0.17124779	0.15878716	
419.6	0.17165539	0.15882959	
419.8	0.17214229	0.15887181	
420	0.17710285	0.15891403	
420.2	0.17518113	0.15856046	
420.4	0.17343259	0.15820768	
420.6	0.17157242	0.15785568	
420.8	0.16947854	0.15750446	
421	0.1677089	0.15715403	
421.2	0.16510845	0.15680437	
421.4	0.16290704	0.1564555	
421.6	0.16112379	0.1561074	
421.8	0.1594891	0.15576007	
422	0.15846866	0.15541352	
422.2	0.15777456	0.15506774	
422.4	0.15703403	0.15472273	
422.6	0.15567967	0.15437848	
422.8	0.15449989	0.154035	
423	0.15308974	0.15369229	
423.2	0.15184247	0.15335034	
423.4	0.15081299	0.15300915	
423.6	0.14955066	0.15266871	
423.8	0.14882381	0.15232904	
424	0.14772661	0.15199012	
424.2	0.14678307	0.15165195	
424.4	0.14600056	0.15131454	
424.6	0.14532147	0.15097788	
424.8	0.14474537	0.15064197	
425	0.14430847	0.1503068	
425.2	0.14324702	0.14997238	
425.4	0.14315946	0.14963871	
425.6	0.14267139	0.14930577	
425.8	0.14192296	0.14897358	
426	0.14149026	0.14864213	
426.2	0.14087207	0.14831141	
426.4	0.14024552	0.14798143	
426.6	0.13959159	0.14765219	
426.8	0.13888308	0.14732367	
427	0.13828306	0.14699589	
427.2	0.13790544	0.14666884	
427.4	0.13687156	0.14634251	
427.6	0.13628604	0.14601691	
427.8	0.13579726	0.14569204	
428	0.13472941	0.14536789	
428.2	0.13425844	0.14504445	
428.4	0.13410013	0.14472174	
428.6	0.13419827	0.14439975	
428.8	0.13366871	0.14407847	
429	0.13374754	0.14375791	
429.2	0.13373707	0.14343806	
429.4	0.13327427	0.14311892	
429.6	0.13246165	0.1428005	
429.8	0.13180359	0.14248278	
430	0.13124716	0.14216577	
430.2	0.13085721	0.14184946	
430.4	0.13090346	0.14153386	
430.6	0.13058096	0.14121896	
430.8	0.13005141	0.14090476	
431	0.13015036	0.14059126	
431.2	0.13017399	0.14027845	
431.4	0.12984573	0.13996635	
431.6	0.12984992	0.13965493	
431.8	0.129864	0.13934421	
432	0.12991323	0.13903418	
432.2	0.1303317	0.13872484	
432.4	0.1309289	0.13841619	
432.6	0.13062404	0.13810823	
432.8	0.12997728	0.13780095	
433	0.13016476	0.13749436	
433.2	0.13013637	0.13718844	
433.4	0.12932173	0.13688321	
433.6	0.12918191	0.13657866	
433.8	0.12839554	0.13627478	
434	0.12774776	0.13597158	
434.2	0.12731881	0.13566906	
434.4	0.12711222	0.1353672	
434.6	0.12651213	0.13506602	
434.8	0.12593587	0.13476551	
435	0.12540758	0.13446567	
435.2	0.12482622	0.1341665	
435.4	0.12461726	0.13386799	
435.6	0.12453088	0.13357014	
435.8	0.12437477	0.13327296	
436	0.12392926	0.13297644	
436.2	0.123917	0.13268058	
436.4	0.12394632	0.13238538	
436.6	0.12344496	0.13209083	
436.8	0.12319871	0.13179694	
437	0.12355208	0.1315037	
437.2	0.12355504	0.13121112	
437.4	0.12377048	0.13091919	
437.6	0.12371855	0.1306279	
437.8	0.12319672	0.13033727	
438	0.12304661	0.13004728	
438.2	0.12293531	0.12975793	
438.4	0.12271025	0.12946923	
438.6	0.12187301	0.12918118	
438.8	0.12137681	0.12889376	
439	0.12056027	0.12860698	
439.2	0.12017131	0.12832084	
439.4	0.11985678	0.12803534	
439.6	0.11940483	0.12775047	
439.8	0.11854644	0.12746624	
440	0.11851982	0.12718264	
440.2	0.11852827	0.12689967	
440.4	0.11839927	0.12661733	
440.6	0.11778577	0.12633561	
440.8	0.11692728	0.12605453	
441	0.11682502	0.12577407	
441.2	0.11646197	0.12549423	
441.4	0.11640793	0.12521502	
441.6	0.11540949	0.12493642	
441.8	0.11562132	0.12465845	
442	0.11547253	0.1243811	
442.2	0.11497228	0.12410436	
442.4	0.11481853	0.12382824	
442.6	0.1143692	0.12355273	
442.8	0.1146881	0.12327784	
443	0.11418623	0.12300355	
443.2	0.1139253	0.12272988	
443.4	0.1135668	0.12245682	
443.6	0.11358422	0.12218436	
443.8	0.11371861	0.12191251	
444	0.11424106	0.12164127	
444.2	0.11415259	0.12137063	
444.4	0.1145575	0.12110059	
444.6	0.11407442	0.12083115	
444.8	0.11395212	0.12056231	
445	0.11412985	0.12029407	
445.2	0.11355794	0.12002643	
445.4	0.11360612	0.11975938	
445.6	0.11333834	0.11949292	
445.8	0.11322793	0.11922706	
446	0.11308541	0.11896179	
446.2	0.11236395	0.11869711	
446.4	0.11192347	0.11843302	
446.6	0.11133925	0.11816952	
446.8	0.11088464	0.1179066	
447	0.11004754	0.11764427	
447.2	0.10913454	0.11738252	
447.4	0.10853316	0.11712136	
447.6	0.10822274	0.11686077	
447.8	0.10867397	0.11660077	
448	0.10924082	0.11634134	
448.2	0.10955777	0.11608249	
448.4	0.10971523	0.11582422	
448.6	0.10913265	0.11556652	
448.8	0.10861646	0.11530939	
449	0.10808208	0.11505284	
449.2	0.10763795	0.11479686	
449.4	0.10810421	0.11454144	
449.6	0.10777474	0.1142866	
449.8	0.10730664	0.11403232	
450	0.10723715	0.11377861	
450.2	0.10649751	0.11352546	
450.4	0.10592108	0.11327288	
450.6	0.10532032	0.11302085	
450.8	0.1045293	0.11276939	
451	0.10438414	0.11251849	
451.2	0.10386748	0.11226815	
451.4	0.10421022	0.11201836	
451.6	0.10467893	0.11176913	
451.8	0.10558206	0.11152045	
452	0.10568099	0.11127233	
452.2	0.10506001	0.11102476	
452.4	0.10507779	0.11077774	
452.6	0.1043975	0.11053126	
452.8	0.10398208	0.11028534	
453	0.10359866	0.11003997	
453.2	0.10322717	0.10979514	
453.4	0.10351113	0.10955085	
453.6	0.10332933	0.10930711	
453.8	0.102684	0.10906391	
454	0.10293725	0.10882126	
454.2	0.10267905	0.10857914	
454.4	0.1018205	0.10833756	
454.6	0.10145628	0.10809652	
454.8	0.1012868	0.10785601	
455	0.10115197	0.10761604	
455.2	0.10086214	0.1073766	
455.4	0.10088658	0.1071377	
455.6	0.10088246	0.10689933	
455.8	0.10055696	0.10666149	
456	0.09994588	0.10642417	
456.2	0.09947039	0.10618739	
456.4	0.09954355	0.10595113	
456.6	0.09896826	0.1057154	
456.8	0.09927769	0.10548019	
457	0.09870382	0.10524551	
457.2	0.09815255	0.10501135	
457.4	0.0989424	0.1047777	
457.6	0.09905472	0.10454458	
457.8	0.09932656	0.10431198	
458	0.09979742	0.1040799	
458.2	0.09955083	0.10384833	
458.4	0.09918499	0.10361727	
458.6	0.09934322	0.10338673	
458.8	0.0984316	0.10315671	
459	0.09837875	0.10292719	
459.2	0.0984884	0.10269819	
459.4	0.09804709	0.10246969	
459.6	0.09803345	0.10224171	
459.8	0.09737082	0.10201423	
460	0.09679373	0.10178726	
460.2	0.09627368	0.10156079	
460.4	0.0962805	0.10133482	
460.6	0.09599297	0.10110936	
460.8	0.0963159	0.1008844	
461	0.09502305	0.10065994	
461.2	0.09500603	0.10043598	
461.4	0.09548434	0.10021252	
461.6	0.09531631	0.09998956	
461.8	0.09559815	0.09976709	
462	0.0952317	0.09954512	
462.2	0.09491677	0.09932364	
462.4	0.09436104	0.09910265	
462.6	0.0945518	0.09888216	
462.8	0.09418906	0.09866215	
463	0.0942884	0.09844264	
463.2	0.09367074	0.09822361	
463.4	0.09295966	0.09800507	
463.6	0.09251624	0.09778702	
463.8	0.09177833	0.09756945	
464	0.09140203	0.09735237	
464.2	0.09141238	0.09713577	
464.4	0.0913437	0.09691965	
464.6	0.09135673	0.09670401	
464.8	0.09138453	0.09648885	
465	0.09067929	0.09627417	
465.2	0.09144359	0.09605997	
465.4	0.09091349	0.09584625	
465.6	0.09102936	0.095633	
465.8	0.09139281	0.09542022	
466	0.0909359	0.09520792	
466.2	0.09091642	0.09499609	
466.4	0.09062414	0.09478473	
466.6	0.09079085	0.09457385	
466.8	0.09033147	0.09436343	
467	0.08965416	0.09415348	
467.2	0.08929076	0.09394399	
467.4	0.08895679	0.09373498	
467.6	0.08848587	0.09352642	
467.8	0.08811637	0.09331834	
468	0.0885496	0.09311071	
468.2	0.08805486	0.09290355	
468.4	0.0878547	0.09269684	
468.6	0.08747003	0.0924906	
468.8	0.08756485	0.09228482	
469	0.08741337	0.09207949	
469.2	0.0870663	0.09187462	
469.4	0.08645612	0.09167021	
469.6	0.0868779	0.09146625	
469.8	0.0873326	0.09126275	
470	0.08759729	0.0910597	
470.2	0.08813464	0.0908571	
470.4	0.08782569	0.09065495	
470.6	0.0879818	0.09045325	
470.8	0.08798094	0.090252	
471	0.08745746	0.09005119	
471.2	0.08746459	0.08985084	
471.4	0.0873291	0.08965093	
471.6	0.08695216	0.08945146	
471.8	0.08688249	0.08925244	
472	0.08696196	0.08905386	
472.2	0.08614137	0.08885572	
472.4	0.08602645	0.08865803	
472.6	0.08565486	0.08846077	
472.8	0.08568625	0.08826395	
473	0.08539389	0.08806757	
473.2	0.08530788	0.08787163	
473.4	0.08487261	0.08767612	
473.6	0.0850753	0.08748105	
473.8	0.08537049	0.08728642	
474	0.08536776	0.08709221	
474.2	0.08522187	0.08689844	
474.4	0.08487376	0.0867051	
474.6	0.08421135	0.08651219	
474.8	0.08407825	0.0863197	
475	0.08395237	0.08612765	
475.2	0.08373176	0.08593602	
475.4	0.08338431	0.08574482	
475.6	0.08284167	0.08555405	
475.8	0.08288995	0.0853637	
476	0.08267071	0.08517377	
476.2	0.08256174	0.08498427	
476.4	0.08254625	0.08479518	
476.6	0.08210979	0.08460652	
476.8	0.08195856	0.08441828	
477	0.08190898	0.08423046	
477.2	0.08124884	0.08404305	
477.4	0.08085887	0.08385606	
477.6	0.0814902	0.08366949	
477.8	0.0811068	0.08348333	
478	0.08126876	0.08329759	
478.2	0.08078904	0.08311226	
478.4	0.08011116	0.08292734	
478.6	0.07946798	0.08274284	
478.8	0.0797578	0.08255874	
479	0.07964627	0.08237505	
479.2	0.07934707	0.08219178	
479.4	0.07975996	0.08200891	
479.6	0.07988054	0.08182644	
479.8	0.08042645	0.08164439	
480	0.08052155	0.08146274	
480.2	0.08009738	0.08128149	
480.4	0.07964227	0.08110064	
480.6	0.0793429	0.0809202	
480.8	0.0793141	0.08074016	
481	0.07918279	0.08056052	
481.2	0.07905798	0.08038128	
481.4	0.07984068	0.08020244	
481.6	0.07955815	0.080024	
481.8	0.07898156	0.07984595	
482	0.07864601	0.0796683	
482.2	0.07735498	0.07949104	
482.4	0.07703333	0.07931418	
482.6	0.07711599	0.07913772	
482.8	0.07702266	0.07896164	
483	0.07678565	0.07878596	
483.2	0.07669458	0.07861067	
483.4	0.07628068	0.07843577	
483.6	0.07640416	0.07826125	
483.8	0.0765293	0.07808713	
484	0.0758986	0.07791339	
484.2	0.07514149	0.07774004	
484.4	0.07573384	0.07756708	
484.6	0.07604081	0.0773945	
484.8	0.07607029	0.0772223	
485	0.07638775	0.07705049	
485.2	0.07684886	0.07687906	
485.4	0.07733	0.07670801	
485.6	0.07713044	0.07653734	
485.8	0.07729395	0.07636705	
486	0.07714805	0.07619714	
486.2	0.07698603	0.07602761	
486.4	0.07706447	0.07585845	
486.6	0.07696181	0.07568967	
486.8	0.07691124	0.07552127	
487	0.07568497	0.07535324	
487.2	0.07510377	0.07518559	
487.4	0.07447602	0.07501831	
487.6	0.0744806	0.0748514	
487.8	0.07406598	0.07468486	
488	0.07360952	0.07451869	
488.2	0.07362196	0.07435289	
488.4	0.07408695	0.07418747	
488.6	0.07393434	0.0740224	
488.8	0.07390059	0.07385771	
489	0.07425002	0.07369338	
489.2	0.07436746	0.07352942	
489.4	0.07372869	0.07336583	
489.6	0.07388087	0.07320259	
489.8	0.0738807	0.07303972	
490	0.07381354	0.07287722	
490.2	0.07353778	0.07271507	
490.4	0.07332328	0.07255329	
490.6	0.07296475	0.07239186	
490.8	0.07249378	0.0722308	
491	0.07161989	0.07207009	
491.2	0.0719976	0.07190974	
491.4	0.0718725	0.07174975	
491.6	0.07188834	0.07159011	
491.8	0.07197463	0.07143083	
492	0.07197571	0.0712719	
492.2	0.07240041	0.07111333	
492.4	0.07276395	0.07095511	
492.6	0.07329971	0.07079724	
492.8	0.07305967	0.07063972	
493	0.07309092	0.07048255	
493.2	0.07282674	0.07032573	
493.4	0.0725108	0.07016927	
493.6	0.07247573	0.07001314	
493.8	0.07199374	0.06985737	
494	0.07184989	0.06970195	
494.2	0.07122003	0.06954686	
494.4	0.07057921	0.06939213	
494.6	0.06989436	0.06923774	
494.8	0.06980285	0.06908369	
495	0.06978169	0.06892998	
495.2	0.0701536	0.06877662	
495.4	0.06956772	0.0686236	
495.6	0.06944508	0.06847092	
495.8	0.0698074	0.06831858	
496	0.07016993	0.06816657	
496.2	0.06990894	0.06801491	
496.4	0.07013109	0.06786358	
496.6	0.07017531	0.06771259	
496.8	0.06958084	0.06756194	
497	0.06951659	0.06741162	
497.2	0.06959174	0.06726163	
497.4	0.0696832	0.06711198	
497.6	0.06912282	0.06696266	
497.8	0.0690643	0.06681367	
498	0.06872413	0.06666502	
498.2	0.06808313	0.0665167	
498.4	0.06766743	0.0663687	
498.6	0.06775874	0.06622104	
498.8	0.06788305	0.0660737	
499	0.06785556	0.06592669	
499.2	0.06772929	0.06578001	
499.4	0.06734947	0.06563366	
499.6	0.06774076	0.06548763	
499.8	0.06816566	0.06534192	
500	0.06780637	0.06519654	
500.2	0.06745341	0.06505149	
500.4	0.067844	0.06490675	
500.6	0.06753826	0.06476234	
500.8	0.06785542	0.06461825	
501	0.06764361	0.06447448	
501.2	0.06819037	0.06433103	
501.4	0.06863867	0.0641879	
501.6	0.06792561	0.06404509	
501.8	0.06749277	0.06390259	
502	0.06735951	0.06376041	
502.2	0.06731038	0.06361855	
502.4	0.06686944	0.06347701	
502.6	0.06654739	0.06333578	
502.8	0.0656985	0.06319486	
503	0.06484561	0.06305426	
503.2	0.06433791	0.06291397	
503.4	0.06394023	0.06277399	
503.6	0.06378197	0.06263432	
503.8	0.06377235	0.06249497	
504	0.06345554	0.06235592	
504.2	0.0634436	0.06221718	
504.4	0.06350342	0.06207876	
504.6	0.06371734	0.06194064	
504.8	0.06379476	0.06180282	
505	0.06351295	0.06166532	
505.2	0.06390392	0.06152812	
505.4	0.06375258	0.06139122	
505.6	0.06370439	0.06125463	
505.8	0.06370154	0.06111835	
506	0.0641029	0.06098236	
506.2	0.06354521	0.06084668	
506.4	0.06309714	0.0607113	
506.6	0.06280128	0.06057623	
506.8	0.0621659	0.06044145	
507	0.06196892	0.06030697	
507.2	0.06197233	0.06017279	
507.4	0.06204051	0.06003892	
507.6	0.06206597	0.05990533	
507.8	0.06200513	0.05977205	
508	0.06138263	0.05963906	
508.2	0.06163922	0.05950637	
508.4	0.06137528	0.05937397	
508.6	0.06118015	0.05924187	
508.8	0.0604704	0.05911006	
509	0.06072134	0.05897855	
509.2	0.06048082	0.05884733	
509.4	0.06049758	0.0587164	
509.6	0.06127043	0.05858576	
509.8	0.0613897	0.05845541	
510	0.06184379	0.05832535	
510.2	0.06174561	0.05819558	
510.4	0.06198199	0.0580661	
510.6	0.06185254	0.05793691	
510.8	0.06211201	0.05780801	
511	0.06215933	0.05767939	
511.2	0.06234403	0.05755106	
511.4	0.06230739	0.05742301	
511.6	0.06152721	0.05729525	
511.8	0.06141773	0.05716777	
512	0.06076162	0.05704058	
512.2	0.06115359	0.05691367	
512.4	0.06059619	0.05678704	
512.6	0.06071986	0.05666069	
512.8	0.06069863	0.05653463	
513	0.06067845	0.05640884	
513.2	0.06027273	0.05628334	
513.4	0.06046278	0.05615811	
513.6	0.06092488	0.05603317	
513.8	0.06090173	0.0559085	
514	0.06116656	0.05578411	
514.2	0.06092805	0.05565999	
514.4	0.06062917	0.05553615	
514.6	0.06095049	0.05541259	
514.8	0.06088659	0.0552893	
515	0.06054767	0.05516629	
515.2	0.06044059	0.05504355	
515.4	0.0594966	0.05492108	
515.6	0.05931394	0.05479889	
515.8	0.0592172	0.05467696	
516	0.05860683	0.05455531	
516.2	0.05910021	0.05443393	
516.4	0.05845674	0.05431282	
516.6	0.05812975	0.05419198	
516.8	0.05815663	0.05407141	
517	0.05790018	0.0539511	
517.2	0.05754307	0.05383107	
517.4	0.05760671	0.0537113	
517.6	0.05753353	0.05359179	
517.8	0.05765589	0.05347256	
518	0.05757101	0.05335358	
518.2	0.05734092	0.05323488	
518.4	0.05712621	0.05311643	
518.6	0.05733989	0.05299825	
518.8	0.0572779	0.05288034	
519	0.05721723	0.05276268	
519.2	0.05695399	0.05264529	
519.4	0.05606385	0.05252816	
519.6	0.05605107	0.05241129	
519.8	0.05546396	0.05229468	
520	0.05528592	0.05217833	
520.2	0.05577288	0.05206224	
520.4	0.05547278	0.0519464	
520.6	0.05569655	0.05183083	
520.8	0.05595323	0.05171551	
521	0.05560352	0.05160044	
521.2	0.05516704	0.05148564	
521.4	0.05479334	0.05137109	
521.6	0.05429951	0.05125679	
521.8	0.05411913	0.05114275	
522	0.05384597	0.05102896	
522.2	0.0536431	0.05091542	
522.4	0.053064	0.05080214	
522.6	0.05336682	0.05068911	
522.8	0.05369573	0.05057633	
523	0.05336549	0.05046381	
523.2	0.05309952	0.05035153	
523.4	0.05264814	0.0502395	
523.6	0.05267832	0.05012772	
523.8	0.05256806	0.05001619	
524	0.05327536	0.04990491	
524.2	0.0539946	0.04979388	
524.4	0.05373605	0.04968309	
524.6	0.05351803	0.04957255	
524.8	0.05317043	0.04946225	
525	0.05295579	0.0493522	
525.2	0.05266782	0.0492424	
525.4	0.05207385	0.04913284	
525.6	0.052294	0.04902352	
525.8	0.05191799	0.04891445	
526	0.05176787	0.04880562	
526.2	0.05138068	0.04869703	
526.4	0.05147357	0.04858868	
526.6	0.05213069	0.04848058	
526.8	0.05200161	0.04837271	
527	0.05187679	0.04826509	
527.2	0.05203312	0.0481577	
527.4	0.0522957	0.04805056	
527.6	0.05303108	0.04794365	
527.8	0.0535108	0.04783698	
528	0.05403973	0.04773054	
528.2	0.05397941	0.04762435	
528.4	0.05300635	0.04751839	
528.6	0.05272691	0.04741266	
528.8	0.05263087	0.04730717	
529	0.05265734	0.04720192	
529.2	0.05224445	0.0470969	
529.4	0.05174159	0.04699211	
529.6	0.05219289	0.04688756	
529.8	0.05167671	0.04678324	
530	0.05122133	0.04667915	
530.2	0.05105689	0.04657529	
530.4	0.05135732	0.04647167	
530.6	0.05127978	0.04636827	
530.8	0.05106569	0.04626511	
531	0.0512394	0.04616217	
531.2	0.05146064	0.04605946	
531.4	0.05161364	0.04595699	
531.6	0.05230585	0.04585474	
531.8	0.05209391	0.04575271	
532	0.05178771	0.04565092	
532.2	0.05166769	0.04554935	
532.4	0.05060483	0.045448	
532.6	0.05101349	0.04534689	
532.8	0.05082203	0.04524599	
533	0.05080582	0.04514533	
533.2	0.05045049	0.04504488	
533.4	0.05000946	0.04494466	
533.6	0.04978574	0.04484466	
533.8	0.04880052	0.04474489	
534	0.04814492	0.04464533	
534.2	0.04818884	0.044546	
534.4	0.04809485	0.04444689	
534.6	0.04774457	0.044348	
534.8	0.04786113	0.04424933	
535	0.04767479	0.04415088	
535.2	0.04791527	0.04405265	
535.4	0.04819363	0.04395463	
535.6	0.04891142	0.04385684	
535.8	0.04904185	0.04375926	
536	0.04934578	0.0436619	
536.2	0.04957634	0.04356476	
536.4	0.04961027	0.04346783	
536.6	0.050097	0.04337112	
536.8	0.04984449	0.04327462	
537	0.04996648	0.04317834	
537.2	0.04970654	0.04308227	
537.4	0.04926811	0.04298641	
537.6	0.0487489	0.04289077	
537.8	0.04853046	0.04279534	
538	0.04834089	0.04270013	
538.2	0.04828199	0.04260512	
538.4	0.04825583	0.04251033	
538.6	0.04840056	0.04241575	
538.8	0.04865246	0.04232138	
539	0.04866626	0.04222722	
539.2	0.04903311	0.04213327	
539.4	0.04916966	0.04203952	
539.6	0.04958306	0.04194599	
539.8	0.04976532	0.04185266	
