Conc1	3.33E-08	
Start1	240	
Stop1	479.8	
Kobs	0.00398938283118634	
Error Kobs	5.22146019654848E-05	
Koff	0	
Error Koff	0	
Time1	Data1	Fit1	
240	0.01066733	0	
240.2	0.01096352	0.0004999	
240.4	0.01124394	0.00099932	
240.6	0.0115423	0.00149826	
240.8	0.01199307	0.00199671	
241	0.01221396	0.00249469	
241.2	0.01232013	0.00299218	
241.4	0.01292625	0.0034892	
241.6	0.01281212	0.00398573	
241.8	0.01330206	0.00448179	
242	0.01364092	0.00497737	
242.2	0.01376703	0.00547246	
242.4	0.01384676	0.00596708	
242.6	0.01381071	0.00646123	
242.8	0.01376357	0.00695489	
243	0.01380724	0.00744809	
243.2	0.01376952	0.0079408	
243.4	0.01398815	0.00843304	
243.6	0.01429658	0.0089248	
243.8	0.01490916	0.00941609	
244	0.01554778	0.00990691	
244.2	0.01583814	0.01039725	
244.4	0.01624623	0.01088712	
244.6	0.01694519	0.01137651	
244.8	0.01786009	0.01186544	
245	0.01823036	0.01235389	
245.2	0.01894182	0.01284187	
245.4	0.01989921	0.01332938	
245.6	0.02032257	0.01381642	
245.8	0.02154502	0.01430299	
246	0.02168978	0.01478908	
246.2	0.02190078	0.01527472	
246.4	0.02235263	0.01575988	
246.6	0.02287917	0.01624457	
246.8	0.02296942	0.0167288	
247	0.0233011	0.01721255	
247.2	0.02358942	0.01769585	
247.4	0.02384436	0.01817867	
247.6	0.02442892	0.01866103	
247.8	0.02524021	0.01914292	
248	0.02557206	0.01962435	
248.2	0.02569053	0.02010532	
248.4	0.02633635	0.02058582	
248.6	0.02686267	0.02106585	
248.8	0.02750392	0.02154543	
249	0.02755731	0.02202454	
249.2	0.0278556	0.02250319	
249.4	0.02830089	0.02298137	
249.6	0.02861407	0.0234591	
249.8	0.02838914	0.02393636	
250	0.02797893	0.02441316	
250.2	0.0281021	0.02488951	
250.4	0.02831721	0.02536539	
250.6	0.02824601	0.02584082	
250.8	0.02794763	0.02631578	
251	0.02814794	0.02679029	
251.2	0.02826914	0.02726434	
251.4	0.02899081	0.02773793	
251.6	0.02954821	0.02821106	
251.8	0.03008477	0.02868374	
252	0.03029816	0.02915596	
252.2	0.03112491	0.02962773	
252.4	0.03163367	0.03009904	
252.6	0.03211408	0.0305699	
252.8	0.0325467	0.0310403	
253	0.03287635	0.03151025	
253.2	0.03363217	0.03197974	
253.4	0.03448202	0.03244878	
253.6	0.03463015	0.03291737	
253.8	0.03455707	0.03338551	
254	0.03437981	0.03385319	
254.2	0.03482433	0.03432043	
254.4	0.03516307	0.03478721	
254.6	0.03518917	0.03525354	
254.8	0.03528936	0.03571942	
255	0.03553256	0.03618486	
255.2	0.03593191	0.03664984	
255.4	0.03695941	0.03711438	
255.6	0.03771693	0.03757846	
255.8	0.03855275	0.0380421	
256	0.03865582	0.03850529	
256.2	0.03944394	0.03896804	
256.4	0.03939225	0.03943033	
256.6	0.04021317	0.03989219	
256.8	0.04056624	0.04035359	
257	0.04140663	0.04081455	
257.2	0.04207953	0.04127507	
257.4	0.04278968	0.04173514	
257.6	0.04279306	0.04219477	
257.8	0.04299382	0.04265395	
258	0.04332942	0.04311269	
258.2	0.04403329	0.04357099	
258.4	0.04430581	0.04402885	
258.6	0.04428413	0.04448626	
258.8	0.04447743	0.04494323	
259	0.04490676	0.04539976	
259.2	0.04550946	0.04585586	
259.4	0.04627706	0.04631151	
259.6	0.04666299	0.04676672	
259.8	0.04695365	0.04722149	
260	0.04696929	0.04767582	
260.2	0.04759979	0.04812972	
260.4	0.04781404	0.04858317	
260.6	0.04870695	0.04903619	
260.8	0.04888818	0.04948878	
261	0.04899551	0.04994092	
261.2	0.04928872	0.05039263	
261.4	0.04942283	0.0508439	
261.6	0.04945432	0.05129474	
261.8	0.04979773	0.05174514	
262	0.05025498	0.05219511	
262.2	0.05072712	0.05264465	
262.4	0.0509563	0.05309374	
262.6	0.05130858	0.05354241	
262.8	0.05166147	0.05399064	
263	0.05182406	0.05443845	
263.2	0.0522203	0.05488581	
263.4	0.05275088	0.05533275	
263.6	0.05308633	0.05577926	
263.8	0.05346977	0.05622533	
264	0.05386803	0.05667098	
264.2	0.05445005	0.05711619	
264.4	0.05466118	0.05756098	
264.6	0.0551639	0.05800533	
264.8	0.05519781	0.05844926	
265	0.05547478	0.05889276	
265.2	0.05569147	0.05933583	
265.4	0.05619342	0.05977847	
265.6	0.05704158	0.06022069	
265.8	0.05746008	0.06066248	
266	0.05809303	0.06110384	
266.2	0.0585994	0.06154478	
266.4	0.05863396	0.06198529	
266.6	0.05909051	0.06242537	
266.8	0.05911104	0.06286503	
267	0.05946012	0.06330427	
267.2	0.06004088	0.06374308	
267.4	0.060173	0.06418147	
267.6	0.06057524	0.06461944	
267.8	0.06085672	0.06505699	
268	0.06099548	0.06549411	
268.2	0.06084995	0.06593081	
268.4	0.06080146	0.06636709	
268.6	0.06091949	0.06680294	
268.8	0.06135417	0.06723838	
269	0.06194282	0.0676734	
269.2	0.06197772	0.068108	
269.4	0.06253163	0.06854217	
269.6	0.06285885	0.06897593	
269.8	0.06314344	0.06940927	
270	0.06342833	0.06984219	
270.2	0.06348895	0.0702747	
270.4	0.06349563	0.07070679	
270.6	0.06380826	0.07113846	
270.8	0.06446444	0.07156971	
271	0.06534792	0.07200055	
271.2	0.06583909	0.07243097	
271.4	0.06643553	0.07286097	
271.6	0.0670605	0.07329057	
271.8	0.06707485	0.07371974	
272	0.0666741	0.0741485	
272.2	0.06684038	0.07457685	
272.4	0.06740101	0.07500479	
272.6	0.06760228	0.07543231	
272.8	0.06812698	0.07585942	
273	0.06834485	0.07628612	
273.2	0.06848516	0.0767124	
273.4	0.06893379	0.07713828	
273.6	0.06966755	0.07756374	
273.8	0.07010804	0.0779888	
274	0.0703057	0.07841344	
274.2	0.07026604	0.07883767	
274.4	0.07067464	0.0792615	
274.6	0.07137481	0.07968491	
274.8	0.07224816	0.08010792	
275	0.07266947	0.08053051	
275.2	0.07304963	0.0809527	
275.4	0.07376351	0.08137449	
275.6	0.07378776	0.08179586	
275.8	0.07389524	0.08221683	
276	0.07414633	0.08263739	
276.2	0.07486627	0.08305755	
276.4	0.07517653	0.0834773	
276.6	0.07507149	0.08389665	
276.8	0.07543135	0.08431559	
277	0.07565903	0.08473413	
277.2	0.07620495	0.08515226	
277.4	0.07663681	0.08556999	
277.6	0.07747617	0.08598732	
277.8	0.07784295	0.08640424	
278	0.07821941	0.08682077	
278.2	0.07821976	0.08723689	
278.4	0.07888245	0.0876526	
278.6	0.07902191	0.08806792	
278.8	0.0795375	0.08848284	
279	0.07983758	0.08889735	
279.2	0.0802299	0.08931147	
279.4	0.08041391	0.08972519	
279.6	0.08037433	0.0901385	
279.8	0.08063637	0.09055142	
280	0.08128132	0.09096394	
280.2	0.08133362	0.09137607	
280.4	0.08186997	0.09178779	
280.6	0.08213414	0.09219912	
280.8	0.0826813	0.09261005	
281	0.08311723	0.09302058	
281.2	0.08381893	0.09343072	
281.4	0.08438392	0.09384046	
281.6	0.08489566	0.0942498	
281.8	0.0852187	0.09465876	
282	0.08534106	0.09506731	
282.2	0.08556881	0.09547547	
282.4	0.08613897	0.09588324	
282.6	0.08630213	0.09629062	
282.8	0.08657217	0.0966976	
283	0.08654098	0.09710419	
283.2	0.0864914	0.09751038	
283.4	0.08636472	0.09791619	
283.6	0.08636497	0.0983216	
283.8	0.0867953	0.09872662	
284	0.08720757	0.09913125	
284.2	0.08736617	0.0995355	
284.4	0.08806888	0.09993935	
284.6	0.08827592	0.10034281	
284.8	0.08885651	0.10074588	
285	0.08934598	0.10114856	
285.2	0.08993562	0.10155085	
285.4	0.09030878	0.10195276	
285.6	0.09060488	0.10235428	
285.8	0.09115663	0.10275541	
286	0.09163326	0.10315615	
286.2	0.09228718	0.10355651	
286.4	0.09301495	0.10395648	
286.6	0.09348719	0.10435606	
286.8	0.09349994	0.10475526	
287	0.09375254	0.10515407	
287.2	0.09407419	0.1055525	
287.4	0.09450132	0.10595055	
287.6	0.09483401	0.10634821	
287.8	0.09564575	0.10674548	
288	0.09591286	0.10714237	
288.2	0.09634881	0.10753888	
288.4	0.09666069	0.10793501	
288.6	0.09688965	0.10833076	
288.8	0.09714847	0.10872612	
289	0.09729679	0.1091211	
289.2	0.09734136	0.1095157	
289.4	0.0973086	0.10990992	
289.6	0.09722884	0.11030376	
289.8	0.09745127	0.11069722	
290	0.09755293	0.1110903	
290.2	0.09783415	0.111483	
290.4	0.0980368	0.11187532	
290.6	0.09844225	0.11226726	
290.8	0.09873896	0.11265883	
291	0.09913923	0.11305001	
291.2	0.09967801	0.11344082	
291.4	0.10028318	0.11383125	
291.6	0.10077213	0.11422131	
291.8	0.10141432	0.11461099	
292	0.10178725	0.11500029	
292.2	0.10227615	0.11538922	
292.4	0.10216181	0.11577777	
292.6	0.10254025	0.11616594	
292.8	0.10304489	0.11655375	
293	0.10332711	0.11694117	
293.2	0.10351281	0.11732823	
293.4	0.10378729	0.11771491	
293.6	0.10393616	0.11810122	
293.8	0.10424882	0.11848715	
294	0.10431969	0.11887271	
294.2	0.10471017	0.1192579	
294.4	0.10491897	0.11964272	
294.6	0.10554237	0.12002717	
294.8	0.10572617	0.12041124	
295	0.10584784	0.12079495	
295.2	0.1060016	0.12117828	
295.4	0.10641529	0.12156125	
295.6	0.10669365	0.12194385	
295.8	0.10670156	0.12232607	
296	0.10707381	0.12270793	
296.2	0.10742017	0.12308942	
296.4	0.10777147	0.12347054	
296.6	0.10881884	0.12385129	
296.8	0.10944197	0.12423168	
297	0.1098735	0.1246117	
297.2	0.11041769	0.12499135	
297.4	0.11082663	0.12537063	
297.6	0.11117351	0.12574955	
297.8	0.11164743	0.12612811	
298	0.11193009	0.1265063	
298.2	0.11245871	0.12688412	
298.4	0.11268222	0.12726158	
298.6	0.1128715	0.12763867	
298.8	0.11319134	0.1280154	
299	0.11356074	0.12839177	
299.2	0.11377835	0.12876778	
299.4	0.11401836	0.12914342	
299.6	0.11404827	0.1295187	
299.8	0.11421961	0.12989361	
300	0.11500577	0.13026817	
300.2	0.11524847	0.13064236	
300.4	0.11552229	0.13101619	
300.6	0.11619337	0.13138967	
300.8	0.11636201	0.13176278	
301	0.11664856	0.13213553	
301.2	0.11708829	0.13250792	
301.4	0.11740802	0.13287995	
301.6	0.11773598	0.13325162	
301.8	0.11813584	0.13362294	
302	0.11848027	0.1339939	
302.2	0.11867566	0.13436449	
302.4	0.11866371	0.13473473	
302.6	0.11859851	0.13510462	
302.8	0.11883949	0.13547414	
303	0.11935716	0.13584331	
303.2	0.11938255	0.13621213	
303.4	0.11961976	0.13658058	
303.6	0.11962738	0.13694869	
303.8	0.12014958	0.13731643	
304	0.12057281	0.13768383	
304.2	0.1205836	0.13805086	
304.4	0.12096945	0.13841755	
304.6	0.12162913	0.13878388	
304.8	0.12192124	0.13914985	
305	0.12276079	0.13951547	
305.2	0.12356952	0.13988074	
305.4	0.12415249	0.14024566	
305.6	0.12478718	0.14061023	
305.8	0.12514639	0.14097444	
306	0.12568605	0.1413383	
306.2	0.12587653	0.14170181	
306.4	0.12618273	0.14206497	
306.6	0.12633389	0.14242778	
306.8	0.12717141	0.14279024	
307	0.12753331	0.14315235	
307.2	0.127467	0.14351411	
307.4	0.12784526	0.14387552	
307.6	0.12761909	0.14423659	
307.8	0.1281535	0.1445973	
308	0.12814777	0.14495767	
308.2	0.12832542	0.14531768	
308.4	0.12881164	0.14567735	
308.6	0.12895435	0.14603668	
308.8	0.12951613	0.14639565	
309	0.13003866	0.14675429	
309.2	0.1301498	0.14711257	
309.4	0.13050387	0.14747051	
309.6	0.130955	0.1478281	
309.8	0.13105748	0.14818535	
310	0.13157797	0.14854225	
310.2	0.13204247	0.14889881	
310.4	0.13262965	0.14925503	
310.6	0.13324294	0.1496109	
310.8	0.13407518	0.14996643	
311	0.13421701	0.15032161	
311.2	0.13450925	0.15067645	
311.4	0.13471809	0.15103095	
311.6	0.13475982	0.15138511	
311.8	0.13540627	0.15173893	
312	0.13523686	0.1520924	
312.2	0.13584648	0.15244553	
312.4	0.13593986	0.15279833	
312.6	0.13595055	0.15315078	
312.8	0.13613829	0.15350289	
313	0.13627917	0.15385466	
313.2	0.13611261	0.15420609	
313.4	0.13668464	0.15455719	
313.6	0.1371168	0.15490794	
313.8	0.13733477	0.15525836	
314	0.1379636	0.15560844	
314.2	0.13847821	0.15595818	
314.4	0.13904022	0.15630758	
314.6	0.13943933	0.15665665	
314.8	0.13970483	0.15700537	
315	0.13988457	0.15735377	
315.2	0.14016161	0.15770182	
315.4	0.14044721	0.15804954	
315.6	0.14093541	0.15839693	
315.8	0.14143982	0.15874398	
316	0.14143035	0.15909069	
316.2	0.14192873	0.15943707	
316.4	0.14188222	0.15978312	
316.6	0.1420083	0.16012883	
316.8	0.14204073	0.16047421	
317	0.14232647	0.16081925	
317.2	0.14279066	0.16116396	
317.4	0.14338617	0.16150834	
317.6	0.14384872	0.16185239	
317.8	0.14376249	0.1621961	
318	0.14392335	0.16253949	
318.2	0.14394209	0.16288254	
318.4	0.14427897	0.16322526	
318.6	0.14436081	0.16356765	
318.8	0.14441794	0.16390971	
319	0.14501716	0.16425144	
319.2	0.14509199	0.16459284	
319.4	0.14558144	0.16493391	
319.6	0.14628458	0.16527465	
319.8	0.14688294	0.16561506	
320	0.14724752	0.16595515	
320.2	0.14763896	0.1662949	
320.4	0.14815338	0.16663433	
320.6	0.14876708	0.16697343	
320.8	0.14933498	0.1673122	
321	0.14970552	0.16765065	
321.2	0.15007007	0.16798877	
321.4	0.15024677	0.16832656	
321.6	0.15082079	0.16866403	
321.8	0.15115667	0.16900117	
322	0.15157221	0.16933799	
322.2	0.15180563	0.16967448	
322.4	0.1517622	0.17001064	
322.6	0.15191992	0.17034649	
322.8	0.15206547	0.170682	
323	0.15237169	0.1710172	
323.2	0.15237054	0.17135207	
323.4	0.15262137	0.17168662	
323.6	0.1526918	0.17202084	
323.8	0.15290709	0.17235474	
324	0.1531168	0.17268832	
324.2	0.15349126	0.17302158	
324.4	0.15402742	0.17335452	
324.6	0.15446305	0.17368713	
324.8	0.15444548	0.17401943	
325	0.15462783	0.1743514	
325.2	0.15493745	0.17468306	
325.4	0.15559175	0.17501439	
325.6	0.15610637	0.1753454	
325.8	0.15635089	0.1756761	
326	0.15637367	0.17600647	
326.2	0.15683088	0.17633653	
326.4	0.15715967	0.17666627	
326.6	0.15790619	0.17699568	
326.8	0.15823179	0.17732479	
327	0.15842784	0.17765357	
327.2	0.15888955	0.17798204	
327.4	0.15912211	0.17831019	
327.6	0.15980539	0.17863802	
327.8	0.16059707	0.17896554	
328	0.16115382	0.17929274	
328.2	0.16159478	0.17961962	
328.4	0.16206594	0.17994619	
328.6	0.16233272	0.18027245	
328.8	0.16233779	0.18059839	
329	0.1622817	0.18092401	
329.2	0.16218103	0.18124932	
329.4	0.16192405	0.18157432	
329.6	0.16193766	0.181899	
329.8	0.16187837	0.18222337	
330	0.16217932	0.18254743	
330.2	0.16275565	0.18287117	
330.4	0.16277862	0.1831946	
330.6	0.16304887	0.18351772	
330.8	0.16320434	0.18384053	
331	0.16354559	0.18416303	
331.2	0.16420941	0.18448521	
331.4	0.16492236	0.18480709	
331.6	0.16549181	0.18512865	
331.8	0.16606166	0.1854499	
332	0.16641605	0.18577085	
332.2	0.16627169	0.18609148	
332.4	0.16670718	0.18641181	
332.6	0.16685639	0.18673182	
332.8	0.16677508	0.18705153	
333	0.16650543	0.18737093	
333.2	0.16689779	0.18769001	
333.4	0.16701528	0.1880088	
333.6	0.16770955	0.18832727	
333.8	0.16853188	0.18864544	
334	0.16885186	0.1889633	
334.2	0.16914467	0.18928085	
334.4	0.169354	0.1895981	
334.6	0.16989742	0.18991504	
334.8	0.17023792	0.19023167	
335	0.17081992	0.190548	
335.2	0.17143634	0.19086402	
335.4	0.17188067	0.19117974	
335.6	0.17227179	0.19149516	
335.8	0.17263827	0.19181027	
336	0.17277219	0.19212507	
336.2	0.17292966	0.19243957	
336.4	0.1734901	0.19275377	
336.6	0.17348467	0.19306767	
336.8	0.17362608	0.19338126	
337	0.17350858	0.19369455	
337.2	0.17400093	0.19400754	
337.4	0.17468693	0.19432022	
337.6	0.17549994	0.1946326	
337.8	0.17597924	0.19494469	
338	0.17587528	0.19525647	
338.2	0.17617806	0.19556795	
338.4	0.17632612	0.19587913	
338.6	0.17616009	0.19619001	
338.8	0.17621037	0.19650059	
339	0.17674355	0.19681086	
339.2	0.17710125	0.19712084	
339.4	0.1775533	0.19743053	
339.6	0.17787985	0.19773991	
339.8	0.17823571	0.19804899	
340	0.17874614	0.19835778	
340.2	0.1787369	0.19866626	
340.4	0.17868146	0.19897445	
340.6	0.17833784	0.19928235	
340.8	0.17836112	0.19958994	
341	0.17839887	0.19989724	
341.2	0.17877085	0.20020424	
341.4	0.17951304	0.20051095	
341.6	0.17982053	0.20081736	
341.8	0.17983961	0.20112347	
342	0.18006201	0.20142929	
342.2	0.18041945	0.20173481	
342.4	0.18083174	0.20204004	
342.6	0.18097059	0.20234497	
342.8	0.18195044	0.20264961	
343	0.1830964	0.20295396	
343.2	0.18344186	0.20325801	
343.4	0.18393428	0.20356177	
343.6	0.18452149	0.20386523	
343.8	0.18548375	0.20416841	
344	0.1858443	0.20447129	
344.2	0.18557868	0.20477387	
344.4	0.18573362	0.20507617	
344.6	0.18529437	0.20537817	
344.8	0.18556919	0.20567989	
345	0.18576684	0.20598131	
345.2	0.1857115	0.20628244	
345.4	0.18612569	0.20658328	
345.6	0.18597247	0.20688383	
345.8	0.18596816	0.20718409	
346	0.18634074	0.20748406	
346.2	0.18685246	0.20778374	
346.4	0.18717822	0.20808313	
346.6	0.18741097	0.20838223	
346.8	0.18825306	0.20868105	
347	0.1886799	0.20897957	
347.2	0.18883411	0.20927781	
347.4	0.18954327	0.20957576	
347.6	0.19037623	0.20987342	
347.8	0.19066263	0.21017079	
348	0.190697	0.21046788	
348.2	0.19062808	0.21076468	
348.4	0.1907397	0.2110612	
348.6	0.19087855	0.21135743	
348.8	0.19150409	0.21165337	
349	0.19178805	0.21194903	
349.2	0.19186036	0.2122444	
349.4	0.19214299	0.21253949	
349.6	0.19191615	0.21283429	
349.8	0.19219367	0.2131288	
350	0.19217675	0.21342304	
350.2	0.19263632	0.21371699	
350.4	0.19309921	0.21401065	
350.6	0.19367589	0.21430404	
350.8	0.1943005	0.21459713	
351	0.19455353	0.21488995	
351.2	0.1948358	0.21518248	
351.4	0.19569729	0.21547474	
351.6	0.19632628	0.21576671	
351.8	0.19663143	0.21605839	
352	0.19711051	0.2163498	
352.2	0.19755549	0.21664092	
352.4	0.19815869	0.21693177	
352.6	0.19893246	0.21722233	
352.8	0.19942266	0.21751262	
353	0.19974708	0.21780262	
353.2	0.19991084	0.21809234	
353.4	0.20005061	0.21838178	
353.6	0.20003529	0.21867095	
353.8	0.19997729	0.21895983	
354	0.200028	0.21924844	
354.2	0.20060546	0.21953677	
354.4	0.20080096	0.21982482	
354.6	0.20106311	0.22011259	
354.8	0.2012161	0.22040008	
355	0.20113484	0.2206873	
355.2	0.20146102	0.22097424	
355.4	0.20199876	0.2212609	
355.6	0.20220484	0.22154729	
355.8	0.20250595	0.2218334	
356	0.20304415	0.22211923	
356.2	0.20359606	0.22240479	
356.4	0.20394658	0.22269007	
356.6	0.20426023	0.22297508	
356.8	0.20432088	0.22325981	
357	0.20453801	0.22354427	
357.2	0.20455993	0.22382845	
357.4	0.20488687	0.22411236	
357.6	0.20505561	0.22439599	
357.8	0.20509196	0.22467935	
358	0.20545408	0.22496244	
358.2	0.20578546	0.22524525	
358.4	0.20592955	0.22552779	
358.6	0.20614773	0.22581006	
358.8	0.20622269	0.22609206	
359	0.20630729	0.22637378	
359.2	0.20664039	0.22665523	
359.4	0.20682244	0.22693641	
359.6	0.20730116	0.22721732	
359.8	0.20770701	0.22749796	
360	0.20770701	0.22777835	
360.2	0.20756468	0.22759668	
360.4	0.2074338	0.22741516	
360.6	0.20720945	0.22723378	
360.8	0.20707668	0.22705255	
361	0.20708776	0.22687146	
361.2	0.20704976	0.22669052	
361.4	0.20713666	0.22650972	
361.6	0.20701976	0.22632907	
361.8	0.2072555	0.22614856	
362	0.20749035	0.22596819	
362.2	0.20778154	0.22578797	
362.4	0.20767563	0.22560789	
362.6	0.20751266	0.22542795	
362.8	0.20764063	0.22524816	
363	0.20768394	0.22506851	
363.2	0.20790496	0.22488901	
363.4	0.2081134	0.22470964	
363.6	0.20815877	0.22453042	
363.8	0.20845292	0.22435135	
364	0.20852158	0.22417242	
364.2	0.20886039	0.22399362	
364.4	0.20905016	0.22381498	
364.6	0.20935015	0.22363647	
364.8	0.209404	0.22345811	
365	0.20940703	0.22327989	
365.2	0.2095606	0.22310181	
365.4	0.20940928	0.22292387	
365.6	0.20925338	0.22274608	
365.8	0.20921212	0.22256842	
366	0.2087071	0.22239091	
366.2	0.2084696	0.22221354	
366.4	0.20816192	0.22203631	
366.6	0.20804736	0.22185923	
366.8	0.20818003	0.22168228	
367	0.2078731	0.22150548	
367.2	0.20789333	0.22132881	
367.4	0.20773281	0.22115229	
367.6	0.2076368	0.22097591	
367.8	0.2078837	0.22079967	
368	0.20752976	0.22062357	
368.2	0.20753147	0.22044761	
368.4	0.20789945	0.22027179	
368.6	0.20827007	0.22009611	
368.8	0.2083035	0.21992057	
369	0.20871649	0.21974517	
369.2	0.20894853	0.21956991	
369.4	0.2088751	0.21939479	
369.6	0.20894171	0.21921981	
369.8	0.2085964	0.21904497	
370	0.20797432	0.21887027	
370.2	0.2080576	0.21869571	
370.4	0.20756056	0.21852128	
370.6	0.20729409	0.218347	
370.8	0.20724999	0.21817286	
371	0.20707075	0.21799885	
371.2	0.20694757	0.21782498	
371.4	0.20633754	0.21765126	
371.6	0.20591619	0.21747767	
371.8	0.20585548	0.21730421	
372	0.20581332	0.2171309	
372.2	0.20609092	0.21695773	
372.4	0.20643863	0.21678469	
372.6	0.20691237	0.21661179	
372.8	0.20715922	0.21643903	
373	0.20770321	0.21626641	
373.2	0.20767003	0.21609392	
373.4	0.2076852	0.21592158	
373.6	0.20744334	0.21574937	
373.8	0.20745266	0.21557729	
374	0.20705114	0.21540536	
374.2	0.20724228	0.21523356	
374.4	0.20706397	0.2150619	
374.6	0.20687869	0.21489037	
374.8	0.2069305	0.21471899	
375	0.2066806	0.21454774	
375.2	0.20624964	0.21437662	
375.4	0.20583697	0.21420564	
375.6	0.20556635	0.2140348	
375.8	0.20547442	0.2138641	
376	0.20516451	0.21369353	
376.2	0.20486835	0.21352309	
376.4	0.20486653	0.2133528	
376.6	0.20522176	0.21318264	
376.8	0.20525221	0.21301261	
377	0.20558125	0.21284272	
377.2	0.20536329	0.21267297	
377.4	0.20571701	0.21250335	
377.6	0.2058446	0.21233386	
377.8	0.20607051	0.21216451	
378	0.2060577	0.2119953	
378.2	0.20650681	0.21182622	
378.4	0.20673161	0.21165728	
378.6	0.20668524	0.21148847	
378.8	0.20690401	0.21131979	
379	0.20646361	0.21115126	
379.2	0.20658594	0.21098285	
379.4	0.20623562	0.21081458	
379.6	0.20584092	0.21064644	
379.8	0.20502808	0.21047844	
380	0.20429661	0.21031057	
380.2	0.20411401	0.21014283	
380.4	0.20383216	0.20997523	
380.6	0.20402784	0.20980777	
380.8	0.20354552	0.20964043	
381	0.2036193	0.20947323	
381.2	0.20345573	0.20930616	
381.4	0.20397669	0.20913923	
381.6	0.20372943	0.20897243	
381.8	0.20394973	0.20880576	
382	0.20441065	0.20863923	
382.2	0.20438806	0.20847283	
382.4	0.20490987	0.20830656	
382.6	0.20505061	0.20814042	
382.8	0.20520464	0.20797442	
383	0.20508428	0.20780854	
383.2	0.20532632	0.2076428	
383.4	0.20515254	0.2074772	
383.6	0.20521427	0.20731172	
383.8	0.2049591	0.20714638	
384	0.20531031	0.20698117	
384.2	0.20564751	0.20681609	
384.4	0.20570509	0.20665114	
384.6	0.20604352	0.20648632	
384.8	0.20556293	0.20632164	
385	0.20614728	0.20615709	
385.2	0.20600477	0.20599266	
385.4	0.20639158	0.20582837	
385.6	0.20606965	0.20566421	
385.8	0.20598234	0.20550018	
386	0.20573678	0.20533628	
386.2	0.20545701	0.20517252	
386.4	0.20565704	0.20500888	
386.6	0.20510686	0.20484537	
386.8	0.20462073	0.204682	
387	0.20409117	0.20451875	
387.2	0.20388521	0.20435564	
387.4	0.20383819	0.20419265	
387.6	0.20407608	0.20402979	
387.8	0.20427806	0.20386707	
388	0.20429308	0.20370447	
388.2	0.20420008	0.20354201	
388.4	0.20413156	0.20337967	
388.6	0.20390552	0.20321746	
388.8	0.20351051	0.20305538	
389	0.20357552	0.20289344	
389.2	0.20344219	0.20273162	
389.4	0.20353389	0.20256993	
389.6	0.20326591	0.20240837	
389.8	0.20314522	0.20224693	
390	0.203218	0.20208563	
390.2	0.2030823	0.20192445	
390.4	0.20281395	0.20176341	
390.6	0.20255557	0.20160249	
390.8	0.20231412	0.2014417	
391	0.20215774	0.20128104	
391.2	0.20251568	0.2011205	
391.4	0.2028208	0.2009601	
391.6	0.20295809	0.20079982	
391.8	0.20303518	0.20063967	
392	0.20268828	0.20047965	
392.2	0.20283207	0.20031976	
392.4	0.20262334	0.20015999	
392.6	0.20245695	0.20000035	
392.8	0.20251618	0.19984084	
393	0.20245328	0.19968145	
393.2	0.202734	0.1995222	
393.4	0.20272915	0.19936307	
393.6	0.20249314	0.19920406	
393.8	0.20224355	0.19904519	
394	0.20215316	0.19888643	
394.2	0.20195055	0.19872781	
394.4	0.20190979	0.19856931	
394.6	0.20184137	0.19841094	
394.8	0.20181131	0.1982527	
395	0.20174949	0.19809458	
395.2	0.20194967	0.19793659	
395.4	0.20200213	0.19777872	
395.6	0.2016135	0.19762098	
395.8	0.2016005	0.19746337	
396	0.20146083	0.19730588	
396.2	0.20140348	0.19714852	
396.4	0.20102837	0.19699128	
396.6	0.20115314	0.19683417	
396.8	0.20120376	0.19667718	
397	0.20098796	0.19652032	
397.2	0.20108218	0.19636358	
397.4	0.20122292	0.19620697	
397.6	0.20087215	0.19605049	
397.8	0.20095174	0.19589412	
398	0.20139398	0.19573789	
398.2	0.20155492	0.19558177	
398.4	0.20136314	0.19542579	
398.6	0.20138098	0.19526992	
398.8	0.2014896	0.19511418	
399	0.20131154	0.19495857	
399.2	0.20133636	0.19480308	
399.4	0.20138149	0.19464771	
399.6	0.20127801	0.19449247	
399.8	0.20132707	0.19433735	
400	0.20103049	0.19418235	
400.2	0.20054557	0.19402748	
400.4	0.20044788	0.19387273	
400.6	0.20004384	0.19371811	
400.8	0.20004202	0.19356361	
401	0.20014569	0.19340923	
401.2	0.19992056	0.19325497	
401.4	0.20003088	0.19310084	
401.6	0.19988594	0.19294683	
401.8	0.19994973	0.19279295	
402	0.19977675	0.19263918	
402.2	0.19948123	0.19248554	
402.4	0.19944619	0.19233202	
402.6	0.19968717	0.19217863	
402.8	0.19975634	0.19202535	
403	0.20002883	0.1918722	
403.2	0.20031173	0.19171917	
403.4	0.2004644	0.19156627	
403.6	0.2006889	0.19141348	
403.8	0.20055506	0.19126082	
404	0.20015908	0.19110828	
404.2	0.20025472	0.19095586	
404.4	0.20034058	0.19080356	
404.6	0.2000583	0.19065138	
404.8	0.20027643	0.19049932	
405	0.20033667	0.19034739	
405.2	0.19970472	0.19019558	
405.4	0.19954011	0.19004388	
405.6	0.19905667	0.18989231	
405.8	0.19876016	0.18974086	
406	0.19830695	0.18958953	
406.2	0.19837498	0.18943833	
406.4	0.19824469	0.18928724	
406.6	0.19810127	0.18913627	
406.8	0.19831625	0.18898542	
407	0.19867433	0.1888347	
407.2	0.19832216	0.18868409	
407.4	0.1982375	0.1885336	
407.6	0.19818462	0.18838324	
407.8	0.19819391	0.18823299	
408	0.19820447	0.18808286	
408.2	0.19838304	0.18793286	
408.4	0.19826759	0.18778297	
408.6	0.19793802	0.1876332	
408.8	0.19790368	0.18748355	
409	0.19781375	0.18733402	
409.2	0.19737693	0.18718461	
409.4	0.19780309	0.18703532	
409.6	0.19780172	0.18688615	
409.8	0.1977938	0.1867371	
410	0.19746698	0.18658816	
410.2	0.19766173	0.18643935	
410.4	0.19746525	0.18629065	
410.6	0.19764262	0.18614208	
410.8	0.19785986	0.18599362	
411	0.1974706	0.18584528	
411.2	0.19729461	0.18569705	
411.4	0.19728959	0.18554895	
411.6	0.19732649	0.18540096	
411.8	0.19741878	0.18525309	
412	0.19752279	0.18510534	
412.2	0.19702207	0.18495771	
412.4	0.19708948	0.1848102	
412.6	0.19702102	0.1846628	
412.8	0.19698581	0.18451552	
413	0.19720417	0.18436836	
413.2	0.19703394	0.18422131	
413.4	0.1971079	0.18407439	
413.6	0.19676386	0.18392758	
413.8	0.19662232	0.18378088	
414	0.19636456	0.18363431	
414.2	0.19631266	0.18348785	
414.4	0.1962341	0.18334151	
414.6	0.1963028	0.18319528	
414.8	0.19619629	0.18304917	
415	0.19591248	0.18290318	
415.2	0.19607271	0.1827573	
415.4	0.19597909	0.18261154	
415.6	0.19652973	0.1824659	
415.8	0.19644855	0.18232037	
416	0.19636702	0.18217496	
416.2	0.19623807	0.18202967	
416.4	0.19679624	0.18188449	
416.6	0.19671327	0.18173943	
416.8	0.1967368	0.18159448	
417	0.19690046	0.18144965	
417.2	0.19611745	0.18130493	
417.4	0.19627781	0.18116033	
417.6	0.19605071	0.18101584	
417.8	0.19579089	0.18087147	
418	0.19553024	0.18072721	
418.2	0.19553763	0.18058307	
418.4	0.19569779	0.18043905	
418.6	0.19573576	0.18029514	
418.8	0.19547488	0.18015134	
419	0.19522344	0.18000766	
419.2	0.19478616	0.17986409	
419.4	0.1946045	0.17972064	
419.6	0.19492774	0.1795773	
419.8	0.1944832	0.17943408	
420	0.1944185	0.17929097	
420.2	0.19476819	0.17914798	
420.4	0.19500078	0.1790051	
420.6	0.1947665	0.17886233	
420.8	0.19510957	0.17871968	
421	0.19532013	0.17857714	
421.2	0.19490499	0.17843471	
421.4	0.19500723	0.1782924	
421.6	0.19488648	0.1781502	
421.8	0.19485848	0.17800812	
422	0.19468167	0.17786614	
422.2	0.19472635	0.17772428	
422.4	0.19462584	0.17758254	
422.6	0.19467059	0.17744091	
422.8	0.19419517	0.17729939	
423	0.19374981	0.17715798	
423.2	0.19309752	0.17701669	
423.4	0.19292459	0.17687551	
423.6	0.19304258	0.17673444	
423.8	0.19289446	0.17659348	
424	0.19288157	0.17645264	
424.2	0.1929732	0.17631191	
424.4	0.19290379	0.17617129	
424.6	0.19285296	0.17603078	
424.8	0.19308649	0.17589039	
425	0.1930849	0.1757501	
425.2	0.19311293	0.17560993	
425.4	0.19355805	0.17546987	
425.6	0.19381692	0.17532993	
425.8	0.19361788	0.17519009	
426	0.1936074	0.17505036	
426.2	0.19374104	0.17491075	
426.4	0.19381916	0.17477125	
426.6	0.19348549	0.17463186	
426.8	0.19328934	0.17449258	
427	0.1929562	0.17435341	
427.2	0.19284316	0.17421436	
427.4	0.19264536	0.17407541	
427.6	0.1927163	0.17393657	
427.8	0.19263006	0.17379785	
428	0.19239618	0.17365924	
428.2	0.19230826	0.17352073	
428.4	0.19249841	0.17338234	
428.6	0.19233684	0.17324406	
428.8	0.19269727	0.17310589	
429	0.19284711	0.17296782	
429.2	0.19279635	0.17282987	
429.4	0.19312953	0.17269203	
429.6	0.19303104	0.1725543	
429.8	0.19294832	0.17241668	
430	0.19264169	0.17227916	
430.2	0.19232173	0.17214176	
430.4	0.19218931	0.17200447	
430.6	0.19149565	0.17186728	
430.8	0.19201036	0.17173021	
431	0.1914665	0.17159324	
431.2	0.19129691	0.17145639	
431.4	0.19083326	0.17131964	
431.6	0.19093006	0.171183	
431.8	0.19055131	0.17104648	
432	0.19048279	0.17091006	
432.2	0.19059321	0.17077375	
432.4	0.19077482	0.17063754	
432.6	0.1906993	0.17050145	
432.8	0.19126362	0.17036547	
433	0.19121586	0.17022959	
433.2	0.19100557	0.17009382	
433.4	0.19093119	0.16995816	
433.6	0.19068895	0.16982261	
433.8	0.19062553	0.16968717	
434	0.19029249	0.16955183	
434.2	0.19035923	0.1694166	
434.4	0.19041749	0.16928148	
434.6	0.19038546	0.16914647	
434.8	0.19068931	0.16901157	
435	0.190031	0.16887677	
435.2	0.19002785	0.16874208	
435.4	0.18986013	0.1686075	
435.6	0.18972427	0.16847303	
435.8	0.18944392	0.16833866	
436	0.1895366	0.1682044	
436.2	0.1896198	0.16807025	
436.4	0.18989785	0.1679362	
436.6	0.19009108	0.16780226	
436.8	0.19014914	0.16766843	
437	0.18976112	0.1675347	
437.2	0.18927018	0.16740109	
437.4	0.18889012	0.16726757	
437.6	0.18931686	0.16713417	
437.8	0.18942576	0.16700087	
438	0.18957593	0.16686768	
438.2	0.18956516	0.16673459	
438.4	0.18950814	0.16660161	
438.6	0.18964498	0.16646873	
438.8	0.18938704	0.16633597	
439	0.18889746	0.1662033	
439.2	0.18882493	0.16607075	
439.4	0.18866641	0.16593829	
439.6	0.18855592	0.16580595	
439.8	0.18846449	0.16567371	
440	0.18848855	0.16554158	
440.2	0.18870439	0.16540955	
440.4	0.18845213	0.16527762	
440.6	0.1882749	0.1651458	
440.8	0.18800609	0.16501409	
441	0.18797554	0.16488248	
441.2	0.18796209	0.16475098	
441.4	0.1880144	0.16461958	
441.6	0.18831671	0.16448829	
441.8	0.18847331	0.1643571	
442	0.18871878	0.16422601	
442.2	0.18886198	0.16409503	
442.4	0.18888381	0.16396416	
442.6	0.18887322	0.16383339	
442.8	0.18867551	0.16370272	
443	0.18833494	0.16357216	
443.2	0.1882298	0.1634417	
443.4	0.18814423	0.16331134	
443.6	0.18809962	0.16318109	
443.8	0.18813707	0.16305095	
444	0.18835468	0.16292091	
444.2	0.18830493	0.16279097	
444.4	0.18781375	0.16266113	
444.6	0.18796944	0.1625314	
444.8	0.18763655	0.16240177	
445	0.18752167	0.16227225	
445.2	0.18706495	0.16214282	
445.4	0.18724396	0.16201351	
445.6	0.1874034	0.16188429	
445.8	0.18774399	0.16175518	
446	0.18787445	0.16162617	
446.2	0.18796318	0.16149726	
446.4	0.18784572	0.16136846	
446.6	0.18767879	0.16123976	
446.8	0.1875942	0.16111116	
447	0.18731448	0.16098267	
447.2	0.18726056	0.16085427	
447.4	0.18758098	0.16072598	
447.6	0.18804018	0.16059779	
447.8	0.18829675	0.16046971	
448	0.18822015	0.16034172	
448.2	0.18816402	0.16021384	
448.4	0.18770738	0.16008606	
448.6	0.18762288	0.15995838	
448.8	0.18699267	0.15983081	
449	0.18721309	0.15970333	
449.2	0.18709912	0.15957596	
449.4	0.18752223	0.15944869	
449.6	0.18753038	0.15932152	
449.8	0.18749052	0.15919445	
450	0.18753699	0.15906748	
450.2	0.18711981	0.15894062	
450.4	0.18701726	0.15881385	
450.6	0.18671485	0.15868719	
450.8	0.18690411	0.15856063	
451	0.18681051	0.15843417	
451.2	0.18701324	0.15830781	
451.4	0.18719121	0.15818155	
451.6	0.18731626	0.15805539	
451.8	0.18714948	0.15792933	
452	0.18703667	0.15780337	
452.2	0.18691766	0.15767751	
452.4	0.18634877	0.15755176	
452.6	0.1861968	0.1574261	
452.8	0.18608271	0.15730054	
453	0.1859749	0.15717509	
453.2	0.1856148	0.15704973	
453.4	0.18532777	0.15692448	
453.6	0.18509436	0.15679932	
453.8	0.18506556	0.15667426	
454	0.18504138	0.15654931	
454.2	0.18452169	0.15642445	
454.4	0.18478763	0.15629969	
454.6	0.18457808	0.15617503	
454.8	0.18450642	0.15605047	
455	0.18425613	0.15592601	
455.2	0.18439889	0.15580165	
455.4	0.18418486	0.15567739	
455.6	0.18392867	0.15555323	
455.8	0.18363385	0.15542917	
456	0.18341489	0.15530521	
456.2	0.18332809	0.15518134	
456.4	0.18346653	0.15505757	
456.6	0.18293216	0.15493391	
456.8	0.18307689	0.15481034	
457	0.18268421	0.15468687	
457.2	0.18266325	0.1545635	
457.4	0.18276412	0.15444022	
457.6	0.18303039	0.15431705	
457.8	0.18315149	0.15419397	
458	0.18340686	0.15407099	
458.2	0.18362436	0.15394811	
458.4	0.18374446	0.15382533	
458.6	0.18312487	0.15370264	
458.8	0.18314412	0.15358006	
459	0.1835493	0.15345757	
459.2	0.18356026	0.15333518	
459.4	0.1834947	0.15321288	
459.6	0.18309934	0.15309069	
459.8	0.18310062	0.15296859	
460	0.18301863	0.15284659	
460.2	0.18321621	0.15272468	
460.4	0.18296109	0.15260288	
460.6	0.18257231	0.15248117	
460.8	0.18281871	0.15235955	
461	0.18275457	0.15223804	
461.2	0.18272497	0.15211662	
461.4	0.18272782	0.1519953	
461.6	0.18297098	0.15187407	
461.8	0.18343849	0.15175294	
462	0.18351337	0.15163191	
462.2	0.18318314	0.15151098	
462.4	0.18261692	0.15139014	
462.6	0.18208128	0.1512694	
462.8	0.18230877	0.15114875	
463	0.18224896	0.1510282	
463.2	0.18170001	0.15090775	
463.4	0.18162522	0.15078739	
463.6	0.1813842	0.15066713	
463.8	0.18125642	0.15054696	
464	0.18111042	0.15042689	
464.2	0.18105815	0.15030692	
464.4	0.1810719	0.15018704	
464.6	0.18139698	0.15006725	
464.8	0.18110872	0.14994757	
465	0.18127109	0.14982797	
465.2	0.18095896	0.14970848	
465.4	0.18131081	0.14958908	
465.6	0.18163262	0.14946977	
465.8	0.18155155	0.14935056	
466	0.18094933	0.14923144	
466.2	0.18072829	0.14911242	
466.4	0.18064711	0.1489935	
466.6	0.18066317	0.14887467	
466.8	0.18059305	0.14875593	
467	0.18034045	0.14863729	
467.2	0.18049036	0.14851874	
467.4	0.1804128	0.14840029	
467.6	0.18038034	0.14828193	
467.8	0.18033187	0.14816367	
468	0.18054776	0.1480455	
468.2	0.18050518	0.14792742	
468.4	0.18024177	0.14780944	
468.6	0.18003779	0.14769156	
468.8	0.17977703	0.14757376	
469	0.1799474	0.14745607	
469.2	0.1799485	0.14733846	
469.4	0.17999698	0.14722095	
469.6	0.17953525	0.14710353	
469.8	0.17964836	0.14698621	
470	0.17966273	0.14686898	
470.2	0.17962405	0.14675184	
470.4	0.1797492	0.1466348	
470.6	0.17985276	0.14651785	
470.8	0.17992352	0.14640099	
471	0.17997357	0.14628423	
471.2	0.1801253	0.14616756	
471.4	0.18006725	0.14605098	
471.6	0.18018306	0.1459345	
471.8	0.18030026	0.14581811	
472	0.18031787	0.14570181	
472.2	0.18020902	0.1455856	
472.4	0.18032975	0.14546949	
472.6	0.18030332	0.14535347	
472.8	0.18011449	0.14523754	
473	0.1801983	0.14512171	
473.2	0.18023689	0.14500596	
473.4	0.17995809	0.14489031	
473.6	0.17979238	0.14477475	
473.8	0.17975779	0.14465929	
474	0.17940785	0.14454391	
474.2	0.17893013	0.14442863	
474.4	0.1789787	0.14431344	
474.6	0.17876219	0.14419834	
474.8	0.17879018	0.14408334	
475	0.17855932	0.14396842	
475.2	0.17846136	0.1438536	
475.4	0.17837309	0.14373887	
475.6	0.17778541	0.14362423	
475.8	0.17775475	0.14350968	
476	0.17760134	0.14339522	
476.2	0.17762826	0.14328085	
476.4	0.17751195	0.14316658	
476.6	0.17705195	0.14305239	
476.8	0.17735441	0.1429383	
477	0.17787482	0.1428243	
477.2	0.1782269	0.14271039	
477.4	0.17820852	0.14259657	
477.6	0.17817988	0.14248284	
477.8	0.17836825	0.1423692	
478	0.17857457	0.14225565	
478.2	0.17873698	0.1421422	
478.4	0.17903919	0.14202883	
478.6	0.17915033	0.14191555	
478.8	0.17947218	0.14180237	
479	0.1794073	0.14168927	
479.2	0.17937478	0.14157627	
479.4	0.17930552	0.14146335	
479.6	0.17907476	0.14135053	
479.8	0.17923822	0.14123779	
