Conc1	1.02E-07	
Start1	300	
Stop1	539.8	
Kobs	0.00860689367448577	
Error Kobs	0.000106164265091788	
Koff	0	
Error Koff	0	
Time1	Data1	Fit1	
300	-0.00308527	0	
300.2	0.00078152	0.00996994	
300.4	0.00517944	0.0198684	
300.6	0.01024559	0.02969591	
300.8	0.01575845	0.03945297	
301	0.02206524	0.04914009	
301.2	0.02929816	0.05875776	
301.4	0.03649679	0.06830648	
301.6	0.04436658	0.07778675	
301.8	0.05225495	0.08719907	
302	0.0601639	0.09654391	
302.2	0.06757643	0.10582176	
302.4	0.07549455	0.1150331	
302.6	0.08214911	0.1241784	
302.8	0.08912559	0.13325815	
303	0.09632166	0.14227281	
303.2	0.10369915	0.15122285	
303.4	0.11100809	0.16010872	
303.6	0.1177325	0.1689309	
303.8	0.12433022	0.17768983	
304	0.13075499	0.18638598	
304.2	0.13672701	0.19501978	
304.4	0.14305592	0.2035917	
304.6	0.14905311	0.21210216	
304.8	0.15533735	0.22055162	
305	0.16247259	0.2289405	
305.2	0.16923728	0.23726925	
305.4	0.17579894	0.24553829	
305.6	0.18255102	0.25374805	
305.8	0.18989866	0.26189896	
306	0.19688794	0.26999144	
306.2	0.20370538	0.27802591	
306.4	0.21034109	0.28600278	
306.6	0.21678058	0.29392247	
306.8	0.22434059	0.30178539	
307	0.23135798	0.30959194	
307.2	0.23802016	0.31734252	
307.4	0.24476688	0.32503755	
307.6	0.25096424	0.33267741	
307.8	0.25703906	0.34026251	
308	0.26337509	0.34779323	
308.2	0.26995262	0.35526996	
308.4	0.27678139	0.3626931	
308.6	0.28343285	0.37006302	
308.8	0.29055616	0.37738012	
309	0.29798781	0.38464475	
309.2	0.30395969	0.39185731	
309.4	0.31045798	0.39901817	
309.6	0.31711178	0.40612769	
309.8	0.32441089	0.41318625	
310	0.33057747	0.42019421	
310.2	0.33705164	0.42715193	
310.4	0.3433858	0.43405977	
310.6	0.3498175	0.44091809	
310.8	0.3560425	0.44772725	
311	0.36204444	0.45448759	
311.2	0.36751478	0.46119948	
311.4	0.37348666	0.46786325	
311.6	0.37969707	0.47447924	
311.8	0.38566187	0.48104781	
312	0.39157131	0.4875693	
312.2	0.39769401	0.49404403	
312.4	0.40430079	0.50047235	
312.6	0.41126802	0.50685458	
312.8	0.41778872	0.51319106	
313	0.42510403	0.51948212	
313.2	0.43142475	0.52572808	
313.4	0.43842873	0.53192927	
313.6	0.4454842	0.538086	
313.8	0.45195354	0.5441986	
314	0.45843822	0.55026738	
314.2	0.46535623	0.55629265	
314.4	0.4717571	0.56227473	
314.6	0.4782695	0.56821392	
314.8	0.48432549	0.57411055	
315	0.49085003	0.5799649	
315.2	0.49691928	0.58577728	
315.4	0.50327405	0.59154799	
315.6	0.5099911	0.59727734	
315.8	0.5156027	0.60296562	
316	0.52145182	0.60861311	
316.2	0.52781839	0.61422013	
316.4	0.53397464	0.61978695	
316.6	0.54002057	0.62531386	
316.8	0.54608819	0.63080115	
317	0.55235366	0.63624911	
317.2	0.55807579	0.64165801	
317.4	0.56358697	0.64702813	
317.6	0.56893733	0.65235977	
317.8	0.57451015	0.65765318	
318	0.58058511	0.66290864	
318.2	0.58692772	0.66812643	
318.4	0.59229632	0.67330681	
318.6	0.59844085	0.67845006	
318.8	0.60470273	0.68355644	
319	0.61108889	0.68862621	
319.2	0.61703791	0.69365964	
319.4	0.62315255	0.69865699	
319.6	0.6299565	0.70361851	
319.8	0.63612514	0.70854446	
320	0.64277156	0.71343511	
320.2	0.64962929	0.71829069	
320.4	0.65556826	0.72311146	
320.6	0.66209994	0.72789768	
320.8	0.66882368	0.73264959	
321	0.67488688	0.73736743	
321.2	0.68096339	0.74205145	
321.4	0.68664483	0.74670189	
321.6	0.69184828	0.751319	
321.8	0.69734954	0.75590301	
322	0.70308718	0.76045415	
322.2	0.70843416	0.76497267	
322.4	0.71298858	0.7694588	
322.6	0.71853576	0.77391277	
322.8	0.72378727	0.77833481	
323	0.72894337	0.78272515	
323.2	0.73393807	0.78708402	
323.4	0.73899867	0.79141164	
323.6	0.74469182	0.79570824	
323.8	0.75038532	0.79997404	
324	0.75600473	0.80420926	
324.2	0.7615969	0.80841411	
324.4	0.76721704	0.81258883	
324.6	0.77378329	0.81673361	
324.8	0.77992999	0.82084869	
325	0.785417	0.82493426	
325.2	0.79113849	0.82899055	
325.4	0.79670579	0.83301776	
325.6	0.80145633	0.8370161	
325.8	0.80718314	0.84098577	
326	0.81251206	0.84492699	
326.2	0.81715253	0.84883996	
326.4	0.82144336	0.85272487	
326.6	0.82647506	0.85658194	
326.8	0.83198805	0.86041136	
327	0.83732113	0.86421332	
327.2	0.84233935	0.86798803	
327.4	0.84710374	0.87173568	
327.6	0.85236629	0.87545646	
327.8	0.85741733	0.87915058	
328	0.86236853	0.88281821	
328.2	0.86795099	0.88645954	
328.4	0.87365651	0.89007478	
328.6	0.87942144	0.8936641	
328.8	0.88465009	0.89722768	
329	0.88984045	0.90076573	
329.2	0.89474405	0.9042784	
329.4	0.89962822	0.9077659	
329.6	0.90437301	0.9112284	
329.8	0.909145	0.91466607	
330	0.91318859	0.91807911	
330.2	0.91759367	0.92146767	
330.4	0.92187869	0.92483195	
330.6	0.92691658	0.9281721	
330.8	0.93224523	0.93148832	
331	0.93683815	0.93478076	
331.2	0.94138407	0.93804959	
331.4	0.94547315	0.941295	
331.6	0.95010696	0.94451714	
331.8	0.95477029	0.94771618	
332	0.95937077	0.95089229	
332.2	0.96441056	0.95404563	
332.4	0.96914775	0.95717636	
332.6	0.9736624	0.96028465	
332.8	0.97824347	0.96337066	
333	0.98231718	0.96643455	
333.2	0.98617595	0.96947647	
333.4	0.99057146	0.97249659	
333.6	0.9947713	0.97549505	
333.8	0.9987673	0.97847203	
334	1.00264969	0.98142766	
334.2	1.00664558	0.9843621	
334.4	1.01091498	0.98727551	
334.6	1.01512544	0.99016803	
334.8	1.01906234	0.99303981	
335	1.02367386	0.99589101	
335.2	1.02754306	0.99872177	
335.4	1.03117786	1.00153224	
335.6	1.0357269	1.00432256	
335.8	1.04049589	1.00709288	
336	1.04458451	1.00984334	
336.2	1.04915566	1.01257408	
336.4	1.05312218	1.01528525	
336.6	1.05745375	1.01797698	
336.8	1.06136523	1.02064941	
337	1.06529652	1.02330269	
337.2	1.06923859	1.02593694	
337.4	1.0733217	1.02855232	
337.6	1.07689246	1.03114894	
337.8	1.08041932	1.03372695	
338	1.08378918	1.03628648	
338.2	1.08709391	1.03882766	
338.4	1.09054493	1.04135062	
338.6	1.09378475	1.0438555	
338.8	1.09690296	1.04634242	
339	1.10032984	1.04881151	
339.2	1.10302485	1.0512629	
339.4	1.10629602	1.05369672	
339.6	1.11005883	1.0561131	
339.8	1.11355862	1.05851215	
340	1.11682828	1.060894	
340.2	1.12063631	1.06325878	
340.4	1.1242597	1.0656066	
340.6	1.12869878	1.0679376	
340.8	1.13232951	1.07025188	
341	1.1363376	1.07254958	
341.2	1.1401374	1.0748308	
341.4	1.14408885	1.07709567	
341.6	1.14726783	1.0793443	
341.8	1.15091865	1.08157682	
342	1.15407542	1.08379333	
342.2	1.15675861	1.08599395	
342.4	1.15984124	1.0881788	
342.6	1.16239088	1.09034798	
342.8	1.16465314	1.09250161	
343	1.16699506	1.09463981	
343.2	1.16954271	1.09676267	
343.4	1.1722179	1.09887032	
343.6	1.17494622	1.10096286	
343.8	1.17771663	1.1030404	
344	1.18062042	1.10510305	
344.2	1.18381013	1.10715091	
344.4	1.18702431	1.10918408	
344.6	1.19018489	1.11120269	
344.8	1.19266393	1.11320682	
345	1.19544399	1.11519659	
345.2	1.19804192	1.11717209	
345.4	1.20082713	1.11913343	
345.6	1.20297186	1.12108071	
345.8	1.20606257	1.12301403	
346	1.20845038	1.1249335	
346.2	1.21086153	1.1268392	
346.4	1.21338875	1.12873124	
346.6	1.21571702	1.13060972	
346.8	1.21857422	1.13247473	
347	1.2211204	1.13432637	
347.2	1.2238181	1.13616474	
347.4	1.22664175	1.13798993	
347.6	1.22904945	1.13980203	
347.8	1.23157177	1.14160115	
348	1.2341615	1.14338737	
348.2	1.23665023	1.14516078	
348.4	1.23948661	1.14692148	
348.6	1.2419216	1.14866956	
348.8	1.24395192	1.15040511	
349	1.24619204	1.15212821	
349.2	1.2480655	1.15383897	
349.4	1.25044692	1.15553745	
349.6	1.25218434	1.15722377	
349.8	1.25420124	1.15889799	
350	1.25606416	1.16056022	
350.2	1.25790741	1.16221052	
350.4	1.25953825	1.163849	
350.6	1.26153473	1.16547573	
350.8	1.26321184	1.1670908	
351	1.26457105	1.16869429	
351.2	1.26653116	1.17028629	
351.4	1.26832067	1.17186688	
351.6	1.26930755	1.17343613	
351.8	1.27136429	1.17499413	
352	1.27320648	1.17654097	
352.2	1.27556017	1.17807672	
352.4	1.27772505	1.17960146	
352.6	1.27958727	1.18111526	
352.8	1.28115322	1.18261822	
353	1.28331152	1.1841104	
353.2	1.28526156	1.18559189	
353.4	1.28734165	1.18706275	
353.6	1.2890928	1.18852307	
353.8	1.29071214	1.18997292	
354	1.29249815	1.19141238	
354.2	1.29365705	1.19284152	
354.4	1.29469028	1.19426041	
354.6	1.29640674	1.19566914	
354.8	1.29749932	1.19706776	
355	1.29823604	1.19845636	
355.2	1.29945412	1.199835	
355.4	1.30047263	1.20120376	
355.6	1.30136033	1.20256271	
355.8	1.303443	1.20391192	
356	1.3050558	1.20525146	
356.2	1.30647031	1.20658139	
356.4	1.30714769	1.20790179	
356.6	1.30859611	1.20921272	
356.8	1.31033798	1.21051425	
357	1.31199656	1.21180646	
357.2	1.31373078	1.2130894	
357.4	1.31547582	1.21436315	
357.6	1.31734127	1.21562776	
357.8	1.31827504	1.21688331	
358	1.31944492	1.21812986	
358.2	1.3205781	1.21936747	
358.4	1.32101682	1.22059621	
358.6	1.32179979	1.22181614	
358.8	1.32228092	1.22302733	
359	1.32270481	1.22422983	
359.2	1.32370062	1.22542371	
359.4	1.32441748	1.22660904	
359.6	1.32528284	1.22778586	
359.8	1.32612759	1.22895426	
360	1.32654412	1.23011427	
360.2	1.32700052	1.23126597	
360.4	1.32764576	1.23240942	
360.6	1.32930221	1.23354466	
360.8	1.33070198	1.23467177	
361	1.3318742	1.2357908	
361.2	1.33343048	1.23690181	
361.4	1.33505812	1.23800485	
361.6	1.33673341	1.23909998	
361.8	1.33760046	1.24018727	
362	1.33898639	1.24126676	
362.2	1.33945248	1.24233851	
362.4	1.34008561	1.24340258	
362.6	1.34128869	1.24445902	
362.8	1.34238613	1.24550789	
363	1.34286355	1.24654924	
363.2	1.34366046	1.24758312	
363.4	1.3436204	1.24860959	
363.6	1.3442625	1.24962871	
363.8	1.34469292	1.25064051	
364	1.34512227	1.25164507	
364.2	1.34597984	1.25264242	
364.4	1.3465787	1.25363263	
364.6	1.34759522	1.25461573	
364.8	1.34800659	1.25559179	
365	1.34890214	1.25656085	
365.2	1.35017401	1.25752296	
365.4	1.35087496	1.25847818	
365.6	1.35175583	1.25942655	
365.8	1.35272188	1.26036812	
366	1.35336786	1.26130294	
366.2	1.35360358	1.26223106	
366.4	1.35441802	1.26315253	
366.6	1.3551138	1.26406739	
366.8	1.35567671	1.26497569	
367	1.35641295	1.26587748	
367.2	1.35680635	1.26677281	
367.4	1.3570969	1.26766172	
367.6	1.35754378	1.26854425	
367.8	1.35815246	1.26942046	
368	1.35840976	1.27029039	
368.2	1.35915012	1.27115408	
368.4	1.35944405	1.27201158	
368.6	1.35995657	1.27286294	
368.8	1.36052858	1.27370819	
369	1.36130729	1.27454738	
369.2	1.36225715	1.27538055	
369.4	1.36225096	1.27620776	
369.6	1.3631377	1.27702903	
369.8	1.36354794	1.27784441	
370	1.36365588	1.27865395	
370.2	1.36395809	1.27945769	
370.4	1.36451051	1.28025567	
370.6	1.36534211	1.28104792	
370.8	1.36582371	1.2818345	
371	1.36608152	1.28261543	
371.2	1.36608854	1.28339077	
371.4	1.36636247	1.28416055	
371.6	1.36627336	1.28492481	
371.8	1.36704296	1.2856836	
372	1.3672266	1.28643694	
372.2	1.36770811	1.28718488	
372.4	1.36792595	1.28792746	
372.6	1.36851142	1.28866472	
372.8	1.3685865	1.2893967	
373	1.36860653	1.29012342	
373.2	1.36873977	1.29084494	
373.4	1.36906769	1.29156128	
373.6	1.3698671	1.29227249	
373.8	1.37080877	1.2929786	
374	1.37163755	1.29367965	
374.2	1.37258676	1.29437567	
374.4	1.37365853	1.29506671	
374.6	1.37412551	1.29575279	
374.8	1.37468782	1.29643395	
375	1.37485385	1.29711023	
375.2	1.37535997	1.29778166	
375.4	1.37481723	1.29844827	
375.6	1.37448313	1.29911011	
375.8	1.37507255	1.29976721	
376	1.37475297	1.30041959	
376.2	1.37455812	1.3010673	
376.4	1.37440627	1.30171036	
376.6	1.37384287	1.30234881	
376.8	1.37331236	1.30298269	
377	1.37314761	1.30361202	
377.2	1.37322937	1.30423685	
377.4	1.37370204	1.30485719	
377.6	1.37416847	1.30547308	
377.8	1.37521769	1.30608456	
378	1.3761013	1.30669166	
378.2	1.37696585	1.3072944	
378.4	1.37751294	1.30789283	
378.6	1.37809125	1.30848696	
378.8	1.37908058	1.30907684	
379	1.37931877	1.30966248	
379.2	1.37942342	1.31024393	
379.4	1.37909038	1.31082121	
379.6	1.37952164	1.31139435	
379.8	1.37983222	1.31196339	
380	1.3793127	1.31252834	
380.2	1.37913811	1.31308924	
380.4	1.37933465	1.31364613	
380.6	1.37877211	1.31419902	
380.8	1.37902574	1.31474794	
381	1.37845427	1.31529294	
381.2	1.37825093	1.31583402	
381.4	1.37859212	1.31637123	
381.6	1.37875809	1.31690458	
381.8	1.37958023	1.31743411	
382	1.37967085	1.31795985	
382.2	1.38013159	1.31848182	
382.4	1.38061365	1.31900004	
382.6	1.38173658	1.31951455	
382.8	1.38208198	1.32002538	
383	1.38209443	1.32053254	
383.2	1.38245811	1.32103606	
383.4	1.38278112	1.32153597	
383.6	1.38301853	1.32203231	
383.8	1.38281954	1.32252508	
384	1.38296803	1.32301432	
384.2	1.38271658	1.32350005	
384.4	1.38317581	1.3239823	
384.6	1.38295254	1.3244611	
384.8	1.38315019	1.32493646	
385	1.38280409	1.32540842	
385.2	1.38283613	1.32587699	
385.4	1.38300487	1.3263422	
385.6	1.38232695	1.32680408	
385.8	1.38233294	1.32726264	
386	1.38249223	1.32771792	
386.2	1.38256777	1.32816994	
386.4	1.38270238	1.32861871	
386.6	1.38253239	1.32906427	
386.8	1.38218394	1.32950663	
387	1.3822961	1.32994582	
387.2	1.38334955	1.33038187	
387.4	1.3836622	1.33081479	
387.6	1.38400503	1.3312446	
387.8	1.38408843	1.33167134	
388	1.38479902	1.33209501	
388.2	1.38540259	1.33251565	
388.4	1.38644037	1.33293327	
388.6	1.38647725	1.3333479	
388.8	1.38647367	1.33375955	
389	1.38669926	1.33416826	
389.2	1.38629899	1.33457403	
389.4	1.38616642	1.3349769	
389.6	1.38562088	1.33537688	
389.8	1.38522352	1.33577399	
390	1.38510744	1.33616825	
390.2	1.38428944	1.33655969	
390.4	1.38444473	1.33694832	
390.6	1.38446526	1.33733417	
390.8	1.38469427	1.33771725	
391	1.38501245	1.33809758	
391.2	1.38564338	1.33847519	
391.4	1.38517837	1.33885009	
391.6	1.38530158	1.3392223	
391.8	1.38590132	1.33959185	
392	1.38664376	1.33995874	
392.2	1.38724537	1.34032301	
392.4	1.38773397	1.34068466	
392.6	1.38768614	1.34104372	
392.8	1.3881843	1.34140021	
393	1.38832024	1.34175414	
393.2	1.38817029	1.34210554	
393.4	1.38809405	1.34245441	
393.6	1.38768115	1.34280079	
393.8	1.38718694	1.34314468	
394	1.38738027	1.3434861	
394.2	1.38753714	1.34382508	
394.4	1.38815143	1.34416163	
394.6	1.38819278	1.34449577	
394.8	1.38771571	1.34482751	
395	1.38769202	1.34515687	
395.2	1.38754238	1.34548387	
395.4	1.38716366	1.34580853	
395.6	1.38738256	1.34613086	
395.8	1.38767782	1.34645088	
396	1.38773039	1.34676861	
396.2	1.3877933	1.34708405	
396.4	1.38832406	1.34739724	
396.6	1.38820557	1.34770818	
396.8	1.38881169	1.34801689	
397	1.38871017	1.34832339	
397.2	1.38894679	1.34862769	
397.4	1.38866573	1.34892981	
397.6	1.38886997	1.34922977	
397.8	1.38892744	1.34952757	
398	1.38937662	1.34982324	
398.2	1.39008427	1.35011679	
398.4	1.39022872	1.35040824	
398.6	1.38977772	1.3506976	
398.8	1.38977873	1.35098488	
399	1.38983648	1.3512701	
399.2	1.3897857	1.35155328	
399.4	1.38907817	1.35183443	
399.6	1.38868889	1.35211356	
399.8	1.38842908	1.35239069	
400	1.38809342	1.35266584	
400.2	1.38802345	1.35293901	
400.4	1.38814098	1.35321022	
400.6	1.38783278	1.35347949	
400.8	1.38774953	1.35374683	
401	1.38751315	1.35401226	
401.2	1.38776187	1.35427578	
401.4	1.3875208	1.35453741	
401.6	1.38809779	1.35479717	
401.8	1.38798847	1.35505506	
402	1.38874402	1.35531111	
402.2	1.38881146	1.35556532	
402.4	1.38879061	1.3558177	
402.6	1.38892251	1.35606828	
402.8	1.38914626	1.35631706	
403	1.38923622	1.35656406	
403.2	1.3892147	1.35680929	
403.4	1.38856025	1.35705276	
403.6	1.38873834	1.35729448	
403.8	1.38879806	1.35753447	
404	1.38921531	1.35777275	
404.2	1.38936861	1.35800931	
404.4	1.38911314	1.35824418	
404.6	1.38861138	1.35847736	
404.8	1.38841739	1.35870887	
405	1.38817174	1.35893872	
405.2	1.3881281	1.35916693	
405.4	1.38763435	1.3593935	
405.6	1.38776528	1.35961844	
405.8	1.38733822	1.35984177	
406	1.3870724	1.3600635	
406.2	1.38707745	1.36028365	
406.4	1.38774021	1.36050221	
406.6	1.3880571	1.36071921	
406.8	1.38835632	1.36093465	
407	1.38890419	1.36114854	
407.2	1.3889471	1.36136091	
407.4	1.38916562	1.36157175	
407.6	1.38995385	1.36178108	
407.8	1.39043772	1.36198891	
408	1.39073685	1.36219525	
408.2	1.39029289	1.36240011	
408.4	1.39013456	1.3626035	
408.6	1.38981084	1.36280543	
408.8	1.38968233	1.36300592	
409	1.38937787	1.36320496	
409.2	1.38891042	1.36340259	
409.4	1.3881677	1.36359879	
409.6	1.38804489	1.36379359	
409.8	1.38756937	1.36398699	
410	1.38703687	1.36417901	
410.2	1.38738847	1.36436964	
410.4	1.38760769	1.36455892	
410.6	1.38765849	1.36474683	
410.8	1.38763267	1.3649334	
411	1.38798634	1.36511863	
411.2	1.38805626	1.36530254	
411.4	1.38853365	1.36548512	
411.6	1.38899887	1.3656664	
411.8	1.3893383	1.36584637	
412	1.38964722	1.36602506	
412.2	1.38992919	1.36620246	
412.4	1.39038247	1.3663786	
412.6	1.39066705	1.36655347	
412.8	1.3909301	1.36672709	
413	1.39102647	1.36689946	
413.2	1.39078326	1.3670706	
413.4	1.39093157	1.36724051	
413.6	1.39080137	1.3674092	
413.8	1.3901436	1.36757668	
414	1.38946872	1.36774296	
414.2	1.38928591	1.36790805	
414.4	1.38902021	1.36807196	
414.6	1.38836996	1.36823469	
414.8	1.38806871	1.36839626	
415	1.38763281	1.36855666	
415.2	1.38706676	1.36871592	
415.4	1.387286	1.36887404	
415.6	1.38737323	1.36903102	
415.8	1.38816834	1.36918688	
416	1.38888785	1.36934162	
416.2	1.38909417	1.36949525	
416.4	1.38974943	1.36964777	
416.6	1.39045197	1.36979921	
416.8	1.39096527	1.36994956	
417	1.39122212	1.37009883	
417.2	1.39183468	1.37024703	
417.4	1.39194285	1.37039417	
417.6	1.39151584	1.37054026	
417.8	1.39145911	1.37068529	
418	1.3913577	1.37082929	
418.2	1.39121001	1.37097226	
418.4	1.39072569	1.3711142	
418.6	1.39020188	1.37125512	
418.8	1.38968973	1.37139503	
419	1.38882795	1.37153394	
419.2	1.38844898	1.37167186	
419.4	1.38848221	1.37180878	
419.6	1.38817189	1.37194473	
419.8	1.38832601	1.3720797	
420	1.40224861	1.37221437	
420.2	1.3980676	1.3698543	
420.4	1.39356676	1.36749829	
420.6	1.38793608	1.36514634	
420.8	1.38219482	1.36279842	
421	1.3760754	1.36045455	
421.2	1.36942032	1.35811471	
421.4	1.3630739	1.35577889	
421.6	1.35657774	1.35344709	
421.8	1.34992813	1.35111929	
422	1.34372651	1.34879551	
422.2	1.33835596	1.34647572	
422.4	1.33372704	1.34415992	
422.6	1.32911937	1.3418481	
422.8	1.32391922	1.33954026	
423	1.31873701	1.33723638	
423.2	1.31378031	1.33493647	
423.4	1.30945316	1.33264052	
423.6	1.30500946	1.33034851	
423.8	1.30061589	1.32806045	
424	1.29605994	1.32577632	
424.2	1.29160526	1.32349612	
424.4	1.28728746	1.32121984	
424.6	1.28245111	1.31894748	
424.8	1.27857205	1.31667902	
425	1.2745964	1.31441447	
425.2	1.27038407	1.31215381	
425.4	1.26642019	1.30989704	
425.6	1.26226581	1.30764415	
425.8	1.25780191	1.30539514	
426	1.25377935	1.30314999	
426.2	1.25018781	1.3009087	
426.4	1.24672379	1.29867127	
426.6	1.24319932	1.29643769	
426.8	1.23885149	1.29420795	
427	1.23514026	1.29198205	
427.2	1.23139345	1.28975997	
427.4	1.22738376	1.28754171	
427.6	1.22324488	1.28532727	
427.8	1.2196514	1.28311664	
428	1.2155443	1.28090981	
428.2	1.21162569	1.27870678	
428.4	1.20767315	1.27650753	
428.6	1.20390661	1.27431207	
428.8	1.20005449	1.27212038	
429	1.19652984	1.26993246	
429.2	1.19279567	1.26774831	
429.4	1.18938984	1.26556791	
429.6	1.18605424	1.26339126	
429.8	1.18209167	1.26121836	
430	1.17861927	1.25904919	
430.2	1.17599979	1.25688376	
430.4	1.17329329	1.25472205	
430.6	1.17014444	1.25256405	
430.8	1.16663941	1.25040977	
431	1.1636012	1.24825919	
431.2	1.16024285	1.24611231	
431.4	1.15697658	1.24396913	
431.6	1.154772	1.24182963	
431.8	1.15235441	1.23969381	
432	1.14908282	1.23756166	
432.2	1.14653044	1.23543318	
432.4	1.14375727	1.23330836	
432.6	1.14081343	1.2311872	
432.8	1.13739717	1.22906968	
433	1.13496889	1.22695581	
433.2	1.13210919	1.22484557	
433.4	1.12955185	1.22273896	
433.6	1.12686684	1.22063597	
433.8	1.12399151	1.2185366	
434	1.12165325	1.21644084	
434.2	1.11946152	1.21434869	
434.4	1.11696969	1.21226013	
434.6	1.11405895	1.21017517	
434.8	1.11193927	1.20809379	
435	1.10952069	1.20601599	
435.2	1.10717774	1.20394177	
435.4	1.10454387	1.20187111	
435.6	1.10270275	1.19980402	
435.8	1.09957906	1.19774048	
436	1.09699366	1.19568048	
436.2	1.09507437	1.19362404	
436.4	1.09255966	1.19157112	
436.6	1.0892281	1.18952174	
436.8	1.08627899	1.18747589	
437	1.08375226	1.18543355	
437.2	1.08128725	1.18339472	
437.4	1.07909142	1.18135941	
437.6	1.07626247	1.17932759	
437.8	1.07344399	1.17729927	
438	1.07094299	1.17527443	
438.2	1.06820543	1.17325308	
438.4	1.06585908	1.1712352	
438.6	1.06292454	1.1692208	
438.8	1.0605831	1.16720986	
439	1.05863767	1.16520238	
439.2	1.05625302	1.16319835	
439.4	1.05379979	1.16119776	
439.6	1.05185678	1.15920062	
439.8	1.04998049	1.15720692	
440	1.04858777	1.15521664	
440.2	1.04701972	1.15322978	
440.4	1.04434507	1.15124635	
440.6	1.04136034	1.14926632	
440.8	1.03935942	1.1472897	
441	1.03769347	1.14531648	
441.2	1.03576619	1.14334665	
441.4	1.03369977	1.14138021	
441.6	1.03143082	1.13941715	
441.8	1.02924684	1.13745747	
442	1.02720633	1.13550116	
442.2	1.02470212	1.13354821	
442.4	1.0224596	1.13159863	
442.6	1.01966512	1.12965239	
442.8	1.0179394	1.12770951	
443	1.01592845	1.12576996	
443.2	1.01365766	1.12383375	
443.4	1.01245986	1.12190087	
443.6	1.01098138	1.11997132	
443.8	1.00948105	1.11804508	
444	1.00740355	1.11612216	
444.2	1.00528947	1.11420254	
444.4	1.00294888	1.11228622	
444.6	1.0014059	1.11037321	
444.8	1.00021267	1.10846348	
445	0.99880222	1.10655703	
445.2	0.99659486	1.10465387	
445.4	0.99523969	1.10275398	
445.6	0.9937366	1.10085735	
445.8	0.99190698	1.09896399	
446	0.99046189	1.09707388	
446.2	0.98844227	1.09518703	
446.4	0.98644448	1.09330342	
446.6	0.98439856	1.09142305	
446.8	0.98239508	1.08954591	
447	0.98032377	1.087672	
447.2	0.97869743	1.08580132	
447.4	0.97730984	1.08393385	
447.6	0.97518756	1.0820696	
447.8	0.97269667	1.08020855	
448	0.97047884	1.0783507	
448.2	0.96876472	1.07649604	
448.4	0.96676193	1.07464458	
448.6	0.96506926	1.0727963	
448.8	0.96285699	1.0709512	
449	0.96095834	1.06910927	
449.2	0.95912255	1.06727052	
449.4	0.95749496	1.06543492	
449.6	0.95560067	1.06360248	
449.8	0.95352217	1.06177319	
450	0.95194139	1.05994705	
450.2	0.94960272	1.05812405	
450.4	0.9476738	1.05630418	
450.6	0.94602496	1.05448745	
450.8	0.94448089	1.05267384	
451	0.94315551	1.05086335	
451.2	0.94145105	1.04905597	
451.4	0.9400401	1.0472517	
451.6	0.93830764	1.04545053	
451.8	0.93682115	1.04365246	
452	0.93534562	1.04185749	
452.2	0.93435681	1.0400656	
452.4	0.93248737	1.03827679	
452.6	0.93149102	1.03649106	
452.8	0.92962402	1.0347084	
453	0.92814559	1.03292881	
453.2	0.9263418	1.03115228	
453.4	0.9246635	1.0293788	
453.6	0.92265526	1.02760838	
453.8	0.92067217	1.02584099	
454	0.91904696	1.02407665	
454.2	0.9169128	1.02231535	
454.4	0.91539027	1.02055707	
454.6	0.91431229	1.01880181	
454.8	0.91278197	1.01704958	
455	0.91115044	1.01530036	
455.2	0.90955967	1.01355414	
455.4	0.9083273	1.01181093	
455.6	0.90720033	1.01007072	
455.8	0.90627551	1.0083335	
456	0.90509634	1.00659927	
456.2	0.90402236	1.00486802	
456.4	0.90246054	1.00313975	
456.6	0.90140855	1.00141446	
456.8	0.89969917	0.99969212	
457	0.89876771	0.99797276	
457.2	0.89726926	0.99625635	
457.4	0.8960835	0.99454289	
457.6	0.89466089	0.99283237	
457.8	0.893163	0.9911248	
458	0.89200671	0.98942017	
458.2	0.89078576	0.98771847	
458.4	0.88890855	0.98601969	
458.6	0.88721333	0.98432384	
458.8	0.88535939	0.9826309	
459	0.88397392	0.98094088	
459.2	0.8823638	0.97925376	
459.4	0.88114696	0.97756954	
459.6	0.87997032	0.97588822	
459.8	0.87824699	0.97420979	
460	0.87594283	0.97253425	
460.2	0.87467247	0.97086159	
460.4	0.87312322	0.96919181	
460.6	0.87210535	0.9675249	
460.8	0.87085553	0.96586086	
461	0.86939567	0.96419967	
461.2	0.86819878	0.96254135	
461.4	0.86675858	0.96088588	
461.6	0.86532091	0.95923325	
461.8	0.86355633	0.95758347	
462	0.86250537	0.95593652	
462.2	0.86106976	0.95429241	
462.4	0.85917641	0.95265112	
462.6	0.85756379	0.95101266	
462.8	0.85587742	0.94937701	
463	0.85474122	0.94774418	
463.2	0.85331222	0.94611416	
463.4	0.85128935	0.94448694	
463.6	0.84944085	0.94286252	
463.8	0.847508	0.94124089	
464	0.84622007	0.93962205	
464.2	0.84562663	0.938006	
464.4	0.84393598	0.93639272	
464.6	0.8427325	0.93478222	
464.8	0.84153482	0.93317449	
465	0.8406568	0.93156953	
465.2	0.83986183	0.92996732	
465.4	0.83813215	0.92836787	
465.6	0.83728937	0.92677118	
465.8	0.83655859	0.92517722	
466	0.83593765	0.92358601	
466.2	0.83517998	0.92199754	
466.4	0.83417895	0.9204118	
466.6	0.83273361	0.91882878	
466.8	0.83146801	0.91724849	
467	0.83046683	0.91567092	
467.2	0.82870774	0.91409606	
467.4	0.82681674	0.91252391	
467.6	0.82526188	0.91095446	
467.8	0.82363987	0.90938771	
468	0.82252683	0.90782366	
468.2	0.82084683	0.90626229	
468.4	0.81908557	0.90470361	
468.6	0.81822876	0.90314761	
468.8	0.81719527	0.90159429	
469	0.81611799	0.90004364	
469.2	0.81461539	0.89849566	
469.4	0.81318993	0.89695034	
469.6	0.81222556	0.89540768	
469.8	0.81104792	0.89386767	
470	0.81027433	0.8923303	
470.2	0.80952905	0.89079559	
470.4	0.80848118	0.88926351	
470.6	0.80698543	0.88773407	
470.8	0.80600128	0.88620725	
471	0.80479509	0.88468307	
471.2	0.80391003	0.8831615	
471.4	0.80262	0.88164256	
471.6	0.80098184	0.88012622	
471.8	0.79998829	0.87861249	
472	0.79934734	0.87710137	
472.2	0.79806239	0.87559284	
472.4	0.79746801	0.87408691	
472.6	0.79645431	0.87258357	
472.8	0.79515003	0.87108282	
473	0.79399354	0.86958465	
473.2	0.79285918	0.86808905	
473.4	0.79182138	0.86659602	
473.6	0.79066495	0.86510557	
473.8	0.79002035	0.86361767	
474	0.78963995	0.86213234	
474.2	0.78850234	0.86064956	
474.4	0.7874222	0.85916933	
474.6	0.78678348	0.85769165	
474.8	0.78573048	0.8562165	
475	0.78456223	0.8547439	
475.2	0.78363319	0.85327383	
475.4	0.78257165	0.85180628	
475.6	0.78114568	0.85034126	
475.8	0.78028523	0.84887876	
476	0.77927127	0.84741878	
476.2	0.7786191	0.8459613	
476.4	0.77783739	0.84450634	
476.6	0.77619312	0.84305387	
476.8	0.77535622	0.84160391	
477	0.77466343	0.84015643	
477.2	0.77384648	0.83871145	
477.4	0.77276162	0.83726895	
477.6	0.77160208	0.83582893	
477.8	0.77094079	0.83439139	
478	0.76961044	0.83295633	
478.2	0.76781818	0.83152373	
478.4	0.76686792	0.83009359	
478.6	0.76538096	0.82866591	
478.8	0.76298522	0.82724069	
479	0.76208789	0.82581792	
479.2	0.76095957	0.8243976	
479.4	0.75978622	0.82297972	
479.6	0.75840908	0.82156428	
479.8	0.75740405	0.82015127	
480	0.7563255	0.8187407	
480.2	0.75568693	0.81733255	
480.4	0.75472314	0.81592682	
480.6	0.7540555	0.81452351	
480.8	0.75383473	0.81312261	
481	0.75323863	0.81172412	
481.2	0.75250403	0.81032804	
481.4	0.75118602	0.80893436	
481.6	0.75007524	0.80754307	
481.8	0.74931599	0.80615418	
482	0.74792682	0.80476768	
482.2	0.74656473	0.80338356	
482.4	0.74568757	0.80200182	
482.6	0.74448411	0.80062246	
482.8	0.74372094	0.79924547	
483	0.74345687	0.79787085	
483.2	0.74268449	0.79649859	
483.4	0.74153994	0.7951287	
483.6	0.74034664	0.79376116	
483.8	0.73946447	0.79239597	
484	0.73849421	0.79103313	
484.2	0.73748431	0.78967263	
484.4	0.73660716	0.78831448	
484.6	0.73593151	0.78695866	
484.8	0.73502986	0.78560517	
485	0.73413313	0.78425401	
485.2	0.73283095	0.78290517	
485.4	0.73151986	0.78155865	
485.6	0.73039209	0.78021445	
485.8	0.72959788	0.77887256	
486	0.72824421	0.77753298	
486.2	0.72711743	0.7761957	
486.4	0.72596004	0.77486073	
486.6	0.72535918	0.77352804	
486.8	0.72448224	0.77219765	
487	0.72337917	0.77086955	
487.2	0.72213145	0.76954374	
487.4	0.72062708	0.7682202	
487.6	0.71913978	0.76689894	
487.8	0.71854257	0.76557995	
488	0.71709677	0.76426323	
488.2	0.71648496	0.76294878	
488.4	0.71595959	0.76163658	
488.6	0.71538167	0.76032665	
488.8	0.7148021	0.75901896	
489	0.71406389	0.75771353	
489.2	0.71314013	0.75641034	
489.4	0.71224294	0.75510939	
489.6	0.71131853	0.75381068	
489.8	0.71031168	0.7525142	
490	0.70912252	0.75121995	
490.2	0.70808296	0.74992793	
490.4	0.70676962	0.74863813	
490.6	0.70574554	0.74735055	
490.8	0.70498173	0.74606518	
491	0.70376786	0.74478203	
491.2	0.70241883	0.74350108	
491.4	0.70165528	0.74222233	
491.6	0.70049544	0.74094578	
491.8	0.7004325	0.73967143	
492	0.69973036	0.73839927	
492.2	0.70000664	0.7371293	
492.4	0.6996127	0.73586151	
492.6	0.69929535	0.73459591	
492.8	0.6992461	0.73333248	
493	0.69872685	0.73207122	
493.2	0.69815778	0.73081213	
493.4	0.69727766	0.72955521	
493.6	0.69655327	0.72830045	
493.8	0.69535678	0.72704785	
494	0.69464267	0.7257974	
494.2	0.69375926	0.7245491	
494.4	0.69260003	0.72330295	
494.6	0.69136978	0.72205894	
494.8	0.69097325	0.72081708	
495	0.68955862	0.71957734	
495.2	0.68824764	0.71833974	
495.4	0.68707388	0.71710427	
495.6	0.68642967	0.71587093	
495.8	0.68569144	0.7146397	
496	0.68448091	0.7134106	
496.2	0.68417709	0.7121836	
496.4	0.68309246	0.71095872	
496.6	0.68237402	0.70973594	
496.8	0.68136625	0.70851527	
497	0.68019028	0.70729669	
497.2	0.67939845	0.70608022	
497.4	0.67823779	0.70486583	
497.6	0.67710445	0.70365353	
497.8	0.67641401	0.70244332	
498	0.67543233	0.70123519	
498.2	0.67458393	0.70002914	
498.4	0.6739572	0.69882516	
498.6	0.6731806	0.69762325	
498.8	0.67272429	0.69642341	
499	0.67190985	0.69522563	
499.2	0.67091182	0.69402991	
499.4	0.67007395	0.69283625	
499.6	0.6699913	0.69164465	
499.8	0.66912407	0.69045509	
500	0.66843279	0.68926758	
500.2	0.66816209	0.68808211	
500.4	0.66725515	0.68689868	
500.6	0.6665995	0.68571728	
500.8	0.66595763	0.68453792	
501	0.66559409	0.68336058	
501.2	0.66513349	0.68218527	
501.4	0.66430688	0.68101198	
501.6	0.66344841	0.67984071	
501.8	0.66227164	0.67867145	
502	0.66156171	0.67750421	
502.2	0.66102544	0.67633897	
502.4	0.66090281	0.67517573	
502.6	0.65973826	0.6740145	
502.8	0.65878624	0.67285527	
503	0.657904	0.67169802	
503.2	0.6567837	0.67054277	
503.4	0.65564904	0.66938951	
503.6	0.65503362	0.66823822	
503.8	0.65373755	0.66708892	
504	0.65270869	0.6659416	
504.2	0.65230345	0.66479625	
504.4	0.65165157	0.66365286	
504.6	0.65108799	0.66251145	
504.8	0.65087098	0.661372	
505	0.65031752	0.6602345	
505.2	0.64971719	0.65909897	
505.4	0.64859252	0.65796539	
505.6	0.64757296	0.65683375	
505.8	0.64681342	0.65570406	
506	0.64685205	0.65457632	
506.2	0.64613681	0.65345052	
506.4	0.64583566	0.65232665	
506.6	0.64468329	0.65120471	
506.8	0.6441991	0.65008471	
507	0.64352319	0.64896663	
507.2	0.64256946	0.64785047	
507.4	0.64187333	0.64673623	
507.6	0.64134134	0.64562391	
507.8	0.64048127	0.64451351	
508	0.6397433	0.64340501	
508.2	0.63949137	0.64229842	
508.4	0.63894435	0.64119373	
508.6	0.6385334	0.64009094	
508.8	0.63747393	0.63899005	
509	0.63679082	0.63789105	
509.2	0.6356029	0.63679395	
509.4	0.6345579	0.63569873	
509.6	0.63348595	0.63460539	
509.8	0.63260026	0.63351393	
510	0.63212597	0.63242435	
510.2	0.63153268	0.63133665	
510.4	0.63100323	0.63025081	
510.6	0.63026751	0.62916685	
510.8	0.63004815	0.62808474	
511	0.62877149	0.6270045	
511.2	0.62820896	0.62592612	
511.4	0.62794545	0.62484959	
511.6	0.62732121	0.62377491	
511.8	0.62651743	0.62270208	
512	0.62552611	0.6216311	
512.2	0.62515319	0.62056196	
512.4	0.62476635	0.61949465	
512.6	0.62428341	0.61842918	
512.8	0.62338878	0.61736555	
513	0.62291744	0.61630374	
513.2	0.62210607	0.61524376	
513.4	0.62146892	0.61418561	
513.6	0.62059691	0.61312927	
513.8	0.62046586	0.61207475	
514	0.62027474	0.61102204	
514.2	0.61994964	0.60997115	
514.4	0.61920628	0.60892206	
514.6	0.61856844	0.60787478	
514.8	0.61774629	0.60682929	
515	0.61644356	0.60578561	
515.2	0.61604553	0.60474372	
515.4	0.615517	0.60370362	
515.6	0.61447119	0.60266531	
515.8	0.61340445	0.60162879	
516	0.61262338	0.60059405	
516.2	0.61214009	0.59956109	
516.4	0.6117033	0.59852991	
516.6	0.61111718	0.5975005	
516.8	0.61013762	0.59647286	
517	0.60946752	0.59544698	
517.2	0.60928279	0.59442288	
517.4	0.60872785	0.59340053	
517.6	0.60836815	0.59237994	
517.8	0.60747995	0.59136111	
518	0.60688139	0.59034403	
518.2	0.60569187	0.5893287	
518.4	0.6049449	0.58831511	
518.6	0.60370559	0.58730327	
518.8	0.60265231	0.58629317	
519	0.6015882	0.5852848	
519.2	0.60052421	0.58427817	
519.4	0.59969454	0.58327327	
519.6	0.59852471	0.5822701	
519.8	0.59742914	0.58126866	
520	0.5968267	0.58026893	
520.2	0.59618679	0.57927093	
520.4	0.59511583	0.57827464	
520.6	0.59466514	0.57728007	
520.8	0.59395454	0.57628721	
521	0.59360892	0.57529605	
521.2	0.59322148	0.5743066	
521.4	0.59234859	0.57331885	
521.6	0.59189321	0.5723328	
521.8	0.5911978	0.57134845	
522	0.59146035	0.57036579	
522.2	0.59080282	0.56938482	
522.4	0.59101089	0.56840553	
522.6	0.58972258	0.56742793	
522.8	0.58952987	0.56645202	
523	0.58907503	0.56547778	
523.2	0.58843468	0.56450521	
523.4	0.58791841	0.56353432	
523.6	0.58710251	0.5625651	
523.8	0.58689621	0.56159754	
524	0.58683102	0.56063165	
524.2	0.58618266	0.55966742	
524.4	0.58531403	0.55870485	
524.6	0.5853086	0.55774394	
524.8	0.58425528	0.55678468	
525	0.58323482	0.55582706	
525.2	0.58282933	0.5548711	
525.4	0.58189639	0.55391678	
525.6	0.58128719	0.55296409	
525.8	0.58085353	0.55201305	
526	0.58043584	0.55106365	
526.2	0.57956478	0.55011587	
526.4	0.57898152	0.54916973	
526.6	0.57796399	0.54822521	
526.8	0.57762	0.54728232	
527	0.57687728	0.54634105	
527.2	0.5763019	0.5454014	
527.4	0.57524201	0.54446337	
527.6	0.57431948	0.54352695	
527.8	0.57424221	0.54259214	
528	0.57333596	0.54165893	
528.2	0.57222237	0.54072733	
528.4	0.5712587	0.53979734	
528.6	0.57101891	0.53886894	
528.8	0.56988499	0.53794214	
529	0.56943842	0.53701694	
529.2	0.56878053	0.53609332	
529.4	0.56768014	0.5351713	
529.6	0.56716353	0.53425086	
529.8	0.56694641	0.533332	
530	0.56639434	0.53241472	
530.2	0.56605423	0.53149902	
530.4	0.56568748	0.5305849	
530.6	0.56548917	0.52967235	
530.8	0.56518611	0.52876137	
531	0.56467598	0.52785195	
531.2	0.56452091	0.5269441	
531.4	0.5636569	0.52603781	
531.6	0.56367761	0.52513308	
531.8	0.56300557	0.5242299	
532	0.56214429	0.52332828	
532.2	0.56147565	0.52242821	
532.4	0.56088534	0.52152968	
532.6	0.56084582	0.52063271	
532.8	0.56042512	0.51973727	
533	0.55982142	0.51884338	
533.2	0.55905997	0.51795102	
533.4	0.55884849	0.5170602	
533.6	0.5583583	0.51617091	
533.8	0.5576422	0.51528314	
534	0.55701504	0.51439691	
534.2	0.55670058	0.5135122	
534.4	0.55645232	0.51262901	
534.6	0.55616279	0.51174734	
534.8	0.55535782	0.51086719	
535	0.55491606	0.50998855	
535.2	0.55481203	0.50911142	
535.4	0.55423172	0.5082358	
535.6	0.55375743	0.50736169	
535.8	0.55260451	0.50648908	
536	0.55215985	0.50561797	
536.2	0.55147618	0.50474836	
536.4	0.5508669	0.50388024	
536.6	0.55020943	0.50301362	
536.8	0.54962644	0.50214848	
537	0.54878291	0.50128484	
537.2	0.54844395	0.50042268	
537.4	0.54811075	0.49956201	
537.6	0.5475059	0.49870281	
537.8	0.54679104	0.49784509	
538	0.54628015	0.49698885	
538.2	0.54581525	0.49613408	
538.4	0.54514548	0.49528078	
538.6	0.5443404	0.49442895	
538.8	0.54353156	0.49357858	
539	0.54326258	0.49272967	
539.2	0.54275419	0.49188223	
539.4	0.54222395	0.49103624	
539.6	0.5419036	0.49019171	
539.8	0.54143831	0.48934863	
