Conc1	1E-07	
Start1	240	
Stop1	479.8	
Kobs	6.26099209825532E-17	
Error Kobs	7175532618620.93	
Koff	0	
Error Koff	0	
Time1	Data1	Fit1	
240	-0.00370823	0	
240.2	-0.00437331	0	
240.4	-0.00501967	0	
240.6	-0.0060214	0	
240.8	-0.00711868	0	
241	-0.00801872	0	
241.2	-0.00916353	0	
241.4	-0.00989467	0	
241.6	-0.01079667	0	
241.8	-0.01172007	0	
242	-0.01252075	0	
242.2	-0.01303974	0	
242.4	-0.01395656	0	
242.6	-0.01425854	0	
242.8	-0.01470829	0	
243	-0.01507012	0	
243.2	-0.01527121	0	
243.4	-0.0156551	0	
243.6	-0.01587757	0	
243.8	-0.0162238	0	
244	-0.01637707	0	
244.2	-0.01660315	0	
244.4	-0.01674742	0	
244.6	-0.01717504	0	
244.8	-0.01756407	0	
245	-0.01763143	0	
245.2	-0.01826166	0	
245.4	-0.01883112	0	
245.6	-0.01904043	0	
245.8	-0.01959722	0	
246	-0.02021742	0	
246.2	-0.02084753	0	
246.4	-0.0215408	0	
246.6	-0.02156511	0	
246.8	-0.02198	0	
247	-0.02224911	0	
247.2	-0.02236869	0	
247.4	-0.02253477	0	
247.6	-0.02278282	0	
247.8	-0.02303793	0	
248	-0.02276873	0	
248.2	-0.022483	0	
248.4	-0.02249546	0	
248.6	-0.02271037	0	
248.8	-0.02264677	0	
249	-0.02305976	0	
249.2	-0.02370936	0	
249.4	-0.02397111	0	
249.6	-0.02367041	0	
249.8	-0.024405	0	
250	-0.02487672	0	
250.2	-0.02529211	0	
250.4	-0.02551479	0	
250.6	-0.02565588	0	
250.8	-0.02622883	0	
251	-0.02637459	0	
251.2	-0.02663764	0	
251.4	-0.02675429	0	
251.6	-0.02679296	0	
251.8	-0.02678055	0	
252	-0.02701345	0	
252.2	-0.02714531	0	
252.4	-0.02753188	0	
252.6	-0.02785595	0	
252.8	-0.02789345	0	
253	-0.0283306	0	
253.2	-0.02853544	0	
253.4	-0.02863058	0	
253.6	-0.02887808	0	
253.8	-0.02932437	0	
254	-0.02929648	0	
254.2	-0.02952741	0	
254.4	-0.02943232	0	
254.6	-0.029638	0	
254.8	-0.0296176	0	
255	-0.02918925	0	
255.2	-0.02923082	0	
255.4	-0.02921442	0	
255.6	-0.02898783	0	
255.8	-0.0290853	0	
256	-0.02892144	0	
256.2	-0.02839771	0	
256.4	-0.02876622	0	
256.6	-0.02856743	0	
256.8	-0.02852643	0	
257	-0.02882146	0	
257.2	-0.02924	0	
257.4	-0.02955045	0	
257.6	-0.02966697	0	
257.8	-0.02979396	0	
258	-0.03002331	0	
258.2	-0.03041534	0	
258.4	-0.03038448	0	
258.6	-0.03078293	0	
258.8	-0.03089908	0	
259	-0.03128005	0	
259.2	-0.0318957	0	
259.4	-0.03166157	0	
259.6	-0.03142635	0	
259.8	-0.03124969	0	
260	-0.03060885	0	
260.2	-0.03065633	0	
260.4	-0.03124162	0	
260.6	-0.03103765	0	
260.8	-0.03097237	0	
261	-0.03101264	0	
261.2	-0.03072087	0	
261.4	-0.03067228	0	
261.6	-0.03062273	0	
261.8	-0.03086397	0	
262	-0.03145775	0	
262.2	-0.03189088	0	
262.4	-0.03211007	0	
262.6	-0.03247042	0	
262.8	-0.03267528	0	
263	-0.03301926	0	
263.2	-0.03299498	0	
263.4	-0.03287151	0	
263.6	-0.0327495	0	
263.8	-0.03246064	0	
264	-0.03223778	0	
264.2	-0.03269458	0	
264.4	-0.03267269	0	
264.6	-0.03194258	0	
264.8	-0.03186629	0	
265	-0.0318426	0	
265.2	-0.03198819	0	
265.4	-0.0321854	0	
265.6	-0.03231782	0	
265.8	-0.03253136	0	
266	-0.03282083	0	
266.2	-0.03296603	0	
266.4	-0.03289679	0	
266.6	-0.03285075	0	
266.8	-0.03300415	0	
267	-0.03330903	0	
267.2	-0.03349105	0	
267.4	-0.03370724	0	
267.6	-0.03345734	0	
267.8	-0.03350915	0	
268	-0.03350387	0	
268.2	-0.03368398	0	
268.4	-0.03355528	0	
268.6	-0.03360867	0	
268.8	-0.03435801	0	
269	-0.03440645	0	
269.2	-0.03469369	0	
269.4	-0.03486178	0	
269.6	-0.03480014	0	
269.8	-0.03504127	0	
270	-0.03480047	0	
270.2	-0.03454948	0	
270.4	-0.03440835	0	
270.6	-0.03405652	0	
270.8	-0.03374672	0	
271	-0.03343381	0	
271.2	-0.03310973	0	
271.4	-0.03273955	0	
271.6	-0.03246309	0	
271.8	-0.03229471	0	
272	-0.03192453	0	
272.2	-0.03192152	0	
272.4	-0.03187118	0	
272.6	-0.03254314	0	
272.8	-0.03287646	0	
273	-0.03296386	0	
273.2	-0.03342805	0	
273.4	-0.03359511	0	
273.6	-0.03408511	0	
273.8	-0.03458624	0	
274	-0.03478699	0	
274.2	-0.03495988	0	
274.4	-0.03514641	0	
274.6	-0.0351009	0	
274.8	-0.03495653	0	
275	-0.03499325	0	
275.2	-0.03509361	0	
275.4	-0.03498386	0	
275.6	-0.03500985	0	
275.8	-0.03507993	0	
276	-0.0350612	0	
276.2	-0.03503369	0	
276.4	-0.03496939	0	
276.6	-0.03538884	0	
276.8	-0.03500194	0	
277	-0.03506812	0	
277.2	-0.03513786	0	
277.4	-0.03528828	0	
277.6	-0.03584927	0	
277.8	-0.03574956	0	
278	-0.03587692	0	
278.2	-0.03557621	0	
278.4	-0.03585021	0	
278.6	-0.03586978	0	
278.8	-0.03593388	0	
279	-0.03616711	0	
279.2	-0.03616216	0	
279.4	-0.03599985	0	
279.6	-0.03594908	0	
279.8	-0.03604309	0	
280	-0.03591176	0	
280.2	-0.03558812	0	
280.4	-0.03563564	0	
280.6	-0.03552392	0	
280.8	-0.03518582	0	
281	-0.03543576	0	
281.2	-0.03562297	0	
281.4	-0.0359985	0	
281.6	-0.03605023	0	
281.8	-0.03585831	0	
282	-0.03589455	0	
282.2	-0.03561822	0	
282.4	-0.0360522	0	
282.6	-0.03596917	0	
282.8	-0.03623354	0	
283	-0.03602287	0	
283.2	-0.03603859	0	
283.4	-0.03592707	0	
283.6	-0.03578348	0	
283.8	-0.03597281	0	
284	-0.03577956	0	
284.2	-0.03564428	0	
284.4	-0.03575438	0	
284.6	-0.03571733	0	
284.8	-0.03596846	0	
285	-0.03638683	0	
285.2	-0.03652545	0	
285.4	-0.03668805	0	
285.6	-0.0364789	0	
285.8	-0.03636222	0	
286	-0.03619619	0	
286.2	-0.03616974	0	
286.4	-0.03631483	0	
286.6	-0.03648864	0	
286.8	-0.0365935	0	
287	-0.03670723	0	
287.2	-0.03697308	0	
287.4	-0.03693817	0	
287.6	-0.03674583	0	
287.8	-0.03651627	0	
288	-0.03614645	0	
288.2	-0.03631951	0	
288.4	-0.0363718	0	
288.6	-0.03663366	0	
288.8	-0.03697612	0	
289	-0.03701211	0	
289.2	-0.03696382	0	
289.4	-0.03709022	0	
289.6	-0.03721158	0	
289.8	-0.03727634	0	
290	-0.03762022	0	
290.2	-0.03789604	0	
290.4	-0.03787061	0	
290.6	-0.03799787	0	
290.8	-0.03807959	0	
291	-0.03799184	0	
291.2	-0.03781871	0	
291.4	-0.03727265	0	
291.6	-0.03684602	0	
291.8	-0.03653158	0	
292	-0.03649727	0	
292.2	-0.0365094	0	
292.4	-0.03633673	0	
292.6	-0.03631032	0	
292.8	-0.03626022	0	
293	-0.0362576	0	
293.2	-0.03640692	0	
293.4	-0.03679874	0	
293.6	-0.03721024	0	
293.8	-0.03747682	0	
294	-0.03807327	0	
294.2	-0.0380689	0	
294.4	-0.03827642	0	
294.6	-0.03847151	0	
294.8	-0.03891064	0	
295	-0.03876762	0	
295.2	-0.03884959	0	
295.4	-0.03857666	0	
295.6	-0.03873865	0	
295.8	-0.03872997	0	
296	-0.03863459	0	
296.2	-0.03835152	0	
296.4	-0.03824615	0	
296.6	-0.03810543	0	
296.8	-0.03810034	0	
297	-0.0380092	0	
297.2	-0.03778972	0	
297.4	-0.03808218	0	
297.6	-0.03799962	0	
297.8	-0.037893	0	
298	-0.03817973	0	
298.2	-0.03813214	0	
298.4	-0.03841844	0	
298.6	-0.03856822	0	
298.8	-0.03871916	0	
299	-0.03850045	0	
299.2	-0.03866255	0	
299.4	-0.03848997	0	
299.6	-0.03834011	0	
299.8	-0.03811343	0	
300	-0.03809269	0	
300.2	-0.03814053	0	
300.4	-0.03824812	0	
300.6	-0.0381762	0	
300.8	-0.03826012	0	
301	-0.03832465	0	
301.2	-0.03832677	0	
301.4	-0.03862682	0	
301.6	-0.03853963	0	
301.8	-0.03852267	0	
302	-0.0387886	0	
302.2	-0.03889924	0	
302.4	-0.03957082	0	
302.6	-0.03975074	0	
302.8	-0.03955185	0	
303	-0.03941113	0	
303.2	-0.03936133	0	
303.4	-0.03895037	0	
303.6	-0.0387511	0	
303.8	-0.03871433	0	
304	-0.03888068	0	
304.2	-0.03884933	0	
304.4	-0.03874835	0	
304.6	-0.03862855	0	
304.8	-0.03859535	0	
305	-0.03846124	0	
305.2	-0.03844225	0	
305.4	-0.03826062	0	
305.6	-0.0380603	0	
305.8	-0.03774646	0	
306	-0.03791142	0	
306.2	-0.03807749	0	
306.4	-0.03827463	0	
306.6	-0.03820812	0	
306.8	-0.03817024	0	
307	-0.03864576	0	
307.2	-0.03834277	0	
307.4	-0.03846672	0	
307.6	-0.03849096	0	
307.8	-0.03880165	0	
308	-0.03875667	0	
308.2	-0.03895781	0	
308.4	-0.03906633	0	
308.6	-0.03938845	0	
308.8	-0.03959878	0	
309	-0.03974563	0	
309.2	-0.03993217	0	
309.4	-0.03981919	0	
309.6	-0.03974274	0	
309.8	-0.03956712	0	
310	-0.03998331	0	
310.2	-0.03989303	0	
310.4	-0.04003366	0	
310.6	-0.04019139	0	
310.8	-0.04019882	0	
311	-0.04034598	0	
311.2	-0.03970502	0	
311.4	-0.03963318	0	
311.6	-0.03933561	0	
311.8	-0.03944799	0	
312	-0.03895071	0	
312.2	-0.03882212	0	
312.4	-0.03889574	0	
312.6	-0.03916693	0	
312.8	-0.0392469	0	
313	-0.03904405	0	
313.2	-0.03915174	0	
313.4	-0.03934513	0	
313.6	-0.03955541	0	
313.8	-0.03905481	0	
314	-0.03924239	0	
314.2	-0.03920653	0	
314.4	-0.03948267	0	
314.6	-0.03947061	0	
314.8	-0.0397895	0	
315	-0.0398578	0	
315.2	-0.03966755	0	
315.4	-0.0395586	0	
315.6	-0.03946068	0	
315.8	-0.03954638	0	
316	-0.0395332	0	
316.2	-0.03960286	0	
316.4	-0.04013914	0	
316.6	-0.04039717	0	
316.8	-0.0404975	0	
317	-0.04026436	0	
317.2	-0.04036723	0	
317.4	-0.04043546	0	
317.6	-0.04049575	0	
317.8	-0.04052061	0	
318	-0.04087657	0	
318.2	-0.04075447	0	
318.4	-0.0406494	0	
318.6	-0.04054458	0	
318.8	-0.04042915	0	
319	-0.04046381	0	
319.2	-0.04044083	0	
319.4	-0.04022744	0	
319.6	-0.04047999	0	
319.8	-0.04054957	0	
320	-0.04056842	0	
320.2	-0.04024399	0	
320.4	-0.04002024	0	
320.6	-0.0397954	0	
320.8	-0.04002112	0	
321	-0.03991948	0	
321.2	-0.04009875	0	
321.4	-0.04034159	0	
321.6	-0.04066343	0	
321.8	-0.04103942	0	
322	-0.04064971	0	
322.2	-0.04045756	0	
322.4	-0.04055246	0	
322.6	-0.04064004	0	
322.8	-0.04054028	0	
323	-0.04076547	0	
323.2	-0.04067975	0	
323.4	-0.04079722	0	
323.6	-0.04094091	0	
323.8	-0.04051306	0	
324	-0.04079568	0	
324.2	-0.04086094	0	
324.4	-0.04098713	0	
324.6	-0.04123851	0	
324.8	-0.0413807	0	
325	-0.04120151	0	
325.2	-0.04158661	0	
325.4	-0.04130144	0	
325.6	-0.04159602	0	
325.8	-0.04184499	0	
326	-0.04172381	0	
326.2	-0.04171934	0	
326.4	-0.04182295	0	
326.6	-0.04179109	0	
326.8	-0.04128738	0	
327	-0.04127416	0	
327.2	-0.04135458	0	
327.4	-0.04117774	0	
327.6	-0.04099347	0	
327.8	-0.04079051	0	
328	-0.04102235	0	
328.2	-0.04108032	0	
328.4	-0.04102023	0	
328.6	-0.04112657	0	
328.8	-0.04100351	0	
329	-0.04116266	0	
329.2	-0.04126038	0	
329.4	-0.04120887	0	
329.6	-0.04178918	0	
329.8	-0.04160428	0	
330	-0.04143402	0	
330.2	-0.04150406	0	
330.4	-0.04148375	0	
330.6	-0.04143272	0	
330.8	-0.04135562	0	
331	-0.04153208	0	
331.2	-0.04150317	0	
331.4	-0.04113551	0	
331.6	-0.04108525	0	
331.8	-0.04101518	0	
332	-0.04120999	0	
332.2	-0.0413202	0	
332.4	-0.04127454	0	
332.6	-0.04125307	0	
332.8	-0.04116335	0	
333	-0.04104841	0	
333.2	-0.04118231	0	
333.4	-0.04146251	0	
333.6	-0.04145865	0	
333.8	-0.04114669	0	
334	-0.04099104	0	
334.2	-0.04107351	0	
334.4	-0.04092399	0	
334.6	-0.04107891	0	
334.8	-0.04142759	0	
335	-0.04150781	0	
335.2	-0.04162974	0	
335.4	-0.0415259	0	
335.6	-0.04138875	0	
335.8	-0.04160631	0	
336	-0.04167659	0	
336.2	-0.04168701	0	
336.4	-0.04195894	0	
336.6	-0.04204091	0	
336.8	-0.04225137	0	
337	-0.04220081	0	
337.2	-0.04215548	0	
337.4	-0.04200046	0	
337.6	-0.04165818	0	
337.8	-0.0412539	0	
338	-0.04058794	0	
338.2	-0.04048466	0	
338.4	-0.04030685	0	
338.6	-0.04052572	0	
338.8	-0.0406267	0	
339	-0.04026283	0	
339.2	-0.04018197	0	
339.4	-0.04007666	0	
339.6	-0.0400523	0	
339.8	-0.04039342	0	
340	-0.04055338	0	
340.2	-0.04103273	0	
340.4	-0.04155396	0	
340.6	-0.04169392	0	
340.8	-0.04173435	0	
341	-0.04188095	0	
341.2	-0.04186724	0	
341.4	-0.04195145	0	
341.6	-0.04205612	0	
341.8	-0.0420171	0	
342	-0.04227627	0	
342.2	-0.0423511	0	
342.4	-0.04213893	0	
342.6	-0.04217129	0	
342.8	-0.04174613	0	
343	-0.04165053	0	
343.2	-0.04168243	0	
343.4	-0.0414788	0	
343.6	-0.04153276	0	
343.8	-0.04144646	0	
344	-0.04160728	0	
344.2	-0.04194313	0	
344.4	-0.04189993	0	
344.6	-0.04187648	0	
344.8	-0.04183863	0	
345	-0.04196757	0	
345.2	-0.04186677	0	
345.4	-0.04195661	0	
345.6	-0.04237014	0	
345.8	-0.04235138	0	
346	-0.04259776	0	
346.2	-0.04220297	0	
346.4	-0.04213731	0	
346.6	-0.0423232	0	
346.8	-0.04241189	0	
347	-0.04252807	0	
347.2	-0.04248143	0	
347.4	-0.04254325	0	
347.6	-0.04264637	0	
347.8	-0.04238334	0	
348	-0.04233141	0	
348.2	-0.04228375	0	
348.4	-0.04190757	0	
348.6	-0.04186674	0	
348.8	-0.04164825	0	
349	-0.04134075	0	
349.2	-0.0412059	0	
349.4	-0.04106171	0	
349.6	-0.04133809	0	
349.8	-0.04152775	0	
350	-0.04165278	0	
350.2	-0.04165123	0	
350.4	-0.04188183	0	
350.6	-0.04188069	0	
350.8	-0.04196864	0	
351	-0.04213305	0	
351.2	-0.04251471	0	
351.4	-0.04252136	0	
351.6	-0.04251452	0	
351.8	-0.04268045	0	
352	-0.04268398	0	
352.2	-0.04285173	0	
352.4	-0.04264947	0	
352.6	-0.04258402	0	
352.8	-0.04231718	0	
353	-0.04200715	0	
353.2	-0.04195719	0	
353.4	-0.04216476	0	
353.6	-0.04283122	0	
353.8	-0.04282573	0	
354	-0.04260325	0	
354.2	-0.04252137	0	
354.4	-0.04235386	0	
354.6	-0.04177674	0	
354.8	-0.04196799	0	
355	-0.0425949	0	
355.2	-0.04270946	0	
355.4	-0.04279864	0	
355.6	-0.04334283	0	
355.8	-0.04331375	0	
356	-0.04326429	0	
356.2	-0.04332512	0	
356.4	-0.04303239	0	
356.6	-0.04292239	0	
356.8	-0.04279489	0	
357	-0.04258633	0	
357.2	-0.0425848	0	
357.4	-0.04280871	0	
357.6	-0.04278314	0	
357.8	-0.04254282	0	
358	-0.0425105	0	
358.2	-0.04245299	0	
358.4	-0.04238858	0	
358.6	-0.04247251	0	
358.8	-0.04307064	0	
359	-0.04361757	0	
359.2	-0.04381641	0	
359.4	-0.0442431	0	
359.6	-0.04456333	0	
359.8	-0.04444761	0	
360	-0.04393833	0	
360.2	-0.04291732	0	
360.4	-0.04203603	0	
360.6	-0.04112141	0	
360.8	-0.03992823	0	
361	-0.03918484	0	
361.2	-0.03823436	0	
361.4	-0.03727586	0	
361.6	-0.03648156	0	
361.8	-0.03565385	0	
362	-0.03516154	0	
362.2	-0.03479766	0	
362.4	-0.03480125	0	
362.6	-0.03428684	0	
362.8	-0.03403544	0	
363	-0.03347642	0	
363.2	-0.03278487	0	
363.4	-0.03220327	0	
363.6	-0.03143772	0	
363.8	-0.03069174	0	
364	-0.03006032	0	
364.2	-0.02940406	0	
364.4	-0.02900431	0	
364.6	-0.02858149	0	
364.8	-0.02797078	0	
365	-0.02780031	0	
365.2	-0.02748522	0	
365.4	-0.02720018	0	
365.6	-0.02687064	0	
365.8	-0.02687836	0	
366	-0.02683873	0	
366.2	-0.02662938	0	
366.4	-0.02642291	0	
366.6	-0.02594065	0	
366.8	-0.02571123	0	
367	-0.02539576	0	
367.2	-0.02479819	0	
367.4	-0.02437069	0	
367.6	-0.0239748	0	
367.8	-0.02355221	0	
368	-0.02355074	0	
368.2	-0.02356593	0	
368.4	-0.02334855	0	
368.6	-0.02336504	0	
368.8	-0.02291308	0	
369	-0.02288857	0	
369.2	-0.02278005	0	
369.4	-0.02237187	0	
369.6	-0.02230747	0	
369.8	-0.02230207	0	
370	-0.02197502	0	
370.2	-0.02195575	0	
370.4	-0.02147401	0	
370.6	-0.02095322	0	
370.8	-0.02053044	0	
371	-0.02003646	0	
371.2	-0.01952151	0	
371.4	-0.01944915	0	
371.6	-0.01939557	0	
371.8	-0.01931965	0	
372	-0.01939754	0	
372.2	-0.01918438	0	
372.4	-0.01938288	0	
372.6	-0.01964026	0	
372.8	-0.01918082	0	
373	-0.01931764	0	
373.2	-0.0193015	0	
373.4	-0.01918809	0	
373.6	-0.0190434	0	
373.8	-0.01865125	0	
374	-0.01875304	0	
374.2	-0.0186578	0	
374.4	-0.01790246	0	
374.6	-0.01798997	0	
374.8	-0.01788356	0	
375	-0.01779153	0	
375.2	-0.01793701	0	
375.4	-0.01799	0	
375.6	-0.01791626	0	
375.8	-0.01741592	0	
376	-0.01775955	0	
376.2	-0.01789972	0	
376.4	-0.01825824	0	
376.6	-0.01827098	0	
376.8	-0.01783708	0	
377	-0.01799987	0	
377.2	-0.01786562	0	
377.4	-0.01778909	0	
377.6	-0.01795272	0	
377.8	-0.01838856	0	
378	-0.01876986	0	
378.2	-0.0185894	0	
378.4	-0.01848064	0	
378.6	-0.0188338	0	
378.8	-0.01884407	0	
379	-0.01884436	0	
379.2	-0.01867478	0	
379.4	-0.01849885	0	
379.6	-0.0183074	0	
379.8	-0.01809481	0	
380	-0.01882396	0	
380.2	-0.01837906	0	
380.4	-0.01860139	0	
380.6	-0.01850229	0	
380.8	-0.01847725	0	
381	-0.01826205	0	
381.2	-0.01815178	0	
381.4	-0.01878417	0	
381.6	-0.01929318	0	
381.8	-0.01919042	0	
382	-0.01913626	0	
382.2	-0.01886106	0	
382.4	-0.01888873	0	
382.6	-0.01886705	0	
382.8	-0.0190767	0	
383	-0.01877831	0	
383.2	-0.0183756	0	
383.4	-0.01852997	0	
383.6	-0.01848585	0	
383.8	-0.01839191	0	
384	-0.01841394	0	
384.2	-0.01802476	0	
384.4	-0.018123	0	
384.6	-0.01773297	0	
384.8	-0.01790099	0	
385	-0.01763875	0	
385.2	-0.0175977	0	
385.4	-0.01783743	0	
385.6	-0.01737093	0	
385.8	-0.01692143	0	
386	-0.0171075	0	
386.2	-0.01694581	0	
386.4	-0.0167744	0	
386.6	-0.01687123	0	
386.8	-0.01722108	0	
387	-0.01722167	0	
387.2	-0.01697689	0	
387.4	-0.01709806	0	
387.6	-0.01682603	0	
387.8	-0.01670468	0	
388	-0.01667037	0	
388.2	-0.01672389	0	
388.4	-0.01690692	0	
388.6	-0.01692533	0	
388.8	-0.01716641	0	
389	-0.01715192	0	
389.2	-0.01685648	0	
389.4	-0.01671286	0	
389.6	-0.01645596	0	
389.8	-0.01663987	0	
390	-0.0168072	0	
390.2	-0.01677266	0	
390.4	-0.01689106	0	
390.6	-0.0171534	0	
390.8	-0.01774585	0	
391	-0.01793554	0	
391.2	-0.01791015	0	
391.4	-0.01807287	0	
391.6	-0.01817975	0	
391.8	-0.01805996	0	
392	-0.01813398	0	
392.2	-0.01838162	0	
392.4	-0.01844247	0	
392.6	-0.01807181	0	
392.8	-0.01818076	0	
393	-0.01806444	0	
393.2	-0.0178661	0	
393.4	-0.01732213	0	
393.6	-0.0170258	0	
393.8	-0.01694301	0	
394	-0.01677912	0	
394.2	-0.01692465	0	
394.4	-0.01692782	0	
394.6	-0.0168735	0	
394.8	-0.01718801	0	
395	-0.01729382	0	
395.2	-0.01735947	0	
395.4	-0.01735648	0	
395.6	-0.01761842	0	
395.8	-0.01759831	0	
396	-0.01815524	0	
396.2	-0.01840969	0	
396.4	-0.0185484	0	
396.6	-0.01865943	0	
396.8	-0.01868293	0	
397	-0.01868527	0	
397.2	-0.01844597	0	
397.4	-0.01778199	0	
397.6	-0.01760786	0	
397.8	-0.01738723	0	
398	-0.01666888	0	
398.2	-0.01669558	0	
398.4	-0.01621468	0	
398.6	-0.01610153	0	
398.8	-0.0161999	0	
399	-0.01612683	0	
399.2	-0.01641462	0	
399.4	-0.01665458	0	
399.6	-0.0171139	0	
399.8	-0.01723592	0	
400	-0.01767943	0	
400.2	-0.01801232	0	
400.4	-0.01847297	0	
400.6	-0.01857688	0	
400.8	-0.01857538	0	
401	-0.01869594	0	
401.2	-0.01849377	0	
401.4	-0.01825642	0	
401.6	-0.01802813	0	
401.8	-0.01793545	0	
402	-0.01755879	0	
402.2	-0.01771098	0	
402.4	-0.01750131	0	
402.6	-0.01761783	0	
402.8	-0.01777807	0	
403	-0.01772605	0	
403.2	-0.01787474	0	
403.4	-0.01773772	0	
403.6	-0.01774363	0	
403.8	-0.01782924	0	
404	-0.01798234	0	
404.2	-0.01785666	0	
404.4	-0.01775913	0	
404.6	-0.01778929	0	
404.8	-0.01802654	0	
405	-0.01814946	0	
405.2	-0.01807932	0	
405.4	-0.01796982	0	
405.6	-0.01778922	0	
405.8	-0.01806261	0	
406	-0.01779342	0	
406.2	-0.01779959	0	
406.4	-0.01786551	0	
406.6	-0.01814941	0	
406.8	-0.01820311	0	
407	-0.01812707	0	
407.2	-0.01780784	0	
407.4	-0.01776865	0	
407.6	-0.01794966	0	
407.8	-0.01792061	0	
408	-0.01774834	0	
408.2	-0.01776468	0	
408.4	-0.01805503	0	
408.6	-0.01817316	0	
408.8	-0.01830443	0	
409	-0.0187155	0	
409.2	-0.0183118	0	
409.4	-0.01852702	0	
409.6	-0.01825344	0	
409.8	-0.01831977	0	
410	-0.0180516	0	
410.2	-0.01773673	0	
410.4	-0.01745634	0	
410.6	-0.01761005	0	
410.8	-0.01758372	0	
411	-0.0174284	0	
411.2	-0.01706955	0	
411.4	-0.01725956	0	
411.6	-0.01738783	0	
411.8	-0.01725602	0	
412	-0.01797432	0	
412.2	-0.01830076	0	
412.4	-0.01823695	0	
412.6	-0.0185585	0	
412.8	-0.01925847	0	
413	-0.01949483	0	
413.2	-0.0190718	0	
413.4	-0.01930226	0	
413.6	-0.01885424	0	
413.8	-0.01878176	0	
414	-0.01854268	0	
414.2	-0.01805935	0	
414.4	-0.01796585	0	
414.6	-0.01800486	0	
414.8	-0.01756664	0	
415	-0.01709641	0	
415.2	-0.01708117	0	
415.4	-0.01715983	0	
415.6	-0.0169152	0	
415.8	-0.01709858	0	
416	-0.01767141	0	
416.2	-0.01750368	0	
416.4	-0.01741788	0	
416.6	-0.0175887	0	
416.8	-0.01749413	0	
417	-0.01726198	0	
417.2	-0.01739448	0	
417.4	-0.01775751	0	
417.6	-0.01791673	0	
417.8	-0.01815572	0	
418	-0.01819516	0	
418.2	-0.01807442	0	
418.4	-0.01819468	0	
418.6	-0.0182103	0	
418.8	-0.01817552	0	
419	-0.0182381	0	
419.2	-0.01817779	0	
419.4	-0.01806203	0	
419.6	-0.01788063	0	
419.8	-0.01812575	0	
420	-0.01822652	0	
420.2	-0.01803066	0	
420.4	-0.01799472	0	
420.6	-0.01778147	0	
420.8	-0.01771227	0	
421	-0.01768422	0	
421.2	-0.01799791	0	
421.4	-0.01852058	0	
421.6	-0.01850115	0	
421.8	-0.01842615	0	
422	-0.01818874	0	
422.2	-0.01788467	0	
422.4	-0.01796106	0	
422.6	-0.01786634	0	
422.8	-0.01764868	0	
423	-0.0174236	0	
423.2	-0.01737805	0	
423.4	-0.01755985	0	
423.6	-0.01770331	0	
423.8	-0.01793233	0	
424	-0.01834883	0	
424.2	-0.01840573	0	
424.4	-0.01858646	0	
424.6	-0.01849098	0	
424.8	-0.01832082	0	
425	-0.01821768	0	
425.2	-0.01883829	0	
425.4	-0.0187368	0	
425.6	-0.01819079	0	
425.8	-0.01830783	0	
426	-0.01813132	0	
426.2	-0.01833883	0	
426.4	-0.01854899	0	
426.6	-0.01884362	0	
426.8	-0.01874148	0	
427	-0.01897091	0	
427.2	-0.01911374	0	
427.4	-0.01947134	0	
427.6	-0.01981842	0	
427.8	-0.01985049	0	
428	-0.02010934	0	
428.2	-0.01959943	0	
428.4	-0.01976607	0	
428.6	-0.01979907	0	
428.8	-0.0195089	0	
429	-0.01924673	0	
429.2	-0.01899663	0	
429.4	-0.01847423	0	
429.6	-0.01865618	0	
429.8	-0.01888896	0	
430	-0.01857269	0	
430.2	-0.01880911	0	
430.4	-0.01866279	0	
430.6	-0.01885475	0	
430.8	-0.01860557	0	
431	-0.01853745	0	
431.2	-0.01864535	0	
431.4	-0.01872618	0	
431.6	-0.01852887	0	
431.8	-0.01841244	0	
432	-0.01853277	0	
432.2	-0.01873182	0	
432.4	-0.01903935	0	
432.6	-0.01906582	0	
432.8	-0.01886717	0	
433	-0.01854096	0	
433.2	-0.01889438	0	
433.4	-0.01906892	0	
433.6	-0.01933772	0	
433.8	-0.01910679	0	
434	-0.01900234	0	
434.2	-0.01899418	0	
434.4	-0.01874309	0	
434.6	-0.01874672	0	
434.8	-0.01867106	0	
435	-0.01857568	0	
435.2	-0.01872991	0	
435.4	-0.01841473	0	
435.6	-0.01848833	0	
435.8	-0.01870328	0	
436	-0.01885022	0	
436.2	-0.01924652	0	
436.4	-0.01899317	0	
436.6	-0.01926711	0	
436.8	-0.01932766	0	
437	-0.01941661	0	
437.2	-0.01943895	0	
437.4	-0.01931459	0	
437.6	-0.01930935	0	
437.8	-0.01929513	0	
438	-0.01895122	0	
438.2	-0.01878757	0	
438.4	-0.01886716	0	
438.6	-0.01911047	0	
438.8	-0.01910677	0	
439	-0.01937598	0	
439.2	-0.0196795	0	
439.4	-0.01959003	0	
439.6	-0.01979708	0	
439.8	-0.01970508	0	
440	-0.01955686	0	
440.2	-0.01947888	0	
440.4	-0.01944245	0	
440.6	-0.01932502	0	
440.8	-0.01926889	0	
441	-0.0193298	0	
441.2	-0.01908626	0	
441.4	-0.01917825	0	
441.6	-0.01879931	0	
441.8	-0.01913439	0	
442	-0.01874036	0	
442.2	-0.01864824	0	
442.4	-0.01903365	0	
442.6	-0.01930086	0	
442.8	-0.01932339	0	
443	-0.01960441	0	
443.2	-0.01970709	0	
443.4	-0.01944876	0	
443.6	-0.0195318	0	
443.8	-0.0195805	0	
444	-0.01959886	0	
444.2	-0.0195383	0	
444.4	-0.01996004	0	
444.6	-0.01963959	0	
444.8	-0.02005079	0	
445	-0.01999828	0	
445.2	-0.01984364	0	
445.4	-0.01962895	0	
445.6	-0.01962829	0	
445.8	-0.01981067	0	
446	-0.01950222	0	
446.2	-0.01966731	0	
446.4	-0.01998092	0	
446.6	-0.01982234	0	
446.8	-0.0196991	0	
447	-0.01973979	0	
447.2	-0.01955854	0	
447.4	-0.01952279	0	
447.6	-0.01975914	0	
447.8	-0.01974073	0	
448	-0.0199299	0	
448.2	-0.0194886	0	
448.4	-0.01978201	0	
448.6	-0.01931724	0	
448.8	-0.01959972	0	
449	-0.01938407	0	
449.2	-0.01945434	0	
449.4	-0.01933427	0	
449.6	-0.01903087	0	
449.8	-0.01899264	0	
450	-0.01915919	0	
450.2	-0.01909464	0	
450.4	-0.01904833	0	
450.6	-0.01894697	0	
450.8	-0.0188192	0	
451	-0.01871317	0	
451.2	-0.01862721	0	
451.4	-0.01860485	0	
451.6	-0.01859537	0	
451.8	-0.01879107	0	
452	-0.01913894	0	
452.2	-0.01922968	0	
452.4	-0.01953728	0	
452.6	-0.01949282	0	
452.8	-0.02005815	0	
453	-0.02019249	0	
453.2	-0.02046302	0	
453.4	-0.02047338	0	
453.6	-0.020666	0	
453.8	-0.0208743	0	
454	-0.02100031	0	
454.2	-0.02067184	0	
454.4	-0.02106468	0	
454.6	-0.02091543	0	
454.8	-0.0208951	0	
455	-0.021061	0	
455.2	-0.02110812	0	
455.4	-0.02103232	0	
455.6	-0.02127351	0	
455.8	-0.02130217	0	
456	-0.02133475	0	
456.2	-0.0214925	0	
456.4	-0.02115103	0	
456.6	-0.02106305	0	
456.8	-0.02070307	0	
457	-0.02049786	0	
457.2	-0.02023559	0	
457.4	-0.02034145	0	
457.6	-0.02053394	0	
457.8	-0.02014181	0	
458	-0.01986608	0	
458.2	-0.01981658	0	
458.4	-0.02000423	0	
458.6	-0.01997261	0	
458.8	-0.02013843	0	
459	-0.0201704	0	
459.2	-0.02036912	0	
459.4	-0.02044713	0	
459.6	-0.02021234	0	
459.8	-0.01995092	0	
460	-0.02005051	0	
460.2	-0.01983051	0	
460.4	-0.01948484	0	
460.6	-0.01903484	0	
460.8	-0.01892558	0	
461	-0.01925649	0	
461.2	-0.01954605	0	
461.4	-0.01997803	0	
461.6	-0.02020873	0	
461.8	-0.02023839	0	
462	-0.02027283	0	
462.2	-0.0206603	0	
462.4	-0.02053878	0	
462.6	-0.02091807	0	
462.8	-0.02104904	0	
463	-0.02078089	0	
463.2	-0.02074705	0	
463.4	-0.02023391	0	
463.6	-0.01996401	0	
463.8	-0.02001772	0	
464	-0.02005629	0	
464.2	-0.02024634	0	
464.4	-0.02022682	0	
464.6	-0.02011036	0	
464.8	-0.02066791	0	
465	-0.02098668	0	
465.2	-0.02094997	0	
465.4	-0.02110256	0	
465.6	-0.02143717	0	
465.8	-0.02124029	0	
466	-0.02102265	0	
466.2	-0.02064062	0	
466.4	-0.02042953	0	
466.6	-0.02036174	0	
466.8	-0.01990148	0	
467	-0.01932065	0	
467.2	-0.01912348	0	
467.4	-0.01887658	0	
467.6	-0.01887056	0	
467.8	-0.01899484	0	
468	-0.01911342	0	
468.2	-0.01927973	0	
468.4	-0.01922052	0	
468.6	-0.01935143	0	
468.8	-0.01983906	0	
469	-0.01964046	0	
469.2	-0.01973707	0	
469.4	-0.02026459	0	
469.6	-0.02035229	0	
469.8	-0.02002988	0	
470	-0.02030058	0	
470.2	-0.0202762	0	
470.4	-0.02059182	0	
470.6	-0.02048059	0	
470.8	-0.02041591	0	
471	-0.02041371	0	
471.2	-0.02037982	0	
471.4	-0.02035124	0	
471.6	-0.02013687	0	
471.8	-0.02021142	0	
472	-0.02016601	0	
472.2	-0.02028984	0	
472.4	-0.02025527	0	
472.6	-0.02037426	0	
472.8	-0.02071062	0	
473	-0.02078676	0	
473.2	-0.02118357	0	
473.4	-0.02139269	0	
473.6	-0.02147517	0	
473.8	-0.02172239	0	
474	-0.02192159	0	
474.2	-0.02205853	0	
474.4	-0.02217198	0	
474.6	-0.02222957	0	
474.8	-0.02212011	0	
475	-0.02193991	0	
475.2	-0.02178287	0	
475.4	-0.02148458	0	
475.6	-0.02093693	0	
475.8	-0.02055319	0	
476	-0.02018872	0	
476.2	-0.02037388	0	
476.4	-0.02040699	0	
476.6	-0.0206813	0	
476.8	-0.02076483	0	
477	-0.0208538	0	
477.2	-0.02100831	0	
477.4	-0.02115536	0	
477.6	-0.02136089	0	
477.8	-0.02124103	0	
478	-0.02108396	0	
478.2	-0.02124332	0	
478.4	-0.02118793	0	
478.6	-0.02117594	0	
478.8	-0.02102957	0	
479	-0.02104599	0	
479.2	-0.02098693	0	
479.4	-0.02078472	0	
479.6	-0.02069187	0	
479.8	-0.02077696	0	
