Conc1	3E-07	
Start1	240	
Stop1	479.8	
Kobs	5.00879367860426E-16	
Error Kobs	163553407824.889	
Koff	0	
Error Koff	0	
Time1	Data1	Fit1	
240	0.00513786	0	
240.2	0.00401373	0	
240.4	0.00286774	0	
240.6	0.0018876	0	
240.8	0.00077904	0	
241	-0.00049922	0	
241.2	-0.00177581	0	
241.4	-0.00320125	0	
241.6	-0.0042019	0	
241.8	-0.00535149	0	
242	-0.00631348	0	
242.2	-0.00710422	0	
242.4	-0.00803635	0	
242.6	-0.0091671	0	
242.8	-0.0099317	0	
243	-0.01064172	0	
243.2	-0.01126477	0	
243.4	-0.01190441	0	
243.6	-0.01258087	0	
243.8	-0.01317459	0	
244	-0.01355469	0	
244.2	-0.0138945	0	
244.4	-0.01427998	0	
244.6	-0.01464054	0	
244.8	-0.01521638	0	
245	-0.01576767	0	
245.2	-0.01624398	0	
245.4	-0.01686767	0	
245.6	-0.01693765	0	
245.8	-0.01773681	0	
246	-0.01833607	0	
246.2	-0.01863395	0	
246.4	-0.01900798	0	
246.6	-0.01936299	0	
246.8	-0.01977408	0	
247	-0.01998796	0	
247.2	-0.02014773	0	
247.4	-0.02022476	0	
247.6	-0.02016981	0	
247.8	-0.020101	0	
248	-0.01995449	0	
248.2	-0.02004395	0	
248.4	-0.02022018	0	
248.6	-0.02053939	0	
248.8	-0.02122807	0	
249	-0.02121902	0	
249.2	-0.02141473	0	
249.4	-0.0218182	0	
249.6	-0.02220729	0	
249.8	-0.02287334	0	
250	-0.02322954	0	
250.2	-0.02334526	0	
250.4	-0.02371556	0	
250.6	-0.02400812	0	
250.8	-0.02467708	0	
251	-0.02462517	0	
251.2	-0.02474893	0	
251.4	-0.02447438	0	
251.6	-0.02439538	0	
251.8	-0.02462928	0	
252	-0.02462694	0	
252.2	-0.02512731	0	
252.4	-0.02522809	0	
252.6	-0.02576712	0	
252.8	-0.02639311	0	
253	-0.02656994	0	
253.2	-0.02682081	0	
253.4	-0.02721697	0	
253.6	-0.02747028	0	
253.8	-0.02753613	0	
254	-0.02789213	0	
254.2	-0.02807091	0	
254.4	-0.02796946	0	
254.6	-0.02769823	0	
254.8	-0.02781776	0	
255	-0.02736746	0	
255.2	-0.02716985	0	
255.4	-0.02670819	0	
255.6	-0.02650059	0	
255.8	-0.02643484	0	
256	-0.02643734	0	
256.2	-0.02687946	0	
256.4	-0.02702085	0	
256.6	-0.02718377	0	
256.8	-0.02737106	0	
257	-0.02765873	0	
257.2	-0.02754419	0	
257.4	-0.02796131	0	
257.6	-0.02790063	0	
257.8	-0.02833685	0	
258	-0.02857945	0	
258.2	-0.02858732	0	
258.4	-0.02822619	0	
258.6	-0.02806692	0	
258.8	-0.02842811	0	
259	-0.02820107	0	
259.2	-0.0279953	0	
259.4	-0.02779076	0	
259.6	-0.02764512	0	
259.8	-0.0277673	0	
260	-0.02783269	0	
260.2	-0.02799791	0	
260.4	-0.02836259	0	
260.6	-0.02821864	0	
260.8	-0.02830721	0	
261	-0.02870193	0	
261.2	-0.02868767	0	
261.4	-0.02925126	0	
261.6	-0.02916555	0	
261.8	-0.02957235	0	
262	-0.02955104	0	
262.2	-0.02958193	0	
262.4	-0.02925806	0	
262.6	-0.02927642	0	
262.8	-0.02944137	0	
263	-0.0292031	0	
263.2	-0.0291742	0	
263.4	-0.02912585	0	
263.6	-0.02911496	0	
263.8	-0.02949596	0	
264	-0.02939938	0	
264.2	-0.0295063	0	
264.4	-0.0296615	0	
264.6	-0.02973186	0	
264.8	-0.02969628	0	
265	-0.02974965	0	
265.2	-0.03001066	0	
265.4	-0.03050824	0	
265.6	-0.03020694	0	
265.8	-0.03039233	0	
266	-0.0301613	0	
266.2	-0.02989597	0	
266.4	-0.02955333	0	
266.6	-0.02946538	0	
266.8	-0.02910579	0	
267	-0.02883268	0	
267.2	-0.0289787	0	
267.4	-0.02929338	0	
267.6	-0.02950147	0	
267.8	-0.02976284	0	
268	-0.02978585	0	
268.2	-0.02995377	0	
268.4	-0.03017584	0	
268.6	-0.03074826	0	
268.8	-0.03108812	0	
269	-0.03118556	0	
269.2	-0.03157648	0	
269.4	-0.0317683	0	
269.6	-0.03158604	0	
269.8	-0.03162045	0	
270	-0.0312855	0	
270.2	-0.03126198	0	
270.4	-0.03110787	0	
270.6	-0.03086415	0	
270.8	-0.03066322	0	
271	-0.03077871	0	
271.2	-0.03108959	0	
271.4	-0.03107446	0	
271.6	-0.03088664	0	
271.8	-0.03054362	0	
272	-0.03032782	0	
272.2	-0.02987776	0	
272.4	-0.02974724	0	
272.6	-0.02987051	0	
272.8	-0.02945246	0	
273	-0.02930779	0	
273.2	-0.02935033	0	
273.4	-0.02935825	0	
273.6	-0.02930887	0	
273.8	-0.02935905	0	
274	-0.02957308	0	
274.2	-0.02989631	0	
274.4	-0.03011186	0	
274.6	-0.03035445	0	
274.8	-0.0306872	0	
275	-0.0303881	0	
275.2	-0.03052962	0	
275.4	-0.03073006	0	
275.6	-0.03062311	0	
275.8	-0.03059852	0	
276	-0.03048835	0	
276.2	-0.03035773	0	
276.4	-0.03048875	0	
276.6	-0.03044834	0	
276.8	-0.02999401	0	
277	-0.03037161	0	
277.2	-0.03030978	0	
277.4	-0.03030345	0	
277.6	-0.03018915	0	
277.8	-0.03005644	0	
278	-0.03000607	0	
278.2	-0.03002264	0	
278.4	-0.02986798	0	
278.6	-0.03003541	0	
278.8	-0.02975375	0	
279	-0.02938248	0	
279.2	-0.02992756	0	
279.4	-0.03024802	0	
279.6	-0.03026892	0	
279.8	-0.03054764	0	
280	-0.03072081	0	
280.2	-0.03097411	0	
280.4	-0.03105741	0	
280.6	-0.03105856	0	
280.8	-0.03116239	0	
281	-0.03153927	0	
281.2	-0.03157923	0	
281.4	-0.03126574	0	
281.6	-0.03118199	0	
281.8	-0.03096107	0	
282	-0.03094174	0	
282.2	-0.03109621	0	
282.4	-0.0309989	0	
282.6	-0.0308509	0	
282.8	-0.0304878	0	
283	-0.03045085	0	
283.2	-0.03065991	0	
283.4	-0.03060621	0	
283.6	-0.03052054	0	
283.8	-0.03024395	0	
284	-0.03017978	0	
284.2	-0.03009599	0	
284.4	-0.03013666	0	
284.6	-0.03038753	0	
284.8	-0.03046917	0	
285	-0.03058476	0	
285.2	-0.03077771	0	
285.4	-0.03078646	0	
285.6	-0.03078203	0	
285.8	-0.03101299	0	
286	-0.03129912	0	
286.2	-0.0314186	0	
286.4	-0.03131165	0	
286.6	-0.03144986	0	
286.8	-0.03133183	0	
287	-0.0316114	0	
287.2	-0.03173063	0	
287.4	-0.03162713	0	
287.6	-0.03156488	0	
287.8	-0.0314153	0	
288	-0.03155297	0	
288.2	-0.03142337	0	
288.4	-0.03150124	0	
288.6	-0.03166817	0	
288.8	-0.03129485	0	
289	-0.03152217	0	
289.2	-0.03130406	0	
289.4	-0.03111859	0	
289.6	-0.03086145	0	
289.8	-0.03081955	0	
290	-0.03041786	0	
290.2	-0.0300252	0	
290.4	-0.02983822	0	
290.6	-0.03002767	0	
290.8	-0.029944	0	
291	-0.03031263	0	
291.2	-0.03035763	0	
291.4	-0.03037677	0	
291.6	-0.03074708	0	
291.8	-0.03075211	0	
292	-0.03110823	0	
292.2	-0.03103149	0	
292.4	-0.03112369	0	
292.6	-0.03108026	0	
292.8	-0.03079392	0	
293	-0.03113915	0	
293.2	-0.03069637	0	
293.4	-0.03069214	0	
293.6	-0.03053891	0	
293.8	-0.03017501	0	
294	-0.03026529	0	
294.2	-0.03017609	0	
294.4	-0.03020327	0	
294.6	-0.03057223	0	
294.8	-0.0309911	0	
295	-0.03128749	0	
295.2	-0.03144005	0	
295.4	-0.03130547	0	
295.6	-0.031317	0	
295.8	-0.03106037	0	
296	-0.03091788	0	
296.2	-0.03049179	0	
296.4	-0.03024246	0	
296.6	-0.02980789	0	
296.8	-0.02943272	0	
297	-0.02919089	0	
297.2	-0.02871631	0	
297.4	-0.02859905	0	
297.6	-0.02843885	0	
297.8	-0.02805711	0	
298	-0.02820381	0	
298.2	-0.02801199	0	
298.4	-0.02796598	0	
298.6	-0.02843653	0	
298.8	-0.0288441	0	
299	-0.02913489	0	
299.2	-0.02909871	0	
299.4	-0.02887037	0	
299.6	-0.02939036	0	
299.8	-0.02961415	0	
300	-0.02963471	0	
300.2	-0.02971741	0	
300.4	-0.02973885	0	
300.6	-0.02937835	0	
300.8	-0.02927611	0	
301	-0.02946633	0	
301.2	-0.0298123	0	
301.4	-0.02985336	0	
301.6	-0.02951455	0	
301.8	-0.02953039	0	
302	-0.02971529	0	
302.2	-0.0294838	0	
302.4	-0.02925451	0	
302.6	-0.02956266	0	
302.8	-0.02963977	0	
303	-0.02963436	0	
303.2	-0.02967795	0	
303.4	-0.02974536	0	
303.6	-0.03007942	0	
303.8	-0.03005835	0	
304	-0.03005015	0	
304.2	-0.03007849	0	
304.4	-0.03023886	0	
304.6	-0.02979893	0	
304.8	-0.02993585	0	
305	-0.03024484	0	
305.2	-0.0300782	0	
305.4	-0.03008161	0	
305.6	-0.03001525	0	
305.8	-0.03020425	0	
306	-0.030065	0	
306.2	-0.02969818	0	
306.4	-0.02945679	0	
306.6	-0.02942178	0	
306.8	-0.02915312	0	
307	-0.02934247	0	
307.2	-0.02956415	0	
307.4	-0.02946519	0	
307.6	-0.02935134	0	
307.8	-0.02924421	0	
308	-0.02919605	0	
308.2	-0.02937963	0	
308.4	-0.02933272	0	
308.6	-0.02900458	0	
308.8	-0.02923984	0	
309	-0.02905688	0	
309.2	-0.02889354	0	
309.4	-0.02916044	0	
309.6	-0.02909991	0	
309.8	-0.0288458	0	
310	-0.02870468	0	
310.2	-0.0285739	0	
310.4	-0.02828688	0	
310.6	-0.02826578	0	
310.8	-0.02858827	0	
311	-0.02891753	0	
311.2	-0.0289968	0	
311.4	-0.0286444	0	
311.6	-0.02862605	0	
311.8	-0.02867401	0	
312	-0.02893028	0	
312.2	-0.02928356	0	
312.4	-0.02923037	0	
312.6	-0.02923139	0	
312.8	-0.02947617	0	
313	-0.02940383	0	
313.2	-0.0299142	0	
313.4	-0.02994294	0	
313.6	-0.02987052	0	
313.8	-0.02983326	0	
314	-0.02973863	0	
314.2	-0.02947971	0	
314.4	-0.02930812	0	
314.6	-0.02967346	0	
314.8	-0.02980357	0	
315	-0.02996424	0	
315.2	-0.03001247	0	
315.4	-0.02948558	0	
315.6	-0.0290721	0	
315.8	-0.0289077	0	
316	-0.02881378	0	
316.2	-0.0287227	0	
316.4	-0.02871466	0	
316.6	-0.02891548	0	
316.8	-0.0291464	0	
317	-0.02928673	0	
317.2	-0.02935234	0	
317.4	-0.0294396	0	
317.6	-0.02954101	0	
317.8	-0.02957227	0	
318	-0.02941934	0	
318.2	-0.02955692	0	
318.4	-0.03000305	0	
318.6	-0.03009098	0	
318.8	-0.03012421	0	
319	-0.03026759	0	
319.2	-0.0301103	0	
319.4	-0.02941773	0	
319.6	-0.02919671	0	
319.8	-0.02909244	0	
320	-0.02907712	0	
320.2	-0.02901007	0	
320.4	-0.02891641	0	
320.6	-0.0290158	0	
320.8	-0.02898876	0	
321	-0.0293632	0	
321.2	-0.02951446	0	
321.4	-0.03003973	0	
321.6	-0.02994274	0	
321.8	-0.02989584	0	
322	-0.03019573	0	
322.2	-0.03039742	0	
322.4	-0.03049799	0	
322.6	-0.03060102	0	
322.8	-0.03075273	0	
323	-0.03074496	0	
323.2	-0.03052686	0	
323.4	-0.03023793	0	
323.6	-0.03005166	0	
323.8	-0.02955228	0	
324	-0.02954994	0	
324.2	-0.02900934	0	
324.4	-0.02862297	0	
324.6	-0.02881073	0	
324.8	-0.02862968	0	
325	-0.02860346	0	
325.2	-0.02817723	0	
325.4	-0.02854587	0	
325.6	-0.02849588	0	
325.8	-0.02826575	0	
326	-0.02851567	0	
326.2	-0.02864919	0	
326.4	-0.02891223	0	
326.6	-0.02955527	0	
326.8	-0.02944824	0	
327	-0.0297511	0	
327.2	-0.02981887	0	
327.4	-0.02986329	0	
327.6	-0.02963135	0	
327.8	-0.02938674	0	
328	-0.02938373	0	
328.2	-0.02930275	0	
328.4	-0.02904544	0	
328.6	-0.02890248	0	
328.8	-0.0286061	0	
329	-0.02828611	0	
329.2	-0.02819761	0	
329.4	-0.02854892	0	
329.6	-0.0280855	0	
329.8	-0.0275943	0	
330	-0.02790271	0	
330.2	-0.02773761	0	
330.4	-0.02796434	0	
330.6	-0.02791564	0	
330.8	-0.02805696	0	
331	-0.02833155	0	
331.2	-0.02819898	0	
331.4	-0.02833717	0	
331.6	-0.02824116	0	
331.8	-0.02835014	0	
332	-0.02844847	0	
332.2	-0.02837292	0	
332.4	-0.02827764	0	
332.6	-0.02851742	0	
332.8	-0.02848688	0	
333	-0.02833539	0	
333.2	-0.02842716	0	
333.4	-0.02831379	0	
333.6	-0.02817676	0	
333.8	-0.02811051	0	
334	-0.02820169	0	
334.2	-0.02832958	0	
334.4	-0.02860537	0	
334.6	-0.02893247	0	
334.8	-0.0292728	0	
335	-0.02963706	0	
335.2	-0.02949232	0	
335.4	-0.02968705	0	
335.6	-0.02949656	0	
335.8	-0.02947712	0	
336	-0.02945465	0	
336.2	-0.02931693	0	
336.4	-0.02928601	0	
336.6	-0.02902407	0	
336.8	-0.02873933	0	
337	-0.0284293	0	
337.2	-0.02820116	0	
337.4	-0.02768459	0	
337.6	-0.02769786	0	
337.8	-0.02734371	0	
338	-0.02723119	0	
338.2	-0.02742409	0	
338.4	-0.02717732	0	
338.6	-0.02728105	0	
338.8	-0.02731812	0	
339	-0.02784546	0	
339.2	-0.02749508	0	
339.4	-0.02755378	0	
339.6	-0.02786554	0	
339.8	-0.02800104	0	
340	-0.02812583	0	
340.2	-0.0279983	0	
340.4	-0.02838061	0	
340.6	-0.02845818	0	
340.8	-0.02837528	0	
341	-0.02819671	0	
341.2	-0.02807519	0	
341.4	-0.02784609	0	
341.6	-0.02802965	0	
341.8	-0.0278813	0	
342	-0.02822385	0	
342.2	-0.02794606	0	
342.4	-0.02780007	0	
342.6	-0.02781673	0	
342.8	-0.02768255	0	
343	-0.02750066	0	
343.2	-0.02699561	0	
343.4	-0.02705753	0	
343.6	-0.02723631	0	
343.8	-0.02694225	0	
344	-0.02694818	0	
344.2	-0.02714411	0	
344.4	-0.02729096	0	
344.6	-0.02728804	0	
344.8	-0.02745403	0	
345	-0.02732052	0	
345.2	-0.02758444	0	
345.4	-0.02797467	0	
345.6	-0.02805564	0	
345.8	-0.02832068	0	
346	-0.0283806	0	
346.2	-0.02819469	0	
346.4	-0.02819827	0	
346.6	-0.02797649	0	
346.8	-0.02758953	0	
347	-0.02765507	0	
347.2	-0.02769912	0	
347.4	-0.02787021	0	
347.6	-0.02776788	0	
347.8	-0.02757275	0	
348	-0.02756441	0	
348.2	-0.02790259	0	
348.4	-0.02817774	0	
348.6	-0.02870255	0	
348.8	-0.02868162	0	
349	-0.02834808	0	
349.2	-0.02883044	0	
349.4	-0.02861352	0	
349.6	-0.02825943	0	
349.8	-0.02838671	0	
350	-0.02828349	0	
350.2	-0.02824282	0	
350.4	-0.02799759	0	
350.6	-0.02794093	0	
350.8	-0.02768429	0	
351	-0.02791664	0	
351.2	-0.02791735	0	
351.4	-0.02764175	0	
351.6	-0.02752398	0	
351.8	-0.0274738	0	
352	-0.02769385	0	
352.2	-0.02787	0	
352.4	-0.02757512	0	
352.6	-0.02726454	0	
352.8	-0.02690422	0	
353	-0.02651803	0	
353.2	-0.0266647	0	
353.4	-0.02650488	0	
353.6	-0.02668863	0	
353.8	-0.02685076	0	
354	-0.02690908	0	
354.2	-0.02683319	0	
354.4	-0.02665465	0	
354.6	-0.02663845	0	
354.8	-0.02658773	0	
355	-0.02675984	0	
355.2	-0.02690389	0	
355.4	-0.02663595	0	
355.6	-0.02708691	0	
355.8	-0.02735315	0	
356	-0.02753394	0	
356.2	-0.02744712	0	
356.4	-0.02704555	0	
356.6	-0.02709314	0	
356.8	-0.02730672	0	
357	-0.02735866	0	
357.2	-0.02759042	0	
357.4	-0.02785245	0	
357.6	-0.02768873	0	
357.8	-0.02771212	0	
358	-0.02757403	0	
358.2	-0.02726155	0	
358.4	-0.02688246	0	
358.6	-0.02667044	0	
358.8	-0.02632081	0	
359	-0.02587998	0	
359.2	-0.02555995	0	
359.4	-0.02509156	0	
359.6	-0.0251977	0	
359.8	-0.02479871	0	
360	-0.02485871	0	
360.2	-0.02382797	0	
360.4	-0.0225297	0	
360.6	-0.02119134	0	
360.8	-0.01956739	0	
361	-0.01796741	0	
361.2	-0.01688906	0	
361.4	-0.01548874	0	
361.6	-0.01429587	0	
361.8	-0.0134153	0	
362	-0.01239977	0	
362.2	-0.01123543	0	
362.4	-0.01019116	0	
362.6	-0.0092079	0	
362.8	-0.00834437	0	
363	-0.00743148	0	
363.2	-0.00700221	0	
363.4	-0.00631516	0	
363.6	-0.0061034	0	
363.8	-0.00563808	0	
364	-0.00488525	0	
364.2	-0.00371818	0	
364.4	-0.00263952	0	
364.6	-0.00208062	0	
364.8	-0.00119492	0	
365	-0.00041227	0	
365.2	-0.00015528	0	
365.4	0.00016581	0	
365.6	0.00022368	0	
365.8	0.00044004	0	
366	0.00103417	0	
366.2	0.00124061	0	
366.4	0.00142832	0	
366.6	0.00179492	0	
366.8	0.00224848	0	
367	0.00217049	0	
367.2	0.00186224	0	
367.4	0.00218705	0	
367.6	0.002187	0	
367.8	0.00289044	0	
368	0.00339918	0	
368.2	0.00413425	0	
368.4	0.00450041	0	
368.6	0.00505574	0	
368.8	0.00563894	0	
369	0.00613343	0	
369.2	0.00614715	0	
369.4	0.00604646	0	
369.6	0.00609702	0	
369.8	0.00603593	0	
370	0.00617924	0	
370.2	0.00628252	0	
370.4	0.00654369	0	
370.6	0.00678613	0	
370.8	0.00694154	0	
371	0.00699295	0	
371.2	0.00703013	0	
371.4	0.007419	0	
371.6	0.0077011	0	
371.8	0.00800209	0	
372	0.00835029	0	
372.2	0.00873304	0	
372.4	0.00893507	0	
372.6	0.00928815	0	
372.8	0.0092925	0	
373	0.00953501	0	
373.2	0.00966181	0	
373.4	0.00957277	0	
373.6	0.00939511	0	
373.8	0.00913934	0	
374	0.00914183	0	
374.2	0.00943407	0	
374.4	0.0096778	0	
374.6	0.0103033	0	
374.8	0.01077114	0	
375	0.0109292	0	
375.2	0.01110633	0	
375.4	0.01115542	0	
375.6	0.01128506	0	
375.8	0.01133634	0	
376	0.01171194	0	
376.2	0.01167895	0	
376.4	0.01180926	0	
376.6	0.01184336	0	
376.8	0.01193228	0	
377	0.01187259	0	
377.2	0.01166202	0	
377.4	0.01129631	0	
377.6	0.01100843	0	
377.8	0.01098952	0	
378	0.0113762	0	
378.2	0.01166888	0	
378.4	0.01182949	0	
378.6	0.01196194	0	
378.8	0.01202895	0	
379	0.01218914	0	
379.2	0.01225591	0	
379.4	0.01220777	0	
379.6	0.01209338	0	
379.8	0.012529	0	
380	0.01294211	0	
380.2	0.01297257	0	
380.4	0.01300748	0	
380.6	0.01327832	0	
380.8	0.01360293	0	
381	0.01366764	0	
381.2	0.01388083	0	
381.4	0.01422511	0	
381.6	0.01446842	0	
381.8	0.01497847	0	
382	0.01531962	0	
382.2	0.01522028	0	
382.4	0.01557821	0	
382.6	0.01547929	0	
382.8	0.01536801	0	
383	0.01531966	0	
383.2	0.01520665	0	
383.4	0.01515655	0	
383.6	0.01453133	0	
383.8	0.01456384	0	
384	0.01429297	0	
384.2	0.01433235	0	
384.4	0.01414519	0	
384.6	0.01456787	0	
384.8	0.01461494	0	
385	0.01450849	0	
385.2	0.01467191	0	
385.4	0.0147622	0	
385.6	0.01448426	0	
385.8	0.01479505	0	
386	0.0152092	0	
386.2	0.01523059	0	
386.4	0.0152189	0	
386.6	0.01494501	0	
386.8	0.01461114	0	
387	0.01471107	0	
387.2	0.01485298	0	
387.4	0.01410441	0	
387.6	0.01359049	0	
387.8	0.01337331	0	
388	0.01372696	0	
388.2	0.01375187	0	
388.4	0.013544	0	
388.6	0.01380264	0	
388.8	0.01352154	0	
389	0.01379804	0	
389.2	0.0143779	0	
389.4	0.01476605	0	
389.6	0.01504249	0	
389.8	0.01596243	0	
390	0.01621073	0	
390.2	0.01621201	0	
390.4	0.01624902	0	
390.6	0.01682724	0	
390.8	0.01686241	0	
391	0.01716038	0	
391.2	0.01700527	0	
391.4	0.01671094	0	
391.6	0.01682385	0	
391.8	0.01674236	0	
392	0.01723833	0	
392.2	0.017061	0	
392.4	0.01687712	0	
392.6	0.01687461	0	
392.8	0.01678199	0	
393	0.01688863	0	
393.2	0.01684542	0	
393.4	0.01653206	0	
393.6	0.01630065	0	
393.8	0.01612595	0	
394	0.01533456	0	
394.2	0.01518285	0	
394.4	0.01524831	0	
394.6	0.01552045	0	
394.8	0.01518526	0	
395	0.01494409	0	
395.2	0.01469809	0	
395.4	0.01478646	0	
395.6	0.0148722	0	
395.8	0.01501845	0	
396	0.01523355	0	
396.2	0.01496482	0	
396.4	0.01472866	0	
396.6	0.01479512	0	
396.8	0.01435416	0	
397	0.01378564	0	
397.2	0.01364892	0	
397.4	0.01335165	0	
397.6	0.01307267	0	
397.8	0.01312209	0	
398	0.01309761	0	
398.2	0.01355038	0	
398.4	0.01428402	0	
398.6	0.01447919	0	
398.8	0.01465063	0	
399	0.01468984	0	
399.2	0.014981	0	
399.4	0.01541427	0	
399.6	0.01590046	0	
399.8	0.01605039	0	
400	0.01610792	0	
400.2	0.01600794	0	
400.4	0.01606634	0	
400.6	0.01590531	0	
400.8	0.01537281	0	
401	0.01481186	0	
401.2	0.01487155	0	
401.4	0.01477214	0	
401.6	0.01481307	0	
401.8	0.01507731	0	
402	0.01502062	0	
402.2	0.0153041	0	
402.4	0.01536777	0	
402.6	0.01513154	0	
402.8	0.01521878	0	
403	0.01518627	0	
403.2	0.01534482	0	
403.4	0.01538116	0	
403.6	0.01485446	0	
403.8	0.01509919	0	
404	0.01555344	0	
404.2	0.01564724	0	
404.4	0.01578982	0	
404.6	0.01620072	0	
404.8	0.01608276	0	
405	0.01625862	0	
405.2	0.01692199	0	
405.4	0.01692628	0	
405.6	0.01693811	0	
405.8	0.01671692	0	
406	0.01629827	0	
406.2	0.01616256	0	
406.4	0.01575324	0	
406.6	0.01535473	0	
406.8	0.01534911	0	
407	0.01531459	0	
407.2	0.01487093	0	
407.4	0.01424291	0	
407.6	0.01398926	0	
407.8	0.01472017	0	
408	0.01508651	0	
408.2	0.01508654	0	
408.4	0.0152858	0	
408.6	0.01541458	0	
408.8	0.01501611	0	
409	0.01537854	0	
409.2	0.01579542	0	
409.4	0.0157337	0	
409.6	0.01605592	0	
409.8	0.015949	0	
410	0.01565001	0	
410.2	0.0155632	0	
410.4	0.01538989	0	
410.6	0.01525178	0	
410.8	0.01558752	0	
411	0.015567	0	
411.2	0.01506543	0	
411.4	0.01510739	0	
411.6	0.01562334	0	
411.8	0.01587043	0	
412	0.01627509	0	
412.2	0.01632901	0	
412.4	0.01637334	0	
412.6	0.01646526	0	
412.8	0.01687262	0	
413	0.01745592	0	
413.2	0.01776779	0	
413.4	0.01779245	0	
413.6	0.01754085	0	
413.8	0.01695218	0	
414	0.01666754	0	
414.2	0.01592446	0	
414.4	0.0152315	0	
414.6	0.01483637	0	
414.8	0.01439889	0	
415	0.01387827	0	
415.2	0.01351364	0	
415.4	0.01349701	0	
415.6	0.01366242	0	
415.8	0.01370327	0	
416	0.013455	0	
416.2	0.01333838	0	
416.4	0.01374546	0	
416.6	0.0142216	0	
416.8	0.01482557	0	
417	0.01540039	0	
417.2	0.01563853	0	
417.4	0.01579481	0	
417.6	0.01600694	0	
417.8	0.01628687	0	
418	0.01633092	0	
418.2	0.01560328	0	
418.4	0.0155442	0	
418.6	0.01542827	0	
418.8	0.01514842	0	
419	0.01514243	0	
419.2	0.01490865	0	
419.4	0.01451261	0	
419.6	0.01448344	0	
419.8	0.01432321	0	
420	0.01372542	0	
420.2	0.01367154	0	
420.4	0.01418882	0	
420.6	0.01429945	0	
420.8	0.01450445	0	
421	0.01485157	0	
421.2	0.01497771	0	
421.4	0.01542565	0	
421.6	0.01580657	0	
421.8	0.01595025	0	
422	0.01580283	0	
422.2	0.01550335	0	
422.4	0.01578983	0	
422.6	0.01583173	0	
422.8	0.01589637	0	
423	0.01630222	0	
423.2	0.01635258	0	
423.4	0.01629103	0	
423.6	0.0167106	0	
423.8	0.01703116	0	
424	0.01707323	0	
424.2	0.01691497	0	
424.4	0.01680229	0	
424.6	0.01628154	0	
424.8	0.01642551	0	
425	0.01658727	0	
425.2	0.01642962	0	
425.4	0.0161063	0	
425.6	0.01564107	0	
425.8	0.01552424	0	
426	0.0150324	0	
426.2	0.01440806	0	
426.4	0.01437861	0	
426.6	0.01426184	0	
426.8	0.01412959	0	
427	0.01434224	0	
427.2	0.0144418	0	
427.4	0.01461742	0	
427.6	0.0153988	0	
427.8	0.01565482	0	
428	0.01553386	0	
428.2	0.01543014	0	
428.4	0.01564905	0	
428.6	0.01583664	0	
428.8	0.01630877	0	
429	0.01608156	0	
429.2	0.01563036	0	
429.4	0.01534705	0	
429.6	0.01550225	0	
429.8	0.01546316	0	
430	0.01500277	0	
430.2	0.01462274	0	
430.4	0.01483677	0	
430.6	0.01467605	0	
430.8	0.01458253	0	
431	0.01453347	0	
431.2	0.01465491	0	
431.4	0.01488607	0	
431.6	0.01507406	0	
431.8	0.01512094	0	
432	0.01528272	0	
432.2	0.01567651	0	
432.4	0.01594921	0	
432.6	0.01577461	0	
432.8	0.01597219	0	
433	0.01546848	0	
433.2	0.01546864	0	
433.4	0.01537682	0	
433.6	0.01527592	0	
433.8	0.01518096	0	
434	0.01529039	0	
434.2	0.01547115	0	
434.4	0.0158521	0	
434.6	0.01567128	0	
434.8	0.01540016	0	
435	0.01490293	0	
435.2	0.01470468	0	
435.4	0.01452395	0	
435.6	0.01455007	0	
435.8	0.0148137	0	
436	0.014689	0	
436.2	0.01432145	0	
436.4	0.01423915	0	
436.6	0.01447401	0	
436.8	0.01471818	0	
437	0.01433958	0	
437.2	0.01451652	0	
437.4	0.01439197	0	
437.6	0.01471723	0	
437.8	0.01489473	0	
438	0.01546392	0	
438.2	0.01594394	0	
438.4	0.01630298	0	
438.6	0.01587824	0	
438.8	0.01553237	0	
439	0.01544466	0	
439.2	0.01560137	0	
439.4	0.0156611	0	
439.6	0.0158061	0	
439.8	0.01572989	0	
440	0.01526067	0	
440.2	0.01489427	0	
440.4	0.01531943	0	
440.6	0.01576809	0	
440.8	0.01563836	0	
441	0.01531817	0	
441.2	0.01511578	0	
441.4	0.01468836	0	
441.6	0.01432183	0	
441.8	0.01376537	0	
442	0.01406312	0	
442.2	0.01384072	0	
442.4	0.01352977	0	
442.6	0.0130585	0	
442.8	0.01321852	0	
443	0.01349501	0	
443.2	0.01380844	0	
443.4	0.01360939	0	
443.6	0.01356208	0	
443.8	0.01390642	0	
444	0.01411777	0	
444.2	0.01462914	0	
444.4	0.01527284	0	
444.6	0.01573739	0	
444.8	0.01607456	0	
445	0.01614903	0	
445.2	0.01658223	0	
445.4	0.01648125	0	
445.6	0.01667253	0	
445.8	0.01665082	0	
446	0.01687277	0	
446.2	0.01675264	0	
446.4	0.01633209	0	
446.6	0.01619055	0	
446.8	0.01574328	0	
447	0.01572025	0	
447.2	0.01531956	0	
447.4	0.01493009	0	
447.6	0.01522112	0	
447.8	0.01525575	0	
448	0.01520611	0	
448.2	0.01550507	0	
448.4	0.01535025	0	
448.6	0.01557757	0	
448.8	0.01596877	0	
449	0.01607228	0	
449.2	0.01640231	0	
449.4	0.01602129	0	
449.6	0.01633519	0	
449.8	0.01626022	0	
450	0.01617111	0	
450.2	0.01574952	0	
450.4	0.0150543	0	
450.6	0.01454441	0	
450.8	0.01411129	0	
451	0.01438729	0	
451.2	0.01436237	0	
451.4	0.01413532	0	
451.6	0.0141255	0	
451.8	0.01402982	0	
452	0.01416674	0	
452.2	0.01442474	0	
452.4	0.01426246	0	
452.6	0.0146622	0	
452.8	0.01478826	0	
453	0.01455329	0	
453.2	0.01430416	0	
453.4	0.01450422	0	
453.6	0.01486159	0	
453.8	0.01477832	0	
454	0.01458919	0	
454.2	0.01464241	0	
454.4	0.01439903	0	
454.6	0.01465779	0	
454.8	0.01495703	0	
455	0.0151362	0	
455.2	0.01519332	0	
455.4	0.01499045	0	
455.6	0.01545756	0	
455.8	0.01553729	0	
456	0.01567727	0	
456.2	0.0160168	0	
456.4	0.01634525	0	
456.6	0.01646653	0	
456.8	0.01641981	0	
457	0.01594828	0	
457.2	0.01570429	0	
457.4	0.01581145	0	
457.6	0.01580848	0	
457.8	0.01557995	0	
458	0.01539211	0	
458.2	0.01514455	0	
458.4	0.01503933	0	
458.6	0.01511388	0	
458.8	0.01500179	0	
459	0.01503595	0	
459.2	0.01498505	0	
459.4	0.01483435	0	
459.6	0.01513468	0	
459.8	0.01496266	0	
460	0.01497759	0	
460.2	0.01512574	0	
460.4	0.01490022	0	
460.6	0.01526803	0	
460.8	0.01502251	0	
461	0.01467372	0	
461.2	0.01457458	0	
461.4	0.01430196	0	
461.6	0.01449706	0	
461.8	0.01398194	0	
462	0.013951	0	
462.2	0.0140879	0	
462.4	0.01446422	0	
462.6	0.01445435	0	
462.8	0.0149768	0	
463	0.01544792	0	
463.2	0.01545811	0	
463.4	0.01576742	0	
463.6	0.0163885	0	
463.8	0.01665347	0	
464	0.01665764	0	
464.2	0.01649485	0	
464.4	0.01680951	0	
464.6	0.01721788	0	
464.8	0.0166982	0	
465	0.01673445	0	
465.2	0.0165996	0	
465.4	0.01613116	0	
465.6	0.0160925	0	
465.8	0.01569845	0	
466	0.01547435	0	
466.2	0.01560413	0	
466.4	0.01549333	0	
466.6	0.01521906	0	
466.8	0.01548609	0	
467	0.01550508	0	
467.2	0.01535294	0	
467.4	0.01552762	0	
467.6	0.01564133	0	
467.8	0.01561648	0	
468	0.01516431	0	
468.2	0.01482199	0	
468.4	0.01498009	0	
468.6	0.01476387	0	
468.8	0.01485648	0	
469	0.01486521	0	
469.2	0.01480834	0	
469.4	0.01470154	0	
469.6	0.01474292	0	
469.8	0.01472897	0	
470	0.01476855	0	
470.2	0.01504762	0	
470.4	0.01492565	0	
470.6	0.01467806	0	
470.8	0.01490411	0	
471	0.01472126	0	
471.2	0.01475446	0	
471.4	0.01446593	0	
471.6	0.01426617	0	
471.8	0.01399583	0	
472	0.01371782	0	
472.2	0.01355787	0	
472.4	0.0135038	0	
472.6	0.01349934	0	
472.8	0.01336669	0	
473	0.01356293	0	
473.2	0.01328427	0	
473.4	0.01353512	0	
473.6	0.01371881	0	
473.8	0.01375434	0	
474	0.01382349	0	
474.2	0.0134506	0	
474.4	0.01356118	0	
474.6	0.01354873	0	
474.8	0.01395932	0	
475	0.01408807	0	
475.2	0.01431076	0	
475.4	0.01433375	0	
475.6	0.01450037	0	
475.8	0.01462659	0	
476	0.01499509	0	
476.2	0.01490909	0	
476.4	0.01506983	0	
476.6	0.01535005	0	
476.8	0.01546748	0	
477	0.01553443	0	
477.2	0.01556993	0	
477.4	0.01616859	0	
477.6	0.01598842	0	
477.8	0.01566531	0	
478	0.01546857	0	
478.2	0.01504821	0	
478.4	0.01518877	0	
478.6	0.01507155	0	
478.8	0.01511097	0	
479	0.01489668	0	
479.2	0.01466089	0	
479.4	0.01453325	0	
479.6	0.01436595	0	
479.8	0.01423256	0	
