Conc1	3E-07	
Start1	240	
Stop1	479.8	
Kobs	6.26099209825532E-17	
Error Kobs	3883195592794.75	
Koff	0	
Error Koff	0	
Time1	Data1	Fit1	
240	0.00418009	0	
240.2	0.00299996	0	
240.4	0.00177184	0	
240.6	0.00055597	0	
240.8	-0.00060748	0	
241	-0.00193768	0	
241.2	-0.00315477	0	
241.4	-0.00445571	0	
241.6	-0.00547171	0	
241.8	-0.00640981	0	
242	-0.00733294	0	
242.2	-0.00775482	0	
242.4	-0.00842857	0	
242.6	-0.00971354	0	
242.8	-0.01016004	0	
243	-0.01092598	0	
243.2	-0.01138872	0	
243.4	-0.01249063	0	
243.6	-0.01325901	0	
243.8	-0.01357605	0	
244	-0.01439039	0	
244.2	-0.01486253	0	
244.4	-0.01527612	0	
244.6	-0.01571959	0	
244.8	-0.01637388	0	
245	-0.01682011	0	
245.2	-0.01726265	0	
245.4	-0.01765578	0	
245.6	-0.01801376	0	
245.8	-0.01820551	0	
246	-0.01886712	0	
246.2	-0.01890419	0	
246.4	-0.01960284	0	
246.6	-0.02021327	0	
246.8	-0.02000607	0	
247	-0.02051457	0	
247.2	-0.02065823	0	
247.4	-0.0213252	0	
247.6	-0.02125778	0	
247.8	-0.02133085	0	
248	-0.02148764	0	
248.2	-0.02181005	0	
248.4	-0.0220807	0	
248.6	-0.02246439	0	
248.8	-0.02276694	0	
249	-0.02313757	0	
249.2	-0.02316739	0	
249.4	-0.02306798	0	
249.6	-0.02326958	0	
249.8	-0.02342514	0	
250	-0.02368321	0	
250.2	-0.02349073	0	
250.4	-0.02407202	0	
250.6	-0.02434693	0	
250.8	-0.02413966	0	
251	-0.02428819	0	
251.2	-0.02450581	0	
251.4	-0.02471469	0	
251.6	-0.02475885	0	
251.8	-0.02507148	0	
252	-0.02515909	0	
252.2	-0.0255451	0	
252.4	-0.02558041	0	
252.6	-0.02602594	0	
252.8	-0.02616812	0	
253	-0.02626532	0	
253.2	-0.02609407	0	
253.4	-0.02608666	0	
253.6	-0.02608806	0	
253.8	-0.02616274	0	
254	-0.02623927	0	
254.2	-0.02644903	0	
254.4	-0.02672828	0	
254.6	-0.02689956	0	
254.8	-0.02668629	0	
255	-0.02672877	0	
255.2	-0.02691957	0	
255.4	-0.0268611	0	
255.6	-0.0268481	0	
255.8	-0.02665975	0	
256	-0.02637885	0	
256.2	-0.02625594	0	
256.4	-0.02610357	0	
256.6	-0.02628103	0	
256.8	-0.02607561	0	
257	-0.02583333	0	
257.2	-0.02595102	0	
257.4	-0.02567279	0	
257.6	-0.0261138	0	
257.8	-0.02638249	0	
258	-0.02675707	0	
258.2	-0.02687048	0	
258.4	-0.02720425	0	
258.6	-0.0276607	0	
258.8	-0.02813397	0	
259	-0.02789711	0	
259.2	-0.02814375	0	
259.4	-0.02852518	0	
259.6	-0.02837792	0	
259.8	-0.02845197	0	
260	-0.02864372	0	
260.2	-0.02853241	0	
260.4	-0.02880936	0	
260.6	-0.02905069	0	
260.8	-0.02901939	0	
261	-0.02909831	0	
261.2	-0.02899673	0	
261.4	-0.02870829	0	
261.6	-0.02871746	0	
261.8	-0.02852592	0	
262	-0.02873455	0	
262.2	-0.02892924	0	
262.4	-0.02918843	0	
262.6	-0.02917116	0	
262.8	-0.02925597	0	
263	-0.02874321	0	
263.2	-0.02917152	0	
263.4	-0.02936417	0	
263.6	-0.02911199	0	
263.8	-0.02922986	0	
264	-0.02907698	0	
264.2	-0.02880708	0	
264.4	-0.02910048	0	
264.6	-0.02895239	0	
264.8	-0.02888756	0	
265	-0.02910395	0	
265.2	-0.02864613	0	
265.4	-0.02868355	0	
265.6	-0.02882789	0	
265.8	-0.02930038	0	
266	-0.02939542	0	
266.2	-0.02954368	0	
266.4	-0.02931317	0	
266.6	-0.02946154	0	
266.8	-0.02976662	0	
267	-0.02978474	0	
267.2	-0.02973688	0	
267.4	-0.02966718	0	
267.6	-0.02971062	0	
267.8	-0.02964595	0	
268	-0.02963675	0	
268.2	-0.02980652	0	
268.4	-0.02994748	0	
268.6	-0.03025229	0	
268.8	-0.03026489	0	
269	-0.03052557	0	
269.2	-0.03059272	0	
269.4	-0.03050383	0	
269.6	-0.03058625	0	
269.8	-0.03094867	0	
270	-0.03067872	0	
270.2	-0.03063985	0	
270.4	-0.03040007	0	
270.6	-0.03059033	0	
270.8	-0.03014254	0	
271	-0.02988062	0	
271.2	-0.02948692	0	
271.4	-0.02986089	0	
271.6	-0.02981293	0	
271.8	-0.02905565	0	
272	-0.02898531	0	
272.2	-0.02924916	0	
272.4	-0.02910083	0	
272.6	-0.02912823	0	
272.8	-0.0287221	0	
273	-0.02935766	0	
273.2	-0.02921027	0	
273.4	-0.02902639	0	
273.6	-0.02930481	0	
273.8	-0.02962022	0	
274	-0.02960893	0	
274.2	-0.03020003	0	
274.4	-0.03034929	0	
274.6	-0.03031243	0	
274.8	-0.03011517	0	
275	-0.03074543	0	
275.2	-0.03064108	0	
275.4	-0.03090566	0	
275.6	-0.03027996	0	
275.8	-0.03009284	0	
276	-0.03052968	0	
276.2	-0.0308324	0	
276.4	-0.0305306	0	
276.6	-0.03056342	0	
276.8	-0.03034639	0	
277	-0.03031008	0	
277.2	-0.02980637	0	
277.4	-0.03014278	0	
277.6	-0.03045161	0	
277.8	-0.0303202	0	
278	-0.03031205	0	
278.2	-0.0307484	0	
278.4	-0.0306926	0	
278.6	-0.03057465	0	
278.8	-0.03063091	0	
279	-0.03086647	0	
279.2	-0.03063068	0	
279.4	-0.03089934	0	
279.6	-0.03064022	0	
279.8	-0.03070969	0	
280	-0.03049017	0	
280.2	-0.03034361	0	
280.4	-0.02988337	0	
280.6	-0.02966941	0	
280.8	-0.02936327	0	
281	-0.02921332	0	
281.2	-0.02940837	0	
281.4	-0.02948374	0	
281.6	-0.02931252	0	
281.8	-0.02877108	0	
282	-0.02908161	0	
282.2	-0.02975686	0	
282.4	-0.02968811	0	
282.6	-0.02970662	0	
282.8	-0.0297749	0	
283	-0.0299065	0	
283.2	-0.03012138	0	
283.4	-0.03036063	0	
283.6	-0.03020692	0	
283.8	-0.03021913	0	
284	-0.03056833	0	
284.2	-0.03047995	0	
284.4	-0.03055504	0	
284.6	-0.03046333	0	
284.8	-0.03017617	0	
285	-0.03016606	0	
285.2	-0.0299415	0	
285.4	-0.02955724	0	
285.6	-0.02931595	0	
285.8	-0.02913484	0	
286	-0.02935815	0	
286.2	-0.02951391	0	
286.4	-0.02942265	0	
286.6	-0.02934517	0	
286.8	-0.02938983	0	
287	-0.02976417	0	
287.2	-0.03030181	0	
287.4	-0.0306516	0	
287.6	-0.03093886	0	
287.8	-0.03143448	0	
288	-0.03203695	0	
288.2	-0.03182144	0	
288.4	-0.03179745	0	
288.6	-0.03179194	0	
288.8	-0.03171685	0	
289	-0.03176605	0	
289.2	-0.03146857	0	
289.4	-0.03103126	0	
289.6	-0.03095314	0	
289.8	-0.03075144	0	
290	-0.03036451	0	
290.2	-0.03010878	0	
290.4	-0.02975483	0	
290.6	-0.02942789	0	
290.8	-0.02935542	0	
291	-0.02964381	0	
291.2	-0.02926407	0	
291.4	-0.02910506	0	
291.6	-0.0289625	0	
291.8	-0.02900082	0	
292	-0.02898762	0	
292.2	-0.02930841	0	
292.4	-0.02959932	0	
292.6	-0.03043473	0	
292.8	-0.03065653	0	
293	-0.03094518	0	
293.2	-0.03140063	0	
293.4	-0.03140777	0	
293.6	-0.03167904	0	
293.8	-0.03157778	0	
294	-0.03163866	0	
294.2	-0.03148431	0	
294.4	-0.03143225	0	
294.6	-0.03140522	0	
294.8	-0.03107225	0	
295	-0.03053502	0	
295.2	-0.03006707	0	
295.4	-0.02965296	0	
295.6	-0.0296496	0	
295.8	-0.02945157	0	
296	-0.02952067	0	
296.2	-0.02945907	0	
296.4	-0.02906853	0	
296.6	-0.02923686	0	
296.8	-0.02931588	0	
297	-0.02926893	0	
297.2	-0.0293607	0	
297.4	-0.02915906	0	
297.6	-0.02953788	0	
297.8	-0.02972834	0	
298	-0.02997535	0	
298.2	-0.02989651	0	
298.4	-0.03020939	0	
298.6	-0.03033442	0	
298.8	-0.03035175	0	
299	-0.03053199	0	
299.2	-0.03097149	0	
299.4	-0.03076368	0	
299.6	-0.03117534	0	
299.8	-0.03075373	0	
300	-0.0308481	0	
300.2	-0.03049108	0	
300.4	-0.0302278	0	
300.6	-0.03017558	0	
300.8	-0.03008194	0	
301	-0.02955005	0	
301.2	-0.0292645	0	
301.4	-0.02937441	0	
301.6	-0.02956676	0	
301.8	-0.0294772	0	
302	-0.02948226	0	
302.2	-0.02959629	0	
302.4	-0.02985127	0	
302.6	-0.03019687	0	
302.8	-0.0303103	0	
303	-0.03062605	0	
303.2	-0.03056132	0	
303.4	-0.03061682	0	
303.6	-0.03070856	0	
303.8	-0.03066929	0	
304	-0.03061946	0	
304.2	-0.03051465	0	
304.4	-0.0304545	0	
304.6	-0.03016333	0	
304.8	-0.03021675	0	
305	-0.03013814	0	
305.2	-0.02992646	0	
305.4	-0.03012115	0	
305.6	-0.03028119	0	
305.8	-0.03006818	0	
306	-0.02996823	0	
306.2	-0.02995813	0	
306.4	-0.03006339	0	
306.6	-0.03011842	0	
306.8	-0.0303538	0	
307	-0.03052235	0	
307.2	-0.03041315	0	
307.4	-0.03022939	0	
307.6	-0.03009035	0	
307.8	-0.02958835	0	
308	-0.02945595	0	
308.2	-0.0295988	0	
308.4	-0.02956442	0	
308.6	-0.02944345	0	
308.8	-0.02968594	0	
309	-0.02958215	0	
309.2	-0.02934409	0	
309.4	-0.02943605	0	
309.6	-0.02909259	0	
309.8	-0.02872299	0	
310	-0.02857679	0	
310.2	-0.02832297	0	
310.4	-0.02844535	0	
310.6	-0.02831828	0	
310.8	-0.02861479	0	
311	-0.02866975	0	
311.2	-0.02860458	0	
311.4	-0.02845838	0	
311.6	-0.02841516	0	
311.8	-0.02826183	0	
312	-0.02869428	0	
312.2	-0.02890393	0	
312.4	-0.02902673	0	
312.6	-0.029399	0	
312.8	-0.0293638	0	
313	-0.02951582	0	
313.2	-0.02934701	0	
313.4	-0.02909807	0	
313.6	-0.02885928	0	
313.8	-0.02895842	0	
314	-0.02856135	0	
314.2	-0.02836877	0	
314.4	-0.02870584	0	
314.6	-0.02872699	0	
314.8	-0.02886594	0	
315	-0.02912198	0	
315.2	-0.02911061	0	
315.4	-0.02893405	0	
315.6	-0.0288374	0	
315.8	-0.02882506	0	
316	-0.02900966	0	
316.2	-0.02902879	0	
316.4	-0.028979	0	
316.6	-0.02899541	0	
316.8	-0.02856606	0	
317	-0.02850611	0	
317.2	-0.02813871	0	
317.4	-0.0280819	0	
317.6	-0.02789478	0	
317.8	-0.02807304	0	
318	-0.02778043	0	
318.2	-0.02814476	0	
318.4	-0.02864938	0	
318.6	-0.02824658	0	
318.8	-0.02821125	0	
319	-0.02852516	0	
319.2	-0.02825184	0	
319.4	-0.0277815	0	
319.6	-0.02758431	0	
319.8	-0.0277531	0	
320	-0.02782633	0	
320.2	-0.02784489	0	
320.4	-0.02781043	0	
320.6	-0.02780265	0	
320.8	-0.02823139	0	
321	-0.02827223	0	
321.2	-0.02840453	0	
321.4	-0.02848612	0	
321.6	-0.02872039	0	
321.8	-0.02938908	0	
322	-0.02921289	0	
322.2	-0.02937073	0	
322.4	-0.02976035	0	
322.6	-0.02929001	0	
322.8	-0.02956286	0	
323	-0.02952375	0	
323.2	-0.0293869	0	
323.4	-0.02922348	0	
323.6	-0.02878705	0	
323.8	-0.02903139	0	
324	-0.02893407	0	
324.2	-0.02904988	0	
324.4	-0.02909746	0	
324.6	-0.02938445	0	
324.8	-0.03006064	0	
325	-0.02984122	0	
325.2	-0.02983654	0	
325.4	-0.02979253	0	
325.6	-0.02957227	0	
325.8	-0.02946195	0	
326	-0.02908967	0	
326.2	-0.02903032	0	
326.4	-0.02927541	0	
326.6	-0.02888917	0	
326.8	-0.02919289	0	
327	-0.02923725	0	
327.2	-0.02916145	0	
327.4	-0.0291121	0	
327.6	-0.02882814	0	
327.8	-0.02931173	0	
328	-0.02909654	0	
328.2	-0.02924175	0	
328.4	-0.02937555	0	
328.6	-0.0296507	0	
328.8	-0.0297046	0	
329	-0.02904085	0	
329.2	-0.02861362	0	
329.4	-0.02842764	0	
329.6	-0.02805522	0	
329.8	-0.02813863	0	
330	-0.02818744	0	
330.2	-0.02820471	0	
330.4	-0.02830536	0	
330.6	-0.02820245	0	
330.8	-0.02822822	0	
331	-0.02826434	0	
331.2	-0.02789312	0	
331.4	-0.02811756	0	
331.6	-0.02812961	0	
331.8	-0.02847127	0	
332	-0.02863424	0	
332.2	-0.02873557	0	
332.4	-0.02852961	0	
332.6	-0.02868197	0	
332.8	-0.0283234	0	
333	-0.02811097	0	
333.2	-0.02825319	0	
333.4	-0.02871569	0	
333.6	-0.02889008	0	
333.8	-0.02897785	0	
334	-0.02925629	0	
334.2	-0.02922861	0	
334.4	-0.02914054	0	
334.6	-0.02867664	0	
334.8	-0.02864338	0	
335	-0.02843772	0	
335.2	-0.0281144	0	
335.4	-0.02834175	0	
335.6	-0.02854439	0	
335.8	-0.02860491	0	
336	-0.02853267	0	
336.2	-0.02816829	0	
336.4	-0.02766473	0	
336.6	-0.02778329	0	
336.8	-0.02740335	0	
337	-0.02734591	0	
337.2	-0.02747148	0	
337.4	-0.02776408	0	
337.6	-0.0275421	0	
337.8	-0.02706644	0	
338	-0.02738349	0	
338.2	-0.02695908	0	
338.4	-0.0268953	0	
338.6	-0.02696031	0	
338.8	-0.0272953	0	
339	-0.02693243	0	
339.2	-0.02715691	0	
339.4	-0.02745928	0	
339.6	-0.02755372	0	
339.8	-0.02760466	0	
340	-0.02753199	0	
340.2	-0.02762425	0	
340.4	-0.02763409	0	
340.6	-0.02807332	0	
340.8	-0.02796086	0	
341	-0.02805004	0	
341.2	-0.02811767	0	
341.4	-0.02817334	0	
341.6	-0.02805509	0	
341.8	-0.02792024	0	
342	-0.02816654	0	
342.2	-0.02789889	0	
342.4	-0.0283241	0	
342.6	-0.02841168	0	
342.8	-0.02813505	0	
343	-0.02827074	0	
343.2	-0.0285951	0	
343.4	-0.02861007	0	
343.6	-0.02845555	0	
343.8	-0.02829123	0	
344	-0.02789198	0	
344.2	-0.02806078	0	
344.4	-0.02773767	0	
344.6	-0.0275952	0	
344.8	-0.02700774	0	
345	-0.02689305	0	
345.2	-0.02670738	0	
345.4	-0.02692551	0	
345.6	-0.02672974	0	
345.8	-0.02642778	0	
346	-0.0262701	0	
346.2	-0.02621366	0	
346.4	-0.02635981	0	
346.6	-0.02640761	0	
346.8	-0.02653874	0	
347	-0.0269067	0	
347.2	-0.02710219	0	
347.4	-0.02709395	0	
347.6	-0.02701651	0	
347.8	-0.02688339	0	
348	-0.02701984	0	
348.2	-0.02711429	0	
348.4	-0.02723839	0	
348.6	-0.02761865	0	
348.8	-0.02763942	0	
349	-0.02831353	0	
349.2	-0.02858137	0	
349.4	-0.02866847	0	
349.6	-0.02869122	0	
349.8	-0.02845074	0	
350	-0.02845074	0	
350.2	-0.02842099	0	
350.4	-0.02870783	0	
350.6	-0.0287243	0	
350.8	-0.02885993	0	
351	-0.02885613	0	
351.2	-0.02861479	0	
351.4	-0.02815024	0	
351.6	-0.02778451	0	
351.8	-0.02764245	0	
352	-0.02756704	0	
352.2	-0.02749804	0	
352.4	-0.02766816	0	
352.6	-0.02734284	0	
352.8	-0.02700054	0	
353	-0.02694103	0	
353.2	-0.02673497	0	
353.4	-0.02648149	0	
353.6	-0.02653828	0	
353.8	-0.02663261	0	
354	-0.02689317	0	
354.2	-0.02711315	0	
354.4	-0.02712715	0	
354.6	-0.02704436	0	
354.8	-0.027002	0	
355	-0.02669841	0	
355.2	-0.0264527	0	
355.4	-0.02652177	0	
355.6	-0.02652461	0	
355.8	-0.02656544	0	
356	-0.02638117	0	
356.2	-0.02631928	0	
356.4	-0.02621868	0	
356.6	-0.02621753	0	
356.8	-0.0266002	0	
357	-0.0266932	0	
357.2	-0.02687867	0	
357.4	-0.02692444	0	
357.6	-0.02724476	0	
357.8	-0.02779549	0	
358	-0.02790678	0	
358.2	-0.02795786	0	
358.4	-0.02772164	0	
358.6	-0.02773936	0	
358.8	-0.02769007	0	
359	-0.02768688	0	
359.2	-0.02768651	0	
359.4	-0.02758275	0	
359.6	-0.02742113	0	
359.8	-0.02717478	0	
360	-0.02557585	0	
360.2	-0.02424328	0	
360.4	-0.02279487	0	
360.6	-0.02152675	0	
360.8	-0.02021439	0	
361	-0.01868079	0	
361.2	-0.01699057	0	
361.4	-0.01556528	0	
361.6	-0.01398763	0	
361.8	-0.01291072	0	
362	-0.01188339	0	
362.2	-0.01123851	0	
362.4	-0.01038735	0	
362.6	-0.00904866	0	
362.8	-0.00791802	0	
363	-0.00712661	0	
363.2	-0.00641324	0	
363.4	-0.00548291	0	
363.6	-0.00527814	0	
363.8	-0.00487069	0	
364	-0.0045432	0	
364.2	-0.0040675	0	
364.4	-0.0040333	0	
364.6	-0.00365101	0	
364.8	-0.00346866	0	
365	-0.00284444	0	
365.2	-0.00244956	0	
365.4	-0.00223277	0	
365.6	-0.00181299	0	
365.8	-0.00173039	0	
366	-0.00120055	0	
366.2	-0.00090006	0	
366.4	-0.00053796	0	
366.6	-0.00020854	0	
366.8	-0.00000815	0	
367	0.00001455	0	
367.2	0.00009497	0	
367.4	0.00029367	0	
367.6	0.00034872	0	
367.8	0.00073775	0	
368	0.00096502	0	
368.2	0.00122574	0	
368.4	0.00163269	0	
368.6	0.00213768	0	
368.8	0.00220043	0	
369	0.00261357	0	
369.2	0.00275305	0	
369.4	0.00308593	0	
369.6	0.00332728	0	
369.8	0.00368402	0	
370	0.00397274	0	
370.2	0.00408255	0	
370.4	0.00428779	0	
370.6	0.00478173	0	
370.8	0.00466972	0	
371	0.00469004	0	
371.2	0.00499905	0	
371.4	0.00526952	0	
371.6	0.00528716	0	
371.8	0.0053912	0	
372	0.00555204	0	
372.2	0.00560019	0	
372.4	0.00556008	0	
372.6	0.00548272	0	
372.8	0.0055048	0	
373	0.00531598	0	
373.2	0.00536841	0	
373.4	0.00578756	0	
373.6	0.00594134	0	
373.8	0.00610283	0	
374	0.00601441	0	
374.2	0.00629892	0	
374.4	0.00638205	0	
374.6	0.00659508	0	
374.8	0.00632862	0	
375	0.00634718	0	
375.2	0.0064596	0	
375.4	0.00665305	0	
375.6	0.00686027	0	
375.8	0.00666728	0	
376	0.00672918	0	
376.2	0.00677171	0	
376.4	0.00687286	0	
376.6	0.0072415	0	
376.8	0.00733923	0	
377	0.00734033	0	
377.2	0.00766617	0	
377.4	0.0080374	0	
377.6	0.00800901	0	
377.8	0.00779527	0	
378	0.00767823	0	
378.2	0.00798122	0	
378.4	0.00786399	0	
378.6	0.00805429	0	
378.8	0.00795792	0	
379	0.00822471	0	
379.2	0.00858652	0	
379.4	0.00855534	0	
379.6	0.00853006	0	
379.8	0.00857453	0	
380	0.00874603	0	
380.2	0.00876728	0	
380.4	0.00913697	0	
380.6	0.00924236	0	
380.8	0.00926603	0	
381	0.00892766	0	
381.2	0.0089107	0	
381.4	0.00884573	0	
381.6	0.00804186	0	
381.8	0.00788276	0	
382	0.00789701	0	
382.2	0.00773129	0	
382.4	0.00745516	0	
382.6	0.00760419	0	
382.8	0.00800573	0	
383	0.00825723	0	
383.2	0.00811769	0	
383.4	0.00775934	0	
383.6	0.00774998	0	
383.8	0.00808721	0	
384	0.00773725	0	
384.2	0.00803182	0	
384.4	0.00858552	0	
384.6	0.00857172	0	
384.8	0.00878155	0	
385	0.00865969	0	
385.2	0.00885484	0	
385.4	0.00885212	0	
385.6	0.00865042	0	
385.8	0.00936122	0	
386	0.00929498	0	
386.2	0.0091601	0	
386.4	0.00950901	0	
386.6	0.00978546	0	
386.8	0.00994273	0	
387	0.00981529	0	
387.2	0.00988881	0	
387.4	0.00941554	0	
387.6	0.00957544	0	
387.8	0.0094046	0	
388	0.00904131	0	
388.2	0.00920731	0	
388.4	0.00912598	0	
388.6	0.00921386	0	
388.8	0.00959462	0	
389	0.00968207	0	
389.2	0.00979506	0	
389.4	0.00988985	0	
389.6	0.00969028	0	
389.8	0.0097597	0	
390	0.00958804	0	
390.2	0.00941184	0	
390.4	0.00939165	0	
390.6	0.00927581	0	
390.8	0.00951753	0	
391	0.00950885	0	
391.2	0.00963981	0	
391.4	0.00920175	0	
391.6	0.00933233	0	
391.8	0.00892021	0	
392	0.00913401	0	
392.2	0.00868871	0	
392.4	0.00878795	0	
392.6	0.00901753	0	
392.8	0.00933284	0	
393	0.00937554	0	
393.2	0.00938292	0	
393.4	0.00937119	0	
393.6	0.00986374	0	
393.8	0.00980811	0	
394	0.01005437	0	
394.2	0.01010039	0	
394.4	0.0102988	0	
394.6	0.01035491	0	
394.8	0.01051816	0	
395	0.01039898	0	
395.2	0.01047952	0	
395.4	0.01028483	0	
395.6	0.01022972	0	
395.8	0.01012299	0	
396	0.01010004	0	
396.2	0.00925926	0	
396.4	0.00901479	0	
396.6	0.00883256	0	
396.8	0.00849618	0	
397	0.00837394	0	
397.2	0.00819417	0	
397.4	0.00810387	0	
397.6	0.00844142	0	
397.8	0.00841803	0	
398	0.00893275	0	
398.2	0.00917135	0	
398.4	0.00913136	0	
398.6	0.00937544	0	
398.8	0.00965137	0	
399	0.00995549	0	
399.2	0.00987966	0	
399.4	0.01008183	0	
399.6	0.01045131	0	
399.8	0.0104816	0	
400	0.01035432	0	
400.2	0.01009634	0	
400.4	0.00974988	0	
400.6	0.00992622	0	
400.8	0.00986125	0	
401	0.00968081	0	
401.2	0.00960189	0	
401.4	0.00932866	0	
401.6	0.00966001	0	
401.8	0.00988357	0	
402	0.00988024	0	
402.2	0.01017134	0	
402.4	0.01003812	0	
402.6	0.00988223	0	
402.8	0.00953546	0	
403	0.00952409	0	
403.2	0.0091424	0	
403.4	0.00912708	0	
403.6	0.00953017	0	
403.8	0.00933485	0	
404	0.00944216	0	
404.2	0.00964964	0	
404.4	0.00986299	0	
404.6	0.01042023	0	
404.8	0.01092317	0	
405	0.01114723	0	
405.2	0.01147315	0	
405.4	0.01133502	0	
405.6	0.01191043	0	
405.8	0.01185492	0	
406	0.01183359	0	
406.2	0.01167834	0	
406.4	0.01143114	0	
406.6	0.01112047	0	
406.8	0.01131662	0	
407	0.01143403	0	
407.2	0.01114564	0	
407.4	0.01103063	0	
407.6	0.01140263	0	
407.8	0.01104996	0	
408	0.01101837	0	
408.2	0.01086908	0	
408.4	0.01096361	0	
408.6	0.01124774	0	
408.8	0.0113408	0	
409	0.0112387	0	
409.2	0.01110126	0	
409.4	0.01119519	0	
409.6	0.01119583	0	
409.8	0.01080989	0	
410	0.01111549	0	
410.2	0.01130729	0	
410.4	0.01146904	0	
410.6	0.01162212	0	
410.8	0.01180569	0	
411	0.01176874	0	
411.2	0.01143113	0	
411.4	0.01119011	0	
411.6	0.01153666	0	
411.8	0.01139204	0	
412	0.01176074	0	
412.2	0.01182868	0	
412.4	0.01192759	0	
412.6	0.01181306	0	
412.8	0.0115101	0	
413	0.01121088	0	
413.2	0.01095133	0	
413.4	0.01103309	0	
413.6	0.01050256	0	
413.8	0.00998565	0	
414	0.01034529	0	
414.2	0.00969921	0	
414.4	0.00974851	0	
414.6	0.0096579	0	
414.8	0.00935892	0	
415	0.00922343	0	
415.2	0.00881964	0	
415.4	0.00900234	0	
415.6	0.00945519	0	
415.8	0.00952805	0	
416	0.00986832	0	
416.2	0.00994109	0	
416.4	0.01000634	0	
416.6	0.0098928	0	
416.8	0.01020473	0	
417	0.01026988	0	
417.2	0.01031571	0	
417.4	0.01099867	0	
417.6	0.01086784	0	
417.8	0.01113177	0	
418	0.01166802	0	
418.2	0.01157502	0	
418.4	0.01214139	0	
418.6	0.01177197	0	
418.8	0.01167757	0	
419	0.01173564	0	
419.2	0.01173617	0	
419.4	0.01215689	0	
419.6	0.0117605	0	
419.8	0.01140045	0	
420	0.01108436	0	
420.2	0.01111247	0	
420.4	0.0109718	0	
420.6	0.01074107	0	
420.8	0.0109765	0	
421	0.01098499	0	
421.2	0.0108925	0	
421.4	0.01121665	0	
421.6	0.01104206	0	
421.8	0.01110037	0	
422	0.01104047	0	
422.2	0.01135586	0	
422.4	0.01145464	0	
422.6	0.01150053	0	
422.8	0.01149028	0	
423	0.01182875	0	
423.2	0.01182754	0	
423.4	0.01175694	0	
423.6	0.01140835	0	
423.8	0.0114752	0	
424	0.01121962	0	
424.2	0.01129112	0	
424.4	0.01106931	0	
424.6	0.01092391	0	
424.8	0.01080107	0	
425	0.01052393	0	
425.2	0.01023621	0	
425.4	0.0099632	0	
425.6	0.01007544	0	
425.8	0.0105127	0	
426	0.01103899	0	
426.2	0.01125032	0	
426.4	0.01120299	0	
426.6	0.01114202	0	
426.8	0.01104529	0	
427	0.01104326	0	
427.2	0.010756	0	
427.4	0.01095304	0	
427.6	0.01110163	0	
427.8	0.01101803	0	
428	0.01115211	0	
428.2	0.01118284	0	
428.4	0.01090851	0	
428.6	0.01064865	0	
428.8	0.01030573	0	
429	0.01035505	0	
429.2	0.01023823	0	
429.4	0.01005477	0	
429.6	0.01062738	0	
429.8	0.01116741	0	
430	0.01140007	0	
430.2	0.01157243	0	
430.4	0.01167852	0	
430.6	0.01178917	0	
430.8	0.01186059	0	
431	0.01163776	0	
431.2	0.01167866	0	
431.4	0.01161771	0	
431.6	0.01171402	0	
431.8	0.01168682	0	
432	0.01168898	0	
432.2	0.01116153	0	
432.4	0.01070768	0	
432.6	0.01059379	0	
432.8	0.01053739	0	
433	0.01052038	0	
433.2	0.01048866	0	
433.4	0.01060865	0	
433.6	0.01090427	0	
433.8	0.01082976	0	
434	0.0109277	0	
434.2	0.01137506	0	
434.4	0.01143334	0	
434.6	0.01146594	0	
434.8	0.01131024	0	
435	0.01129202	0	
435.2	0.01123109	0	
435.4	0.01128158	0	
435.6	0.01140705	0	
435.8	0.01115384	0	
436	0.01085356	0	
436.2	0.01091883	0	
436.4	0.01072248	0	
436.6	0.0104363	0	
436.8	0.01019545	0	
437	0.01004021	0	
437.2	0.01015142	0	
437.4	0.01006624	0	
437.6	0.00998034	0	
437.8	0.00970475	0	
438	0.01005709	0	
438.2	0.01024051	0	
438.4	0.0101947	0	
438.6	0.01054038	0	
438.8	0.01065236	0	
439	0.01118422	0	
439.2	0.0112557	0	
439.4	0.01153734	0	
439.6	0.01163486	0	
439.8	0.01174844	0	
440	0.0119227	0	
440.2	0.01194732	0	
440.4	0.01147626	0	
440.6	0.01104272	0	
440.8	0.01121726	0	
441	0.01110866	0	
441.2	0.01109714	0	
441.4	0.01105411	0	
441.6	0.01066885	0	
441.8	0.01057742	0	
442	0.01080618	0	
442.2	0.01083566	0	
442.4	0.01101731	0	
442.6	0.01109634	0	
442.8	0.01073445	0	
443	0.01094085	0	
443.2	0.01047297	0	
443.4	0.01035195	0	
443.6	0.01068638	0	
443.8	0.01104236	0	
444	0.01130208	0	
444.2	0.01139887	0	
444.4	0.01173215	0	
444.6	0.01192925	0	
444.8	0.01234437	0	
445	0.01260389	0	
445.2	0.0129668	0	
445.4	0.01310841	0	
445.6	0.01312784	0	
445.8	0.01356997	0	
446	0.01355652	0	
446.2	0.01319299	0	
446.4	0.01286194	0	
446.6	0.01225402	0	
446.8	0.01204758	0	
447	0.01191077	0	
447.2	0.01133308	0	
447.4	0.01112666	0	
447.6	0.01114816	0	
447.8	0.01106375	0	
448	0.01101685	0	
448.2	0.010925	0	
448.4	0.01101999	0	
448.6	0.01088191	0	
448.8	0.01090845	0	
449	0.01104055	0	
449.2	0.01102237	0	
449.4	0.01122297	0	
449.6	0.01116283	0	
449.8	0.01108825	0	
450	0.01111846	0	
450.2	0.01100748	0	
450.4	0.01109652	0	
450.6	0.01116348	0	
450.8	0.01133694	0	
451	0.01120928	0	
451.2	0.01112796	0	
451.4	0.01083484	0	
451.6	0.01092674	0	
451.8	0.01078216	0	
452	0.01082035	0	
452.2	0.01072914	0	
452.4	0.01082523	0	
452.6	0.01110395	0	
452.8	0.01140457	0	
453	0.0116144	0	
453.2	0.01155943	0	
453.4	0.01179648	0	
453.6	0.01155027	0	
453.8	0.01161093	0	
454	0.01168669	0	
454.2	0.01151444	0	
454.4	0.01136198	0	
454.6	0.01141102	0	
454.8	0.01158331	0	
455	0.01159465	0	
455.2	0.01159339	0	
455.4	0.01133447	0	
455.6	0.01152276	0	
455.8	0.01127559	0	
456	0.01153931	0	
456.2	0.01165667	0	
456.4	0.01159082	0	
456.6	0.01198167	0	
456.8	0.01233552	0	
457	0.01219616	0	
457.2	0.01218689	0	
457.4	0.01234003	0	
457.6	0.01203871	0	
457.8	0.01209909	0	
458	0.01192359	0	
458.2	0.01178681	0	
458.4	0.01169521	0	
458.6	0.01171281	0	
458.8	0.01196017	0	
459	0.01180318	0	
459.2	0.01167002	0	
459.4	0.01158682	0	
459.6	0.01154125	0	
459.8	0.0112491	0	
460	0.01103394	0	
460.2	0.01091294	0	
460.4	0.01078919	0	
460.6	0.01121022	0	
460.8	0.0116074	0	
461	0.01158057	0	
461.2	0.01192785	0	
461.4	0.01208529	0	
461.6	0.01189317	0	
461.8	0.01181949	0	
462	0.01143539	0	
462.2	0.01140656	0	
462.4	0.01130068	0	
462.6	0.01150893	0	
462.8	0.0115505	0	
463	0.01143286	0	
463.2	0.01154525	0	
463.4	0.0113121	0	
463.6	0.01100746	0	
463.8	0.01091344	0	
464	0.01115801	0	
464.2	0.01146241	0	
464.4	0.01181682	0	
464.6	0.01238997	0	
464.8	0.01255479	0	
465	0.01276809	0	
465.2	0.01291901	0	
465.4	0.01289366	0	
465.6	0.01275975	0	
465.8	0.0127331	0	
466	0.01293857	0	
466.2	0.0130842	0	
466.4	0.01282026	0	
466.6	0.01266925	0	
466.8	0.01245731	0	
467	0.01250353	0	
467.2	0.01250479	0	
467.4	0.01204737	0	
467.6	0.01180266	0	
467.8	0.01202201	0	
468	0.01188707	0	
468.2	0.01187369	0	
468.4	0.01187575	0	
468.6	0.01192456	0	
468.8	0.01184275	0	
469	0.01159201	0	
469.2	0.01153684	0	
469.4	0.01160125	0	
469.6	0.0113305	0	
469.8	0.01111322	0	
470	0.01126525	0	
470.2	0.01097067	0	
470.4	0.01080864	0	
470.6	0.01073223	0	
470.8	0.0115051	0	
471	0.01175481	0	
471.2	0.01214769	0	
471.4	0.0122683	0	
471.6	0.01238785	0	
471.8	0.01234711	0	
472	0.01213183	0	
472.2	0.01223551	0	
472.4	0.01202249	0	
472.6	0.01199788	0	
472.8	0.01168929	0	
473	0.01139747	0	
473.2	0.01122082	0	
473.4	0.01091683	0	
473.6	0.0105219	0	
473.8	0.0103022	0	
474	0.01048044	0	
474.2	0.01063117	0	
474.4	0.01096086	0	
474.6	0.01126472	0	
474.8	0.01195794	0	
475	0.01191978	0	
475.2	0.01263867	0	
475.4	0.01272707	0	
475.6	0.01278873	0	
475.8	0.01241514	0	
476	0.0124859	0	
476.2	0.01257441	0	
476.4	0.01219714	0	
476.6	0.01189718	0	
476.8	0.01171567	0	
477	0.01190353	0	
477.2	0.01159531	0	
477.4	0.01127892	0	
477.6	0.01108401	0	
477.8	0.01080515	0	
478	0.0109914	0	
478.2	0.01115119	0	
478.4	0.01115632	0	
478.6	0.01121839	0	
478.8	0.01145618	0	
479	0.01179506	0	
479.2	0.01242993	0	
479.4	0.01259656	0	
479.6	0.01291397	0	
479.8	0.01318888	0	
