Conc1	1E-07	
Start1	240	
Stop1	479.8	
Kobs	6.26099209825532E-17	
Error Kobs	1697932517757.21	
Koff	0	
Error Koff	0	
Time1	Data1	Fit1	
240	0.00285515	0	
240.2	0.00248819	0	
240.4	0.00197393	0	
240.6	0.00139128	0	
240.8	0.00048181	0	
241	-0.00060466	0	
241.2	-0.00195202	0	
241.4	-0.0036231	0	
241.6	-0.00504689	0	
241.8	-0.00598375	0	
242	-0.00710563	0	
242.2	-0.00800569	0	
242.4	-0.00923114	0	
242.6	-0.00969328	0	
242.8	-0.01041287	0	
243	-0.01124351	0	
243.2	-0.01181932	0	
243.4	-0.01207299	0	
243.6	-0.01215709	0	
243.8	-0.01191934	0	
244	-0.01172808	0	
244.2	-0.01194287	0	
244.4	-0.01217047	0	
244.6	-0.01236188	0	
244.8	-0.01272968	0	
245	-0.01308606	0	
245.2	-0.0137441	0	
245.4	-0.014471	0	
245.6	-0.01482191	0	
245.8	-0.01523653	0	
246	-0.01586363	0	
246.2	-0.01645884	0	
246.4	-0.01703957	0	
246.6	-0.01761408	0	
246.8	-0.0183221	0	
247	-0.01904667	0	
247.2	-0.01933403	0	
247.4	-0.01960632	0	
247.6	-0.01950543	0	
247.8	-0.01974572	0	
248	-0.01980237	0	
248.2	-0.02018335	0	
248.4	-0.02025852	0	
248.6	-0.02025755	0	
248.8	-0.02002171	0	
249	-0.01989874	0	
249.2	-0.02010092	0	
249.4	-0.02010856	0	
249.6	-0.02006789	0	
249.8	-0.02020887	0	
250	-0.02036618	0	
250.2	-0.02044112	0	
250.4	-0.02068675	0	
250.6	-0.02111361	0	
250.8	-0.02164603	0	
251	-0.02243568	0	
251.2	-0.02275062	0	
251.4	-0.02327683	0	
251.6	-0.02307878	0	
251.8	-0.02339459	0	
252	-0.02344729	0	
252.2	-0.02379766	0	
252.4	-0.02411971	0	
252.6	-0.02442884	0	
252.8	-0.02420337	0	
253	-0.02434167	0	
253.2	-0.02433792	0	
253.4	-0.02385284	0	
253.6	-0.02388976	0	
253.8	-0.0237409	0	
254	-0.02388551	0	
254.2	-0.0234931	0	
254.4	-0.02370659	0	
254.6	-0.02362999	0	
254.8	-0.02326347	0	
255	-0.02307036	0	
255.2	-0.02292431	0	
255.4	-0.02306428	0	
255.6	-0.02287503	0	
255.8	-0.02326764	0	
256	-0.02379739	0	
256.2	-0.02406796	0	
256.4	-0.0247136	0	
256.6	-0.02548482	0	
256.8	-0.02570231	0	
257	-0.0263263	0	
257.2	-0.02646457	0	
257.4	-0.02699878	0	
257.6	-0.02768733	0	
257.8	-0.02765207	0	
258	-0.02784685	0	
258.2	-0.02731449	0	
258.4	-0.02773578	0	
258.6	-0.02775646	0	
258.8	-0.02736992	0	
259	-0.02713517	0	
259.2	-0.02681676	0	
259.4	-0.0265623	0	
259.6	-0.026944	0	
259.8	-0.02723264	0	
260	-0.02729884	0	
260.2	-0.02722557	0	
260.4	-0.02720864	0	
260.6	-0.02714861	0	
260.8	-0.02681658	0	
261	-0.02681413	0	
261.2	-0.02688144	0	
261.4	-0.02717448	0	
261.6	-0.02673482	0	
261.8	-0.02653155	0	
262	-0.02636997	0	
262.2	-0.02601317	0	
262.4	-0.02653518	0	
262.6	-0.02658711	0	
262.8	-0.02674756	0	
263	-0.02654318	0	
263.2	-0.02636146	0	
263.4	-0.02674101	0	
263.6	-0.02702389	0	
263.8	-0.02696756	0	
264	-0.02724674	0	
264.2	-0.02752636	0	
264.4	-0.02740999	0	
264.6	-0.02749622	0	
264.8	-0.02742008	0	
265	-0.02760023	0	
265.2	-0.02788442	0	
265.4	-0.02785658	0	
265.6	-0.02814239	0	
265.8	-0.02868151	0	
266	-0.02864901	0	
266.2	-0.02835974	0	
266.4	-0.02875471	0	
266.6	-0.02898205	0	
266.8	-0.02903802	0	
267	-0.02863129	0	
267.2	-0.02867958	0	
267.4	-0.02882087	0	
267.6	-0.0284019	0	
267.8	-0.02860908	0	
268	-0.02874388	0	
268.2	-0.02887805	0	
268.4	-0.0288988	0	
268.6	-0.02883439	0	
268.8	-0.02865698	0	
269	-0.02838296	0	
269.2	-0.0283109	0	
269.4	-0.02837633	0	
269.6	-0.02876934	0	
269.8	-0.02887884	0	
270	-0.02855148	0	
270.2	-0.02820746	0	
270.4	-0.02837409	0	
270.6	-0.02833119	0	
270.8	-0.02833699	0	
271	-0.02863343	0	
271.2	-0.02882983	0	
271.4	-0.02884558	0	
271.6	-0.02894713	0	
271.8	-0.02942339	0	
272	-0.02928839	0	
272.2	-0.02974885	0	
272.4	-0.02978008	0	
272.6	-0.02971116	0	
272.8	-0.02954411	0	
273	-0.02921939	0	
273.2	-0.02928484	0	
273.4	-0.02912665	0	
273.6	-0.02904169	0	
273.8	-0.02920647	0	
274	-0.02900052	0	
274.2	-0.0290509	0	
274.4	-0.02932731	0	
274.6	-0.02919879	0	
274.8	-0.02930641	0	
275	-0.02939369	0	
275.2	-0.02942266	0	
275.4	-0.02963773	0	
275.6	-0.02980162	0	
275.8	-0.02967366	0	
276	-0.02924624	0	
276.2	-0.02943179	0	
276.4	-0.02914808	0	
276.6	-0.02914595	0	
276.8	-0.02881062	0	
277	-0.02847557	0	
277.2	-0.02811568	0	
277.4	-0.02796024	0	
277.6	-0.02797522	0	
277.8	-0.02824026	0	
278	-0.02831003	0	
278.2	-0.02878371	0	
278.4	-0.02880289	0	
278.6	-0.02881406	0	
278.8	-0.02910521	0	
279	-0.02910591	0	
279.2	-0.02927316	0	
279.4	-0.0295395	0	
279.6	-0.02977094	0	
279.8	-0.02946577	0	
280	-0.02946245	0	
280.2	-0.02958572	0	
280.4	-0.02936606	0	
280.6	-0.02895455	0	
280.8	-0.02861623	0	
281	-0.02873036	0	
281.2	-0.02870395	0	
281.4	-0.02909357	0	
281.6	-0.0287255	0	
281.8	-0.02858848	0	
282	-0.02891452	0	
282.2	-0.02911906	0	
282.4	-0.0292084	0	
282.6	-0.02961971	0	
282.8	-0.02957732	0	
283	-0.02932719	0	
283.2	-0.0292599	0	
283.4	-0.02928758	0	
283.6	-0.02935084	0	
283.8	-0.02909525	0	
284	-0.02934312	0	
284.2	-0.02917181	0	
284.4	-0.02891869	0	
284.6	-0.02871303	0	
284.8	-0.02874169	0	
285	-0.02875093	0	
285.2	-0.02868648	0	
285.4	-0.02862782	0	
285.6	-0.02815204	0	
285.8	-0.02859178	0	
286	-0.02887836	0	
286.2	-0.02906176	0	
286.4	-0.02939474	0	
286.6	-0.02974826	0	
286.8	-0.02961611	0	
287	-0.02970152	0	
287.2	-0.02949668	0	
287.4	-0.02961702	0	
287.6	-0.02982058	0	
287.8	-0.02995897	0	
288	-0.03032955	0	
288.2	-0.03028215	0	
288.4	-0.03052569	0	
288.6	-0.03039399	0	
288.8	-0.03016482	0	
289	-0.02974375	0	
289.2	-0.02983569	0	
289.4	-0.02988759	0	
289.6	-0.02997412	0	
289.8	-0.02984402	0	
290	-0.02907812	0	
290.2	-0.0289904	0	
290.4	-0.02900133	0	
290.6	-0.02869411	0	
290.8	-0.02820592	0	
291	-0.02819476	0	
291.2	-0.02742204	0	
291.4	-0.02743817	0	
291.6	-0.02740287	0	
291.8	-0.02769339	0	
292	-0.02816357	0	
292.2	-0.02827521	0	
292.4	-0.02850517	0	
292.6	-0.02837076	0	
292.8	-0.02837805	0	
293	-0.02844518	0	
293.2	-0.02883074	0	
293.4	-0.02904949	0	
293.6	-0.02893131	0	
293.8	-0.02880577	0	
294	-0.02888404	0	
294.2	-0.02901051	0	
294.4	-0.02904413	0	
294.6	-0.02874909	0	
294.8	-0.02887421	0	
295	-0.02890298	0	
295.2	-0.02838216	0	
295.4	-0.02831599	0	
295.6	-0.02845091	0	
295.8	-0.02865787	0	
296	-0.02896333	0	
296.2	-0.02872491	0	
296.4	-0.02897056	0	
296.6	-0.0291714	0	
296.8	-0.02922055	0	
297	-0.02936835	0	
297.2	-0.0293667	0	
297.4	-0.02954716	0	
297.6	-0.0297503	0	
297.8	-0.03022657	0	
298	-0.03045167	0	
298.2	-0.03044926	0	
298.4	-0.03063704	0	
298.6	-0.03048833	0	
298.8	-0.03040384	0	
299	-0.03014405	0	
299.2	-0.02983967	0	
299.4	-0.02934908	0	
299.6	-0.0292092	0	
299.8	-0.02895736	0	
300	-0.02899896	0	
300.2	-0.02878573	0	
300.4	-0.02926287	0	
300.6	-0.02913781	0	
300.8	-0.02880625	0	
301	-0.028608	0	
301.2	-0.02861484	0	
301.4	-0.02908039	0	
301.6	-0.02938488	0	
301.8	-0.02967491	0	
302	-0.02972642	0	
302.2	-0.02957627	0	
302.4	-0.02952891	0	
302.6	-0.0294558	0	
302.8	-0.02958993	0	
303	-0.02983145	0	
303.2	-0.02957941	0	
303.4	-0.02920494	0	
303.6	-0.02911558	0	
303.8	-0.02936858	0	
304	-0.02958635	0	
304.2	-0.02954933	0	
304.4	-0.02974618	0	
304.6	-0.02948705	0	
304.8	-0.02931591	0	
305	-0.02902579	0	
305.2	-0.02928986	0	
305.4	-0.02957144	0	
305.6	-0.02949779	0	
305.8	-0.02929787	0	
306	-0.02876297	0	
306.2	-0.02847083	0	
306.4	-0.0283254	0	
306.6	-0.02839217	0	
306.8	-0.02825001	0	
307	-0.02840418	0	
307.2	-0.02823073	0	
307.4	-0.02809662	0	
307.6	-0.02795599	0	
307.8	-0.02786108	0	
308	-0.0278278	0	
308.2	-0.02790546	0	
308.4	-0.02811076	0	
308.6	-0.02847378	0	
308.8	-0.02833719	0	
309	-0.02813897	0	
309.2	-0.02800508	0	
309.4	-0.02809337	0	
309.6	-0.02808568	0	
309.8	-0.02784663	0	
310	-0.02785462	0	
310.2	-0.02803024	0	
310.4	-0.02812412	0	
310.6	-0.02819611	0	
310.8	-0.02817284	0	
311	-0.02884158	0	
311.2	-0.02929963	0	
311.4	-0.02935133	0	
311.6	-0.02908423	0	
311.8	-0.02897835	0	
312	-0.02889192	0	
312.2	-0.02888859	0	
312.4	-0.02914665	0	
312.6	-0.0294691	0	
312.8	-0.02917305	0	
313	-0.02842207	0	
313.2	-0.02790535	0	
313.4	-0.02815572	0	
313.6	-0.02846492	0	
313.8	-0.02864201	0	
314	-0.02868988	0	
314.2	-0.02908885	0	
314.4	-0.02903342	0	
314.6	-0.02892871	0	
314.8	-0.0293093	0	
315	-0.03000472	0	
315.2	-0.03007071	0	
315.4	-0.029691	0	
315.6	-0.02916725	0	
315.8	-0.02896637	0	
316	-0.02859492	0	
316.2	-0.02886542	0	
316.4	-0.02951117	0	
316.6	-0.02956878	0	
316.8	-0.02901719	0	
317	-0.02841069	0	
317.2	-0.02849704	0	
317.4	-0.02848442	0	
317.6	-0.02891851	0	
317.8	-0.02922581	0	
318	-0.02925607	0	
318.2	-0.02976571	0	
318.4	-0.02971324	0	
318.6	-0.02986646	0	
318.8	-0.03017131	0	
319	-0.03012832	0	
319.2	-0.02996259	0	
319.4	-0.02980013	0	
319.6	-0.02991667	0	
319.8	-0.02986091	0	
320	-0.0298341	0	
320.2	-0.02994656	0	
320.4	-0.03004377	0	
320.6	-0.0297786	0	
320.8	-0.02960533	0	
321	-0.02941598	0	
321.2	-0.02899819	0	
321.4	-0.02888116	0	
321.6	-0.02897728	0	
321.8	-0.0291473	0	
322	-0.02898165	0	
322.2	-0.02897814	0	
322.4	-0.02867461	0	
322.6	-0.02832988	0	
322.8	-0.02786517	0	
323	-0.02773815	0	
323.2	-0.02772994	0	
323.4	-0.02762492	0	
323.6	-0.02774791	0	
323.8	-0.02756581	0	
324	-0.0275204	0	
324.2	-0.02750627	0	
324.4	-0.02771848	0	
324.6	-0.02839062	0	
324.8	-0.02857462	0	
325	-0.02868035	0	
325.2	-0.02870447	0	
325.4	-0.02871873	0	
325.6	-0.02869712	0	
325.8	-0.02882461	0	
326	-0.02881447	0	
326.2	-0.02863294	0	
326.4	-0.02860543	0	
326.6	-0.02851746	0	
326.8	-0.02793354	0	
327	-0.02813737	0	
327.2	-0.02825512	0	
327.4	-0.02847352	0	
327.6	-0.02852945	0	
327.8	-0.02843414	0	
328	-0.02855037	0	
328.2	-0.02902227	0	
328.4	-0.02948541	0	
328.6	-0.03001296	0	
328.8	-0.03022583	0	
329	-0.03055659	0	
329.2	-0.03018193	0	
329.4	-0.03000937	0	
329.6	-0.03003091	0	
329.8	-0.02988458	0	
330	-0.03013865	0	
330.2	-0.03004474	0	
330.4	-0.03003904	0	
330.6	-0.02964189	0	
330.8	-0.02876123	0	
331	-0.02879288	0	
331.2	-0.02861415	0	
331.4	-0.02837751	0	
331.6	-0.02789735	0	
331.8	-0.02769586	0	
332	-0.02779166	0	
332.2	-0.02769409	0	
332.4	-0.02718351	0	
332.6	-0.02711434	0	
332.8	-0.02726337	0	
333	-0.02709767	0	
333.2	-0.02689696	0	
333.4	-0.02701937	0	
333.6	-0.02715171	0	
333.8	-0.02714152	0	
334	-0.02754718	0	
334.2	-0.02766988	0	
334.4	-0.0276654	0	
334.6	-0.02759982	0	
334.8	-0.02725654	0	
335	-0.02738612	0	
335.2	-0.02745612	0	
335.4	-0.02793833	0	
335.6	-0.02828319	0	
335.8	-0.0284771	0	
336	-0.02873257	0	
336.2	-0.02807545	0	
336.4	-0.02768989	0	
336.6	-0.02797452	0	
336.8	-0.02848768	0	
337	-0.02867461	0	
337.2	-0.02877727	0	
337.4	-0.02845125	0	
337.6	-0.02810099	0	
337.8	-0.02780458	0	
338	-0.02777323	0	
338.2	-0.02788464	0	
338.4	-0.02719571	0	
338.6	-0.02690236	0	
338.8	-0.0265087	0	
339	-0.02687651	0	
339.2	-0.02732861	0	
339.4	-0.02774182	0	
339.6	-0.02768952	0	
339.8	-0.0275297	0	
340	-0.02718902	0	
340.2	-0.0262946	0	
340.4	-0.02638681	0	
340.6	-0.02711339	0	
340.8	-0.02776212	0	
341	-0.02813043	0	
341.2	-0.02786917	0	
341.4	-0.02747254	0	
341.6	-0.02742584	0	
341.8	-0.02772942	0	
342	-0.02792636	0	
342.2	-0.02816053	0	
342.4	-0.02788329	0	
342.6	-0.02804335	0	
342.8	-0.02810084	0	
343	-0.02832417	0	
343.2	-0.02797855	0	
343.4	-0.02785094	0	
343.6	-0.02770102	0	
343.8	-0.02763124	0	
344	-0.02717192	0	
344.2	-0.02681385	0	
344.4	-0.02677366	0	
344.6	-0.02699476	0	
344.8	-0.02688199	0	
345	-0.02662898	0	
345.2	-0.02598721	0	
345.4	-0.02572382	0	
345.6	-0.02610422	0	
345.8	-0.0264727	0	
346	-0.0265762	0	
346.2	-0.0272811	0	
346.4	-0.02750423	0	
346.6	-0.02752921	0	
346.8	-0.02775672	0	
347	-0.02804819	0	
347.2	-0.02850024	0	
347.4	-0.02927453	0	
347.6	-0.02965851	0	
347.8	-0.03002403	0	
348	-0.02982203	0	
348.2	-0.02963492	0	
348.4	-0.02939017	0	
348.6	-0.02955768	0	
348.8	-0.02946442	0	
349	-0.02901845	0	
349.2	-0.02849999	0	
349.4	-0.02814038	0	
349.6	-0.02805213	0	
349.8	-0.02815301	0	
350	-0.02798888	0	
350.2	-0.02825637	0	
350.4	-0.02805222	0	
350.6	-0.02779768	0	
350.8	-0.02771526	0	
351	-0.0278311	0	
351.2	-0.0278829	0	
351.4	-0.02761095	0	
351.6	-0.02752794	0	
351.8	-0.02770821	0	
352	-0.02746294	0	
352.2	-0.0276343	0	
352.4	-0.02782842	0	
352.6	-0.0283048	0	
352.8	-0.02866529	0	
353	-0.02859557	0	
353.2	-0.028256	0	
353.4	-0.02846396	0	
353.6	-0.02880983	0	
353.8	-0.02961664	0	
354	-0.02971381	0	
354.2	-0.02995536	0	
354.4	-0.02982007	0	
354.6	-0.02945959	0	
354.8	-0.02960629	0	
355	-0.02946655	0	
355.2	-0.02921031	0	
355.4	-0.02894206	0	
355.6	-0.02885216	0	
355.8	-0.0288086	0	
356	-0.02853464	0	
356.2	-0.02818459	0	
356.4	-0.02811093	0	
356.6	-0.02818803	0	
356.8	-0.02800819	0	
357	-0.02748938	0	
357.2	-0.02678115	0	
357.4	-0.02675523	0	
357.6	-0.02662993	0	
357.8	-0.02697848	0	
358	-0.0268959	0	
358.2	-0.0267741	0	
358.4	-0.02664127	0	
358.6	-0.02660023	0	
358.8	-0.02669419	0	
359	-0.02642847	0	
359.2	-0.02629316	0	
359.4	-0.02598216	0	
359.6	-0.02564276	0	
359.8	-0.025505	0	
360	-0.02663992	0	
360.2	-0.02579653	0	
360.4	-0.02468894	0	
360.6	-0.02321544	0	
360.8	-0.02198964	0	
361	-0.02061987	0	
361.2	-0.01934579	0	
361.4	-0.01805734	0	
361.6	-0.01655086	0	
361.8	-0.01524769	0	
362	-0.01408154	0	
362.2	-0.01308328	0	
362.4	-0.01212769	0	
362.6	-0.01132139	0	
362.8	-0.01089062	0	
363	-0.00994434	0	
363.2	-0.00930133	0	
363.4	-0.00842153	0	
363.6	-0.00814986	0	
363.8	-0.00729655	0	
364	-0.00692554	0	
364.2	-0.00672824	0	
364.4	-0.00575696	0	
364.6	-0.00512382	0	
364.8	-0.00497556	0	
365	-0.00440657	0	
365.2	-0.00423905	0	
365.4	-0.0034568	0	
365.6	-0.00274197	0	
365.8	-0.0020761	0	
366	-0.00155904	0	
366.2	-0.0013393	0	
366.4	-0.00084083	0	
366.6	-0.00042489	0	
366.8	-0.0002906	0	
367	0.00030213	0	
367.2	0.00064723	0	
367.4	0.00101382	0	
367.6	0.00108822	0	
367.8	0.00092446	0	
368	0.00097243	0	
368.2	0.00136663	0	
368.4	0.00179633	0	
368.6	0.00203919	0	
368.8	0.00208865	0	
369	0.00248007	0	
369.2	0.00252896	0	
369.4	0.0031157	0	
369.6	0.00316348	0	
369.8	0.00291989	0	
370	0.00284947	0	
370.2	0.00303424	0	
370.4	0.00339596	0	
370.6	0.0036144	0	
370.8	0.00375725	0	
371	0.00388185	0	
371.2	0.0041831	0	
371.4	0.0045054	0	
371.6	0.00422533	0	
371.8	0.00408745	0	
372	0.00490811	0	
372.2	0.00528341	0	
372.4	0.00545753	0	
372.6	0.00568154	0	
372.8	0.00549039	0	
373	0.00561846	0	
373.2	0.00572697	0	
373.4	0.00592748	0	
373.6	0.00582004	0	
373.8	0.00558826	0	
374	0.00571624	0	
374.2	0.0060594	0	
374.4	0.00622174	0	
374.6	0.00685536	0	
374.8	0.00699133	0	
375	0.00679951	0	
375.2	0.00680837	0	
375.4	0.00643965	0	
375.6	0.00606558	0	
375.8	0.00638475	0	
376	0.0069491	0	
376.2	0.00695761	0	
376.4	0.0068711	0	
376.6	0.00672755	0	
376.8	0.0065815	0	
377	0.00658544	0	
377.2	0.00697826	0	
377.4	0.00723044	0	
377.6	0.00746882	0	
377.8	0.0076756	0	
378	0.00759051	0	
378.2	0.00762719	0	
378.4	0.00757578	0	
378.6	0.00789402	0	
378.8	0.00766622	0	
379	0.00785031	0	
379.2	0.00780912	0	
379.4	0.00794192	0	
379.6	0.00802136	0	
379.8	0.00832002	0	
380	0.00828659	0	
380.2	0.00800145	0	
380.4	0.00790564	0	
380.6	0.00773486	0	
380.8	0.00761269	0	
381	0.00727331	0	
381.2	0.00741274	0	
381.4	0.00732139	0	
381.6	0.0075511	0	
381.8	0.00774943	0	
382	0.00764853	0	
382.2	0.00748037	0	
382.4	0.00785211	0	
382.6	0.00797319	0	
382.8	0.00825028	0	
383	0.00864672	0	
383.2	0.00899071	0	
383.4	0.00911188	0	
383.6	0.00907254	0	
383.8	0.00902065	0	
384	0.00844342	0	
384.2	0.00850652	0	
384.4	0.00885638	0	
384.6	0.00881494	0	
384.8	0.00878956	0	
385	0.00833415	0	
385.2	0.00820909	0	
385.4	0.00835041	0	
385.6	0.00868719	0	
385.8	0.00894775	0	
386	0.00905733	0	
386.2	0.00912417	0	
386.4	0.00914982	0	
386.6	0.00911557	0	
386.8	0.00966683	0	
387	0.00995018	0	
387.2	0.01008029	0	
387.4	0.01041957	0	
387.6	0.01045198	0	
387.8	0.01049741	0	
388	0.01000456	0	
388.2	0.01035423	0	
388.4	0.01021846	0	
388.6	0.01030732	0	
388.8	0.01006203	0	
389	0.00964963	0	
389.2	0.00899963	0	
389.4	0.00875447	0	
389.6	0.00861428	0	
389.8	0.00852652	0	
390	0.00864277	0	
390.2	0.00850036	0	
390.4	0.0082377	0	
390.6	0.00853689	0	
390.8	0.00858719	0	
391	0.00888985	0	
391.2	0.009194	0	
391.4	0.00976474	0	
391.6	0.00965823	0	
391.8	0.00986003	0	
392	0.00973528	0	
392.2	0.00991615	0	
392.4	0.00982241	0	
392.6	0.01020304	0	
392.8	0.00969608	0	
393	0.00981236	0	
393.2	0.00951428	0	
393.4	0.00946454	0	
393.6	0.00944359	0	
393.8	0.00955709	0	
394	0.00970197	0	
394.2	0.00945328	0	
394.4	0.00925773	0	
394.6	0.0094514	0	
394.8	0.00911771	0	
395	0.00921193	0	
395.2	0.00927113	0	
395.4	0.0092502	0	
395.6	0.00948441	0	
395.8	0.00951455	0	
396	0.00955732	0	
396.2	0.00944975	0	
396.4	0.00962191	0	
396.6	0.01012894	0	
396.8	0.00988133	0	
397	0.0102964	0	
397.2	0.01054901	0	
397.4	0.01049789	0	
397.6	0.01072007	0	
397.8	0.0109182	0	
398	0.01096232	0	
398.2	0.01087344	0	
398.4	0.01069948	0	
398.6	0.01113319	0	
398.8	0.01080353	0	
399	0.01058313	0	
399.2	0.01046836	0	
399.4	0.01063027	0	
399.6	0.01124449	0	
399.8	0.01112518	0	
400	0.01095173	0	
400.2	0.01078709	0	
400.4	0.01086541	0	
400.6	0.01096506	0	
400.8	0.01048907	0	
401	0.01067631	0	
401.2	0.01055109	0	
401.4	0.0101794	0	
401.6	0.00992706	0	
401.8	0.00940647	0	
402	0.009174	0	
402.2	0.00959323	0	
402.4	0.00980581	0	
402.6	0.0104353	0	
402.8	0.01007096	0	
403	0.00998036	0	
403.2	0.01020371	0	
403.4	0.01089944	0	
403.6	0.0114407	0	
403.8	0.01148874	0	
404	0.01145455	0	
404.2	0.01148945	0	
404.4	0.01136408	0	
404.6	0.01153927	0	
404.8	0.01160426	0	
405	0.01195006	0	
405.2	0.01181522	0	
405.4	0.01173066	0	
405.6	0.01130523	0	
405.8	0.01101291	0	
406	0.01135384	0	
406.2	0.01198676	0	
406.4	0.01210572	0	
406.6	0.01229989	0	
406.8	0.01233012	0	
407	0.01231308	0	
407.2	0.01225639	0	
407.4	0.01220696	0	
407.6	0.01227952	0	
407.8	0.01223407	0	
408	0.0119511	0	
408.2	0.01167434	0	
408.4	0.01160938	0	
408.6	0.0117634	0	
408.8	0.01164212	0	
409	0.01178224	0	
409.2	0.01177708	0	
409.4	0.01133083	0	
409.6	0.01128714	0	
409.8	0.01117093	0	
410	0.01150839	0	
410.2	0.01141436	0	
410.4	0.01184935	0	
410.6	0.01222131	0	
410.8	0.012699	0	
411	0.01241326	0	
411.2	0.01229923	0	
411.4	0.01213418	0	
411.6	0.01262766	0	
411.8	0.01269358	0	
412	0.01280992	0	
412.2	0.01262388	0	
412.4	0.01259227	0	
412.6	0.01215004	0	
412.8	0.01218575	0	
413	0.01264451	0	
413.2	0.0126098	0	
413.4	0.01230601	0	
413.6	0.01229207	0	
413.8	0.01200977	0	
414	0.01191404	0	
414.2	0.01178243	0	
414.4	0.01198938	0	
414.6	0.01214091	0	
414.8	0.01196282	0	
415	0.01152344	0	
415.2	0.01136098	0	
415.4	0.01106445	0	
415.6	0.01124468	0	
415.8	0.01159611	0	
416	0.01166433	0	
416.2	0.01157752	0	
416.4	0.01141714	0	
416.6	0.01101303	0	
416.8	0.01140983	0	
417	0.01157583	0	
417.2	0.01147214	0	
417.4	0.01160431	0	
417.6	0.0117839	0	
417.8	0.01179758	0	
418	0.01161191	0	
418.2	0.01176311	0	
418.4	0.01158637	0	
418.6	0.01158548	0	
418.8	0.01120757	0	
419	0.01143731	0	
419.2	0.01130516	0	
419.4	0.0111648	0	
419.6	0.01141551	0	
419.8	0.01200659	0	
420	0.01204757	0	
420.2	0.01210365	0	
420.4	0.01186376	0	
420.6	0.01162715	0	
420.8	0.01159265	0	
421	0.01160415	0	
421.2	0.0120893	0	
421.4	0.01210556	0	
421.6	0.01235648	0	
421.8	0.01201159	0	
422	0.01186966	0	
422.2	0.01160516	0	
422.4	0.01151773	0	
422.6	0.01167144	0	
422.8	0.0115597	0	
423	0.01140682	0	
423.2	0.01113978	0	
423.4	0.01106621	0	
423.6	0.0113339	0	
423.8	0.0116226	0	
424	0.01191982	0	
424.2	0.0117216	0	
424.4	0.0117111	0	
424.6	0.01144071	0	
424.8	0.01136812	0	
425	0.0113499	0	
425.2	0.01166117	0	
425.4	0.01134515	0	
425.6	0.01142657	0	
425.8	0.01109096	0	
426	0.01105777	0	
426.2	0.01078332	0	
426.4	0.01125682	0	
426.6	0.0119544	0	
426.8	0.01203137	0	
427	0.01191253	0	
427.2	0.01213045	0	
427.4	0.0123111	0	
427.6	0.01291303	0	
427.8	0.0130223	0	
428	0.01334314	0	
428.2	0.01308066	0	
428.4	0.01294044	0	
428.6	0.01234211	0	
428.8	0.01207664	0	
429	0.01188011	0	
429.2	0.01185973	0	
429.4	0.01192835	0	
429.6	0.01155807	0	
429.8	0.01101817	0	
430	0.01076075	0	
430.2	0.0106578	0	
430.4	0.0111428	0	
430.6	0.01146642	0	
430.8	0.01103428	0	
431	0.01081186	0	
431.2	0.01080393	0	
431.4	0.01074837	0	
431.6	0.01086087	0	
431.8	0.01101017	0	
432	0.01127677	0	
432.2	0.01101221	0	
432.4	0.01069377	0	
432.6	0.01037026	0	
432.8	0.01066219	0	
433	0.01101142	0	
433.2	0.01136957	0	
433.4	0.01171669	0	
433.6	0.01120149	0	
433.8	0.01089384	0	
434	0.01089515	0	
434.2	0.01120077	0	
434.4	0.0114824	0	
434.6	0.01138149	0	
434.8	0.01164851	0	
435	0.01184262	0	
435.2	0.01159541	0	
435.4	0.01154192	0	
435.6	0.01195968	0	
435.8	0.01243342	0	
436	0.01239302	0	
436.2	0.01211085	0	
436.4	0.01208904	0	
436.6	0.0122849	0	
436.8	0.0126692	0	
437	0.01315761	0	
437.2	0.01329225	0	
437.4	0.01292792	0	
437.6	0.01246027	0	
437.8	0.01190384	0	
438	0.01196538	0	
438.2	0.01233949	0	
438.4	0.01236877	0	
438.6	0.01238303	0	
438.8	0.01250907	0	
439	0.0123033	0	
439.2	0.01175399	0	
439.4	0.01180228	0	
439.6	0.01161339	0	
439.8	0.01153654	0	
440	0.01146407	0	
440.2	0.01135549	0	
440.4	0.0111165	0	
440.6	0.01080525	0	
440.8	0.01113082	0	
441	0.01117311	0	
441.2	0.01099262	0	
441.4	0.01051646	0	
441.6	0.0104435	0	
441.8	0.01043084	0	
442	0.01096245	0	
442.2	0.01100184	0	
442.4	0.01099624	0	
442.6	0.01116282	0	
442.8	0.01107473	0	
443	0.01112004	0	
443.2	0.01095072	0	
443.4	0.01101621	0	
443.6	0.01098624	0	
443.8	0.01101834	0	
444	0.01108111	0	
444.2	0.01067704	0	
444.4	0.01056781	0	
444.6	0.01083674	0	
444.8	0.01137913	0	
445	0.01154789	0	
445.2	0.01171271	0	
445.4	0.01163688	0	
445.6	0.01202464	0	
445.8	0.01188407	0	
446	0.01199212	0	
446.2	0.01235232	0	
446.4	0.01241427	0	
446.6	0.0121521	0	
446.8	0.01190101	0	
447	0.01151184	0	
447.2	0.0113853	0	
447.4	0.01159845	0	
447.6	0.01179064	0	
447.8	0.01181116	0	
448	0.01170575	0	
448.2	0.0117217	0	
448.4	0.01206659	0	
448.6	0.01258764	0	
448.8	0.01263653	0	
449	0.01281459	0	
449.2	0.01233549	0	
449.4	0.01220187	0	
449.6	0.01246585	0	
449.8	0.01247706	0	
450	0.0131751	0	
450.2	0.01355814	0	
450.4	0.01312497	0	
450.6	0.01258681	0	
450.8	0.01246594	0	
451	0.0123956	0	
451.2	0.01262145	0	
451.4	0.01310728	0	
451.6	0.01284871	0	
451.8	0.0129641	0	
452	0.01279249	0	
452.2	0.01296082	0	
452.4	0.0130078	0	
452.6	0.01324381	0	
452.8	0.0128218	0	
453	0.01246458	0	
453.2	0.01226148	0	
453.4	0.01249684	0	
453.6	0.01263309	0	
453.8	0.01280566	0	
454	0.0130398	0	
454.2	0.01289368	0	
454.4	0.01282778	0	
454.6	0.01252955	0	
454.8	0.01259094	0	
455	0.01263265	0	
455.2	0.01289638	0	
455.4	0.0131434	0	
455.6	0.01258574	0	
455.8	0.01245922	0	
456	0.01201037	0	
456.2	0.01208165	0	
456.4	0.01229831	0	
456.6	0.01240334	0	
456.8	0.01227414	0	
457	0.01215019	0	
457.2	0.01231585	0	
457.4	0.01226991	0	
457.6	0.01264673	0	
457.8	0.01309515	0	
458	0.01356976	0	
458.2	0.01381866	0	
458.4	0.01367073	0	
458.6	0.01360694	0	
458.8	0.01373847	0	
459	0.01372156	0	
459.2	0.01406228	0	
459.4	0.01358164	0	
459.6	0.01302546	0	
459.8	0.01280703	0	
460	0.01262492	0	
460.2	0.01294399	0	
460.4	0.0132816	0	
460.6	0.0129194	0	
460.8	0.01314135	0	
461	0.01306994	0	
461.2	0.01313794	0	
461.4	0.01341898	0	
461.6	0.01397021	0	
461.8	0.01431835	0	
462	0.01454908	0	
462.2	0.01394966	0	
462.4	0.0135585	0	
462.6	0.01365506	0	
462.8	0.01342026	0	
463	0.01332074	0	
463.2	0.01317045	0	
463.4	0.01267932	0	
463.6	0.01218134	0	
463.8	0.01191235	0	
464	0.01206195	0	
464.2	0.01256754	0	
464.4	0.01269758	0	
464.6	0.01238746	0	
464.8	0.01273486	0	
465	0.01235823	0	
465.2	0.01254031	0	
465.4	0.01291059	0	
465.6	0.01352701	0	
465.8	0.01352085	0	
466	0.01331979	0	
466.2	0.01307125	0	
466.4	0.01303657	0	
466.6	0.0131648	0	
466.8	0.01319581	0	
467	0.01336881	0	
467.2	0.01301408	0	
467.4	0.01296375	0	
467.6	0.01273951	0	
467.8	0.01304332	0	
468	0.01364394	0	
468.2	0.01373214	0	
468.4	0.01354439	0	
468.6	0.01303555	0	
468.8	0.01299686	0	
469	0.01324297	0	
469.2	0.01392198	0	
469.4	0.01429858	0	
469.6	0.01409633	0	
469.8	0.0135618	0	
470	0.01374295	0	
470.2	0.01362139	0	
470.4	0.01310817	0	
470.6	0.01330558	0	
470.8	0.01341817	0	
471	0.01332023	0	
471.2	0.01270212	0	
471.4	0.01272816	0	
471.6	0.01284985	0	
471.8	0.01324545	0	
472	0.0131971	0	
472.2	0.0127546	0	
472.4	0.01231949	0	
472.6	0.01242424	0	
472.8	0.01312665	0	
473	0.01385009	0	
473.2	0.01388942	0	
473.4	0.01362943	0	
473.6	0.01330356	0	
473.8	0.0134591	0	
474	0.01381196	0	
474.2	0.01382198	0	
474.4	0.01388429	0	
474.6	0.01418892	0	
474.8	0.01406069	0	
475	0.01362223	0	
475.2	0.01350258	0	
475.4	0.01396947	0	
475.6	0.01412737	0	
475.8	0.01391295	0	
476	0.01358076	0	
476.2	0.01340131	0	
476.4	0.01355124	0	
476.6	0.01429919	0	
476.8	0.01468161	0	
477	0.01484883	0	
477.2	0.01454867	0	
477.4	0.01420495	0	
477.6	0.01418758	0	
477.8	0.01416651	0	
478	0.0141883	0	
478.2	0.014059	0	
478.4	0.01377063	0	
478.6	0.01328247	0	
478.8	0.0128998	0	
479	0.01264906	0	
479.2	0.0125941	0	
479.4	0.01236837	0	
479.6	0.01207245	0	
479.8	0.01190036	0	
