Conc1	5.43E-08	
Start1	300	
Stop1	539.8	
Kobs	0.00288907853468211	
Error Kobs	2.65789386906956E-05	
Koff	0	
Error Koff	0	
Time1	Data1	Fit1	
300	-0.00181891	0	
300.2	0.00078323	0.00313525	
300.4	0.00383479	0.00626566	
300.6	0.00671802	0.00939123	
300.8	0.01016679	0.01251197	
301	0.01357277	0.01562788	
301.2	0.01699534	0.01873898	
301.4	0.02018249	0.02184528	
301.6	0.0232845	0.02494677	
301.8	0.02601719	0.02804346	
302	0.02838893	0.03113537	
302.2	0.02997199	0.03422251	
302.4	0.03251259	0.03730487	
302.6	0.03436501	0.04038247	
302.8	0.03679657	0.04345531	
303	0.03934499	0.0465234	
303.2	0.04230082	0.04958675	
303.4	0.0454651	0.05264536	
303.6	0.04866437	0.05569925	
303.8	0.05186059	0.05874842	
304	0.05512571	0.06179287	
304.2	0.05854858	0.06483262	
304.4	0.06168782	0.06786768	
304.6	0.06453545	0.07089804	
304.8	0.06802227	0.07392372	
305	0.07071475	0.07694472	
305.2	0.07346195	0.07996105	
305.4	0.07592803	0.08297272	
305.6	0.07813003	0.08597974	
305.8	0.08044044	0.0889821	
306	0.08296665	0.09197983	
306.2	0.08505737	0.09497293	
306.4	0.08798405	0.0979614	
306.6	0.09048077	0.10094525	
306.8	0.0934811	0.10392449	
307	0.09605604	0.10689912	
307.2	0.09877118	0.10986916	
307.4	0.1015926	0.1128346	
307.6	0.10437384	0.11579547	
307.8	0.10756921	0.11875175	
308	0.11008597	0.12170347	
308.2	0.11297213	0.12465063	
308.4	0.11565973	0.12759323	
308.6	0.11859883	0.13053128	
308.8	0.12167239	0.1334648	
309	0.12484354	0.13639377	
309.2	0.12804063	0.13931823	
309.4	0.13076191	0.14223816	
309.6	0.1337386	0.14515358	
309.8	0.1371613	0.14806449	
310	0.14032986	0.15097091	
310.2	0.14277833	0.15387283	
310.4	0.14614986	0.15677026	
310.6	0.14882766	0.15966322	
310.8	0.15187518	0.16255171	
311	0.15448116	0.16543574	
311.2	0.15711303	0.1683153	
311.4	0.15988138	0.17119042	
311.6	0.16255865	0.17406109	
311.8	0.16462857	0.17692733	
312	0.16671077	0.17978913	
312.2	0.17002583	0.18264651	
312.4	0.1726533	0.18549948	
312.6	0.17512774	0.18834804	
312.8	0.17780955	0.19119219	
313	0.18065082	0.19403195	
313.2	0.1829386	0.19686732	
313.4	0.18551875	0.19969831	
313.6	0.18807562	0.20252492	
313.8	0.19063713	0.20534717	
314	0.19223619	0.20816505	
314.2	0.19442126	0.21097857	
314.4	0.19729372	0.21378775	
314.6	0.19961297	0.21659259	
314.8	0.20262995	0.21939309	
315	0.20497265	0.22218926	
315.2	0.20780093	0.22498112	
315.4	0.21024244	0.22776865	
315.6	0.21257854	0.23055188	
315.8	0.21535889	0.23333081	
316	0.21861432	0.23610544	
316.2	0.22225586	0.23887579	
316.4	0.22556618	0.24164185	
316.6	0.22880937	0.24440363	
316.8	0.23180026	0.24716115	
317	0.23531506	0.24991441	
317.2	0.23832223	0.25266341	
317.4	0.24160003	0.25540816	
317.6	0.24435067	0.25814868	
317.8	0.24697952	0.26088495	
318	0.2495238	0.263617	
318.2	0.25259828	0.26634482	
318.4	0.25500912	0.26906843	
318.6	0.2572577	0.27178783	
318.8	0.25933229	0.27450302	
319	0.26200188	0.27721402	
319.2	0.26443326	0.27992083	
319.4	0.26644224	0.28262346	
319.6	0.26856795	0.28532191	
319.8	0.27146354	0.28801618	
320	0.27417609	0.2907063	
320.2	0.27725887	0.29339225	
320.4	0.27999909	0.29607406	
320.6	0.28237747	0.29875172	
320.8	0.28483827	0.30142524	
321	0.28783782	0.30409463	
321.2	0.29003972	0.30675989	
321.4	0.29283088	0.30942104	
321.6	0.29523557	0.31207807	
321.8	0.29775935	0.314731	
322	0.30045167	0.31737982	
322.2	0.3027169	0.32002455	
322.4	0.30452799	0.3226652	
322.6	0.30691897	0.32530176	
322.8	0.30940364	0.32793425	
323	0.31225723	0.33056267	
323.2	0.31442508	0.33318702	
323.4	0.31644457	0.33580732	
323.6	0.31903979	0.33842358	
323.8	0.3216476	0.34103578	
324	0.3237739	0.34364395	
324.2	0.32620285	0.34624809	
324.4	0.32881883	0.34884821	
324.6	0.33153008	0.3514443	
324.8	0.33456242	0.35403639	
325	0.336779	0.35662446	
325.2	0.33906051	0.35920854	
325.4	0.34185919	0.36178863	
325.6	0.34429837	0.36436472	
325.8	0.34678951	0.36693684	
326	0.34910761	0.36950498	
326.2	0.35159363	0.37206915	
326.4	0.3539776	0.37462935	
326.6	0.35667416	0.3771856	
326.8	0.35918137	0.3797379	
327	0.3613704	0.38228626	
327.2	0.36414281	0.38483067	
327.4	0.36677688	0.38737116	
327.6	0.36950618	0.38990771	
327.8	0.37171991	0.39244035	
328	0.37402312	0.39496907	
328.2	0.37697045	0.39749389	
328.4	0.38047303	0.4000148	
328.6	0.38315487	0.40253182	
328.8	0.38560973	0.40504494	
329	0.38767556	0.40755418	
329.2	0.39022017	0.41005955	
329.4	0.39250883	0.41256104	
329.6	0.39493377	0.41505867	
329.8	0.39762361	0.41755243	
330	0.39982323	0.42004234	
330.2	0.40221022	0.4225284	
330.4	0.40463146	0.42501063	
330.6	0.40728182	0.42748901	
330.8	0.40946862	0.42996356	
331	0.41242399	0.43243429	
331.2	0.41503537	0.4349012	
331.4	0.41789341	0.4373643	
331.6	0.42075919	0.43982359	
331.8	0.4232125	0.44227908	
332	0.42620295	0.44473078	
332.2	0.42943178	0.44717868	
332.4	0.43285002	0.44962281	
332.6	0.43502395	0.45206315	
332.8	0.43743019	0.45449972	
333	0.43973563	0.45693253	
333.2	0.44226383	0.45936158	
333.4	0.44469615	0.46178687	
333.6	0.44761976	0.46420842	
333.8	0.44948101	0.46662622	
334	0.45101369	0.46904029	
334.2	0.45342935	0.47145062	
334.4	0.45576434	0.47385723	
334.6	0.45853849	0.47626012	
334.8	0.46067596	0.4786593	
335	0.46347646	0.48105477	
335.2	0.46505564	0.48344653	
335.4	0.46760101	0.4858346	
335.6	0.47010531	0.48821898	
335.8	0.47201988	0.49059967	
336	0.47460229	0.49297669	
336.2	0.47708786	0.49535003	
336.4	0.47940848	0.4977197	
336.6	0.48121688	0.50008571	
336.8	0.48330876	0.50244806	
337	0.48576733	0.50480676	
337.2	0.4886476	0.50716182	
337.4	0.49114397	0.50951324	
337.6	0.49399912	0.51186102	
337.8	0.49564865	0.51420517	
338	0.49810361	0.5165457	
338.2	0.50042564	0.51888262	
338.4	0.50277683	0.52121592	
338.6	0.50525475	0.52354561	
338.8	0.5078429	0.52587171	
339	0.51035257	0.52819421	
339.2	0.51321796	0.53051312	
339.4	0.51621096	0.53282845	
339.6	0.51911917	0.53514019	
339.8	0.5212342	0.53744837	
340	0.52346943	0.53975298	
340.2	0.52613715	0.54205402	
340.4	0.52889021	0.54435151	
340.6	0.53153892	0.54664545	
340.8	0.53427114	0.54893584	
341	0.53678301	0.5512227	
341.2	0.53941217	0.55350602	
341.4	0.54161546	0.55578581	
341.6	0.54412169	0.55806207	
341.8	0.54532713	0.56033482	
342	0.54744827	0.56260406	
342.2	0.54974252	0.56486979	
342.4	0.55206326	0.56713201	
342.6	0.55471889	0.56939074	
342.8	0.55704142	0.57164598	
343	0.55964675	0.57389774	
343.2	0.56235006	0.57614601	
343.4	0.56481387	0.57839081	
343.6	0.56689067	0.58063214	
343.8	0.56886122	0.58287	
344	0.57111196	0.58510441	
344.2	0.57387254	0.58733536	
344.4	0.57639407	0.58956287	
344.6	0.57843816	0.59178693	
344.8	0.58099968	0.59400756	
345	0.58336336	0.59622475	
345.2	0.58581088	0.59843852	
345.4	0.58836749	0.60064886	
345.6	0.59129618	0.60285579	
345.8	0.59355386	0.60505931	
346	0.59625278	0.60725942	
346.2	0.59901248	0.60945614	
346.4	0.60114408	0.61164945	
346.6	0.60365445	0.61383938	
346.8	0.6052913	0.61602592	
347	0.60791234	0.61820909	
347.2	0.61036205	0.62038887	
347.4	0.61301478	0.62256529	
347.6	0.61438344	0.62473835	
347.8	0.61638996	0.62690805	
348	0.61840236	0.62907439	
348.2	0.62079864	0.63123739	
348.4	0.62322855	0.63339704	
348.6	0.62571341	0.63555336	
348.8	0.62893545	0.63770634	
349	0.63097392	0.639856	
349.2	0.63387207	0.64200233	
349.4	0.63671226	0.64414535	
349.6	0.63892236	0.64628505	
349.8	0.64113926	0.64842145	
350	0.64321008	0.65055454	
350.2	0.64582486	0.65268434	
350.4	0.64782071	0.65481085	
350.6	0.650164	0.65693406	
350.8	0.65172361	0.659054	
351	0.65353371	0.66117066	
351.2	0.65557141	0.66328406	
351.4	0.65755505	0.66539418	
351.6	0.65849422	0.66750104	
351.8	0.66044808	0.66960465	
352	0.66243992	0.671705	
352.2	0.66516538	0.67380211	
352.4	0.66785913	0.67589598	
352.6	0.67012205	0.67798661	
352.8	0.6723553	0.68007401	
353	0.67444975	0.68215819	
353.2	0.6773341	0.68423914	
353.4	0.67971433	0.68631688	
353.6	0.68179331	0.68839141	
353.8	0.68456693	0.69046273	
354	0.68743076	0.69253084	
354.2	0.69013282	0.69459577	
354.4	0.69271418	0.6966575	
354.6	0.6953703	0.69871604	
354.8	0.69763512	0.7007714	
355	0.70000499	0.70282359	
355.2	0.70240139	0.7048726	
355.4	0.70505429	0.70691845	
355.6	0.7068242	0.70896114	
355.8	0.70965156	0.71100067	
356	0.71224278	0.71303704	
356.2	0.71534964	0.71507027	
356.4	0.71727394	0.71710036	
356.6	0.7190768	0.71912731	
356.8	0.72068461	0.72115112	
357	0.72335812	0.72317181	
357.2	0.72529671	0.72518938	
357.4	0.72687233	0.72720382	
357.6	0.72836849	0.72921516	
357.8	0.73048267	0.73122338	
358	0.73254331	0.7332285	
358.2	0.73474678	0.73523053	
358.4	0.73711356	0.73722946	
358.6	0.73907018	0.73922529	
358.8	0.74088878	0.74121805	
359	0.74235883	0.74320772	
359.2	0.74409209	0.74519432	
359.4	0.74630533	0.74717785	
359.6	0.74807548	0.74915831	
359.8	0.7502061	0.75113572	
360	0.75203451	0.75311006	
360.2	0.75441645	0.75508136	
360.4	0.75592184	0.75704961	
360.6	0.75831811	0.75901481	
360.8	0.76052597	0.76097698	
361	0.76345702	0.76293612	
361.2	0.76529045	0.76489222	
361.4	0.76735087	0.76684531	
361.6	0.76985063	0.76879538	
361.8	0.77218067	0.77074243	
362	0.77417895	0.77268647	
362.2	0.77710108	0.77462751	
362.4	0.77978895	0.77656555	
362.6	0.78230914	0.77850059	
362.8	0.7844644	0.78043265	
363	0.78671264	0.78236171	
363.2	0.78900266	0.7842878	
363.4	0.79160496	0.78621091	
363.6	0.79390481	0.78813104	
363.8	0.79595381	0.79004821	
364	0.79801355	0.79196242	
364.2	0.80075801	0.79387366	
364.4	0.80261582	0.79578196	
364.6	0.80445347	0.7976873	
364.8	0.80644296	0.7995897	
365	0.80853397	0.80148916	
365.2	0.81007584	0.80338568	
365.4	0.81187015	0.80527927	
365.6	0.81354095	0.80716994	
365.8	0.81500854	0.80905768	
366	0.81646354	0.81094251	
366.2	0.81895338	0.81282442	
366.4	0.82126883	0.81470343	
366.6	0.82357773	0.81657953	
366.8	0.8254145	0.81845273	
367	0.8273281	0.82032303	
367.2	0.82932318	0.82219045	
367.4	0.83135598	0.82405498	
367.6	0.83342291	0.82591662	
367.8	0.83544416	0.82777539	
368	0.83733574	0.82963129	
368.2	0.83965067	0.83148432	
368.4	0.84165294	0.83333448	
368.6	0.8433437	0.83518179	
368.8	0.84560714	0.83702624	
369	0.84759924	0.83886784	
369.2	0.85010477	0.84070659	
369.4	0.85230608	0.8425425	
369.6	0.85421992	0.84437557	
369.8	0.85679577	0.84620582	
370	0.85855581	0.84803323	
370.2	0.8608105	0.84985781	
370.4	0.86307425	0.85167958	
370.6	0.86526371	0.85349853	
370.8	0.86728753	0.85531468	
371	0.86895993	0.85712801	
371.2	0.87058459	0.85893854	
371.4	0.87257299	0.86074627	
371.6	0.87455115	0.86255121	
371.8	0.87633269	0.86435336	
372	0.87835513	0.86615273	
372.2	0.88061047	0.86794931	
372.4	0.88267009	0.86974312	
372.6	0.88414782	0.87153415	
372.8	0.88568503	0.87332242	
373	0.88713471	0.87510792	
373.2	0.88915899	0.87689066	
373.4	0.8903629	0.87867065	
373.6	0.89213622	0.88044789	
373.8	0.89391758	0.88222238	
374	0.89543797	0.88399412	
374.2	0.89738449	0.88576313	
374.4	0.89923428	0.88752941	
374.6	0.90148812	0.88929295	
374.8	0.90375281	0.89105377	
375	0.90503685	0.89281187	
375.2	0.90678548	0.89456725	
375.4	0.90891591	0.89631992	
375.6	0.91057189	0.89806988	
375.8	0.91299735	0.89981713	
376	0.91504386	0.90156168	
376.2	0.91714814	0.90330354	
376.4	0.91938274	0.90504271	
376.6	0.9208561	0.90677918	
376.8	0.92293512	0.90851298	
377	0.92531637	0.91024409	
377.2	0.9276074	0.91197253	
377.4	0.92968908	0.9136983	
377.6	0.93209492	0.9154214	
377.8	0.9338296	0.91714183	
378	0.93640622	0.91885961	
378.2	0.93856449	0.92057474	
378.4	0.94061299	0.92228721	
378.6	0.94274044	0.92399703	
378.8	0.94428555	0.92570422	
379	0.94486996	0.92740876	
379.2	0.94677566	0.92911067	
379.4	0.94827472	0.93080995	
379.6	0.94938152	0.9325066	
379.8	0.95073041	0.93420063	
380	0.95221428	0.93589205	
380.2	0.95425674	0.93758085	
380.4	0.95645135	0.93926703	
380.6	0.95762185	0.94095062	
380.8	0.96039065	0.9426316	
381	0.96239584	0.94430998	
381.2	0.96399803	0.94598577	
381.4	0.96563874	0.94765897	
381.6	0.96756076	0.94932958	
381.8	0.96873939	0.95099761	
382	0.97059619	0.95266306	
382.2	0.97197981	0.95432594	
382.4	0.97335271	0.95598625	
382.6	0.97492168	0.95764399	
382.8	0.97616677	0.95929917	
383	0.97751734	0.96095179	
383.2	0.97947841	0.96260186	
383.4	0.98040496	0.96424938	
383.6	0.9823	0.96589435	
383.8	0.98373908	0.96753678	
384	0.98561113	0.96917667	
384.2	0.9872271	0.97081403	
384.4	0.98927448	0.97244885	
384.6	0.99092505	0.97408115	
384.8	0.9927996	0.97571093	
385	0.99437189	0.97733819	
385.2	0.9957643	0.97896293	
385.4	0.99692152	0.98058516	
385.6	0.99883775	0.98220488	
385.8	1.00045753	0.9838221	
386	1.0023063	0.98543682	
386.2	1.00378385	0.98704905	
386.4	1.00623848	0.98865878	
386.6	1.00819518	0.99026603	
386.8	1.0103779	0.99187079	
387	1.0124433	0.99347307	
387.2	1.01415529	0.99507288	
387.4	1.01637246	0.99667021	
387.6	1.01915691	0.99826507	
387.8	1.02045099	0.99985747	
388	1.02221769	1.00144741	
388.2	1.02368511	1.00303489	
388.4	1.02566609	1.00461992	
388.6	1.02689129	1.0062025	
388.8	1.02786242	1.00778263	
389	1.02935576	1.00936032	
389.2	1.03094748	1.01093557	
389.4	1.03265598	1.01250838	
389.6	1.03417708	1.01407877	
389.8	1.03537616	1.01564673	
390	1.03647555	1.01721226	
390.2	1.03770013	1.01877538	
390.4	1.03949928	1.02033608	
390.6	1.04073684	1.02189437	
390.8	1.04245129	1.02345024	
391	1.04382194	1.02500372	
391.2	1.04570665	1.02655479	
391.4	1.04771106	1.02810347	
391.6	1.04890044	1.02964975	
391.8	1.05017549	1.03119364	
392	1.051337	1.03273515	
392.2	1.05268954	1.03427427	
392.4	1.05424965	1.03581102	
392.6	1.05582849	1.03734539	
392.8	1.05836127	1.03887739	
393	1.06043622	1.04040702	
393.2	1.06218975	1.04193429	
393.4	1.06327572	1.04345919	
393.6	1.06430672	1.04498174	
393.8	1.06589319	1.04650194	
394	1.06748093	1.04801979	
394.2	1.06856519	1.04953529	
394.4	1.06972537	1.05104845	
394.6	1.07077737	1.05255927	
394.8	1.07197195	1.05406775	
395	1.07406174	1.05557391	
395.2	1.07561591	1.05707773	
395.4	1.07709735	1.05857924	
395.6	1.07772583	1.06007842	
395.8	1.07954378	1.06157528	
396	1.08047742	1.06306983	
396.2	1.08228628	1.06456207	
396.4	1.08393596	1.06605201	
396.6	1.08607205	1.06753964	
396.8	1.08810173	1.06902497	
397	1.08958714	1.07050801	
397.2	1.09076104	1.07198876	
397.4	1.09196082	1.07346721	
397.6	1.09360565	1.07494338	
397.8	1.09503448	1.07641727	
398	1.0959224	1.07788888	
398.2	1.09676744	1.07935822	
398.4	1.09838766	1.08082529	
398.6	1.09984828	1.08229009	
398.8	1.10161882	1.08375262	
399	1.10298934	1.0852129	
399.2	1.10389095	1.08667092	
399.4	1.10525163	1.08812668	
399.6	1.10616348	1.0895802	
399.8	1.10759164	1.09103146	
400	1.10835414	1.09248049	
400.2	1.10976113	1.09392727	
400.4	1.11100514	1.09537182	
400.6	1.11252271	1.09681414	
400.8	1.11383218	1.09825423	
401	1.11516924	1.09969209	
401.2	1.11620439	1.10112773	
401.4	1.11700982	1.10256115	
401.6	1.11815091	1.10399236	
401.8	1.11930371	1.10542135	
402	1.12048778	1.10684814	
402.2	1.12233969	1.10827272	
402.4	1.12449691	1.1096951	
402.6	1.12595353	1.11111528	
402.8	1.12744672	1.11253326	
403	1.12878	1.11394905	
403.2	1.13038047	1.11536266	
403.4	1.13212981	1.11677408	
403.6	1.13361616	1.11818332	
403.8	1.13497147	1.11959038	
404	1.13603095	1.12099527	
404.2	1.13738662	1.12239798	
404.4	1.13863042	1.12379853	
404.6	1.13979965	1.12519691	
404.8	1.14065656	1.12659313	
405	1.14150596	1.1279872	
405.2	1.1423725	1.1293791	
405.4	1.14287806	1.13076886	
405.6	1.14439863	1.13215647	
405.8	1.14581441	1.13354194	
406	1.14709581	1.13492526	
406.2	1.14877408	1.13630645	
406.4	1.15024322	1.1376855	
406.6	1.15076753	1.13906242	
406.8	1.15163852	1.14043721	
407	1.15259681	1.14180988	
407.2	1.15392158	1.14318042	
407.4	1.15533649	1.14454885	
407.6	1.15628634	1.14591516	
407.8	1.15741335	1.14727936	
408	1.15825784	1.14864145	
408.2	1.15918269	1.15000144	
408.4	1.15985283	1.15135932	
408.6	1.16052839	1.15271511	
408.8	1.16183484	1.1540688	
409	1.16303809	1.1554204	
409.2	1.16439314	1.15676991	
409.4	1.16597733	1.15811733	
409.6	1.16769726	1.15946268	
409.8	1.16893228	1.16080594	
410	1.17050839	1.16214712	
410.2	1.17210366	1.16348624	
410.4	1.17304153	1.16482328	
410.6	1.1741933	1.16615826	
410.8	1.17539264	1.16749117	
411	1.17689728	1.16882203	
411.2	1.17832882	1.17015082	
411.4	1.17919834	1.17147757	
411.6	1.18013789	1.17280226	
411.8	1.18171265	1.17412491	
412	1.18288594	1.17544551	
412.2	1.18363316	1.17676407	
412.4	1.18408294	1.17808059	
412.6	1.18525463	1.17939508	
412.8	1.1869116	1.18070753	
413	1.18778203	1.18201796	
413.2	1.18867968	1.18332636	
413.4	1.19001459	1.18463274	
413.6	1.19165661	1.18593711	
413.8	1.19284431	1.18723945	
414	1.19401226	1.18853978	
414.2	1.19439558	1.18983811	
414.4	1.1953642	1.19113442	
414.6	1.1965174	1.19242873	
414.8	1.19729113	1.19372105	
415	1.19807265	1.19501136	
415.2	1.19886769	1.19629968	
415.4	1.19982089	1.19758601	
415.6	1.20059336	1.19887035	
415.8	1.20143976	1.20015271	
416	1.20210428	1.20143308	
416.2	1.20278107	1.20271148	
416.4	1.2035295	1.2039879	
416.6	1.20431294	1.20526235	
416.8	1.2048051	1.20653482	
417	1.2053763	1.20780533	
417.2	1.2062458	1.20907388	
417.4	1.20715543	1.21034047	
417.6	1.20810764	1.2116051	
417.8	1.20810796	1.21286777	
418	1.20859477	1.21412849	
418.2	1.20923734	1.21538727	
418.4	1.21060737	1.2166441	
418.6	1.21158251	1.21789898	
418.8	1.21272174	1.21915193	
419	1.21352798	1.22040294	
419.2	1.21478548	1.22165202	
419.4	1.21574348	1.22289916	
419.6	1.21648407	1.22414438	
419.8	1.21748025	1.22538768	
420	1.25984469	1.22662924	
420.2	1.25826974	1.22592068	
420.4	1.25626554	1.22521253	
420.6	1.25422479	1.22450478	
420.8	1.25237311	1.22379745	
421	1.25058387	1.22309053	
421.2	1.24805251	1.22238401	
421.4	1.24582165	1.2216779	
421.6	1.2436051	1.2209722	
421.8	1.24143973	1.22026691	
422	1.2397603	1.21956202	
422.2	1.23839577	1.21885754	
422.4	1.23637577	1.21815347	
422.6	1.23467666	1.21744981	
422.8	1.23296313	1.21674655	
423	1.23143672	1.2160437	
423.2	1.22963966	1.21534125	
423.4	1.22839344	1.21463921	
423.6	1.22676197	1.21393757	
423.8	1.22533823	1.21323634	
424	1.22404129	1.21253552	
424.2	1.22276403	1.2118351	
424.4	1.22151918	1.21113508	
424.6	1.22045727	1.21043547	
424.8	1.21948368	1.20973627	
425	1.21811617	1.20903746	
425.2	1.21676092	1.20833907	
425.4	1.21585535	1.20764107	
425.6	1.21448651	1.20694348	
425.8	1.21302915	1.20624629	
426	1.21167687	1.2055495	
426.2	1.2103107	1.20485312	
426.4	1.20904331	1.20415714	
426.6	1.2082701	1.20346156	
426.8	1.20748699	1.20276638	
427	1.20631299	1.2020716	
427.2	1.20511267	1.20137723	
427.4	1.20432499	1.20068325	
427.6	1.20285663	1.19998968	
427.8	1.20181579	1.19929651	
428	1.20104257	1.19860373	
428.2	1.19988898	1.19791136	
428.4	1.19900597	1.19721939	
428.6	1.19763725	1.19652782	
428.8	1.19643687	1.19583664	
429	1.19565199	1.19514587	
429.2	1.19479507	1.1944555	
429.4	1.19342579	1.19376552	
429.6	1.19153089	1.19307594	
429.8	1.19032632	1.19238676	
430	1.18905757	1.19169798	
430.2	1.18787462	1.1910096	
430.4	1.18678229	1.19032161	
430.6	1.18679789	1.18963403	
430.8	1.18604093	1.18894684	
431	1.18535187	1.18826004	
431.2	1.18446413	1.18757365	
431.4	1.18391975	1.18688765	
431.6	1.18327343	1.18620204	
431.8	1.18280816	1.18551683	
432	1.18165101	1.18483202	
432.2	1.18036221	1.1841476	
432.4	1.17970744	1.18346358	
432.6	1.17878153	1.18277996	
432.8	1.17824336	1.18209672	
433	1.17740771	1.18141389	
433.2	1.17606645	1.18073145	
433.4	1.17486147	1.1800494	
433.6	1.17419553	1.17936774	
433.8	1.17340765	1.17868648	
434	1.17218937	1.17800562	
434.2	1.17101377	1.17732514	
434.4	1.17016426	1.17664506	
434.6	1.16980005	1.17596537	
434.8	1.16893052	1.17528608	
435	1.16813656	1.17460718	
435.2	1.16694985	1.17392867	
435.4	1.16585172	1.17325055	
435.6	1.1647126	1.17257282	
435.8	1.1634888	1.17189549	
436	1.16171482	1.17121854	
436.2	1.16095134	1.17054199	
436.4	1.16058121	1.16986583	
436.6	1.16006374	1.16919005	
436.8	1.15913666	1.16851467	
437	1.15781694	1.16783968	
437.2	1.15732274	1.16716508	
437.4	1.15687674	1.16649087	
437.6	1.15612632	1.16581705	
437.8	1.1547445	1.16514361	
438	1.15396484	1.16447057	
438.2	1.15337653	1.16379792	
438.4	1.15271806	1.16312565	
438.6	1.15216542	1.16245377	
438.8	1.15155336	1.16178228	
439	1.15085564	1.16111118	
439.2	1.14997538	1.16044046	
439.4	1.14856086	1.15977014	
439.6	1.14763052	1.1591002	
439.8	1.14704978	1.15843065	
440	1.14624035	1.15776148	
440.2	1.14628195	1.1570927	
440.4	1.14602987	1.15642431	
440.6	1.14528387	1.1557563	
440.8	1.14413648	1.15508868	
441	1.14334844	1.15442144	
441.2	1.14280582	1.15375459	
441.4	1.1416965	1.15308813	
441.6	1.14085663	1.15242205	
441.8	1.14001316	1.15175635	
442	1.13934822	1.15109104	
442.2	1.13889178	1.15042611	
442.4	1.13767708	1.14976157	
442.6	1.13687861	1.14909741	
442.8	1.13577514	1.14843364	
443	1.13434571	1.14777025	
443.2	1.1332119	1.14710724	
443.4	1.13246973	1.14644462	
443.6	1.13164858	1.14578237	
443.8	1.13108635	1.14512051	
444	1.13018367	1.14445904	
444.2	1.12926582	1.14379794	
444.4	1.12797273	1.14313723	
444.6	1.12663777	1.14247689	
444.8	1.12586445	1.14181694	
445	1.12533642	1.14115737	
445.2	1.12485805	1.14049819	
445.4	1.12446312	1.13983938	
445.6	1.12437046	1.13918095	
445.8	1.12401598	1.13852291	
446	1.12398872	1.13786524	
446.2	1.12354631	1.13720795	
446.4	1.12318513	1.13655105	
446.6	1.12277687	1.13589452	
446.8	1.12168533	1.13523837	
447	1.12077158	1.1345826	
447.2	1.12045516	1.13392721	
447.4	1.1199071	1.1332722	
447.6	1.11888974	1.13261757	
447.8	1.11760297	1.13196331	
448	1.11664184	1.13130943	
448.2	1.11558951	1.13065593	
448.4	1.11449106	1.13000281	
448.6	1.11342529	1.12935007	
448.8	1.1131171	1.1286977	
449	1.1126116	1.12804571	
449.2	1.1118677	1.12739409	
449.4	1.1107288	1.12674286	
449.6	1.11011537	1.126092	
449.8	1.10952992	1.12544151	
450	1.1086093	1.1247914	
450.2	1.10787052	1.12414167	
450.4	1.10743572	1.12349231	
450.6	1.10637867	1.12284332	
450.8	1.10544811	1.12219471	
451	1.10446844	1.12154648	
451.2	1.10412542	1.12089862	
451.4	1.10414183	1.12025113	
451.6	1.10442406	1.11960402	
451.8	1.10375355	1.11895728	
452	1.10389198	1.11831092	
452.2	1.10382287	1.11766493	
452.4	1.10350457	1.11701931	
452.6	1.10284777	1.11637407	
452.8	1.10295758	1.11572919	
453	1.10227656	1.11508469	
453.2	1.10125834	1.11444057	
453.4	1.1000352	1.11379681	
453.6	1.09915481	1.11315343	
453.8	1.09825082	1.11251042	
454	1.09675367	1.11186778	
454.2	1.09570715	1.11122551	
454.4	1.09445782	1.11058361	
454.6	1.09347556	1.10994208	
454.8	1.09242411	1.10930092	
455	1.09076861	1.10866014	
455.2	1.09005043	1.10801972	
455.4	1.08960384	1.10737968	
455.6	1.08895969	1.10674	
455.8	1.08803582	1.10610069	
456	1.08744232	1.10546175	
456.2	1.08696872	1.10482319	
456.4	1.08605506	1.10418499	
456.6	1.08542969	1.10354715	
456.8	1.08506124	1.10290969	
457	1.08419048	1.1022726	
457.2	1.08391258	1.10163587	
457.4	1.08342005	1.10099951	
457.6	1.0832369	1.10036352	
457.8	1.08320689	1.0997279	
458	1.08261686	1.09909264	
458.2	1.08300087	1.09845775	
458.4	1.08278963	1.09782323	
458.6	1.08273969	1.09718907	
458.8	1.08247641	1.09655528	
459	1.08174908	1.09592186	
459.2	1.08164266	1.0952888	
459.4	1.08127372	1.09465611	
459.6	1.08045913	1.09402378	
459.8	1.07970374	1.09339182	
460	1.07852224	1.09276022	
460.2	1.07772758	1.09212899	
460.4	1.07649849	1.09149812	
460.6	1.07579401	1.09086762	
460.8	1.07472863	1.09023748	
461	1.07380107	1.08960771	
461.2	1.07308475	1.0889783	
461.4	1.0719201	1.08834925	
461.6	1.07140418	1.08772057	
461.8	1.07048487	1.08709225	
462	1.06939419	1.08646429	
462.2	1.0688453	1.0858367	
462.4	1.06801848	1.08520946	
462.6	1.06774534	1.08458259	
462.8	1.06741136	1.08395609	
463	1.06704913	1.08332994	
463.2	1.06640907	1.08270416	
463.4	1.06556501	1.08207873	
463.6	1.06581094	1.08145367	
463.8	1.0654224	1.08082897	
464	1.06563575	1.08020463	
464.2	1.06565756	1.07958065	
464.4	1.0652687	1.07895703	
464.6	1.06533035	1.07833378	
464.8	1.06487743	1.07771088	
465	1.06430882	1.07708834	
465.2	1.06357801	1.07646616	
465.4	1.06266929	1.07584434	
465.6	1.06202385	1.07522288	
465.8	1.0614891	1.07460178	
466	1.06088466	1.07398104	
466.2	1.06034445	1.07336065	
466.4	1.0597844	1.07274063	
466.6	1.05899805	1.07212096	
466.8	1.05824104	1.07150165	
467	1.05725468	1.0708827	
467.2	1.0561473	1.07026411	
467.4	1.0555448	1.06964587	
467.6	1.05556701	1.06902799	
467.8	1.05415267	1.06841047	
468	1.05343158	1.0677933	
468.2	1.05255119	1.06717649	
468.4	1.05197989	1.06656004	
468.6	1.05138048	1.06594394	
468.8	1.0508526	1.0653282	
469	1.05049491	1.06471281	
469.2	1.0499379	1.06409778	
469.4	1.05010045	1.06348311	
469.6	1.05033925	1.06286879	
469.8	1.05033633	1.06225482	
470	1.04968743	1.06164121	
470.2	1.04905137	1.06102796	
470.4	1.04831774	1.06041506	
470.6	1.04801168	1.05980251	
470.8	1.04706079	1.05919031	
471	1.04617925	1.05857847	
471.2	1.04501936	1.05796699	
471.4	1.04431931	1.05735585	
471.6	1.0437232	1.05674507	
471.8	1.04270779	1.05613465	
472	1.0420248	1.05552457	
472.2	1.0413017	1.05491485	
472.4	1.04053156	1.05430548	
472.6	1.04013215	1.05369646	
472.8	1.03996326	1.05308779	
473	1.03926424	1.05247948	
473.2	1.03871116	1.05187152	
473.4	1.03861041	1.0512639	
473.6	1.03791646	1.05065664	
473.8	1.03694689	1.05004973	
474	1.03636438	1.04944317	
474.2	1.03581407	1.04883696	
474.4	1.0352319	1.0482311	
474.6	1.03518535	1.04762559	
474.8	1.03424514	1.04702043	
475	1.03399762	1.04641562	
475.2	1.03349303	1.04581116	
475.4	1.03327005	1.04520705	
475.6	1.03298158	1.04460329	
475.8	1.03263158	1.04399988	
476	1.03211176	1.04339681	
476.2	1.03151521	1.04279409	
476.4	1.03169687	1.04219172	
476.6	1.03135312	1.0415897	
476.8	1.0307069	1.04098803	
477	1.03010245	1.0403867	
477.2	1.02983985	1.03978573	
477.4	1.0299078	1.0391851	
477.6	1.02942659	1.03858481	
477.8	1.02850548	1.03798487	
478	1.02769793	1.03738528	
478.2	1.02724223	1.03678604	
478.4	1.02681252	1.03618714	
478.6	1.02628308	1.03558859	
478.8	1.02558531	1.03499038	
479	1.02508576	1.03439252	
479.2	1.02441897	1.03379501	
479.4	1.023346	1.03319784	
479.6	1.02237628	1.03260101	
479.8	1.02157376	1.03200453	
480	1.02123586	1.03140839	
480.2	1.02034594	1.0308126	
480.4	1.01972911	1.03021715	
480.6	1.01900808	1.02962205	
480.8	1.01856571	1.02902729	
481	1.01862408	1.02843287	
481.2	1.01802816	1.0278388	
481.4	1.01749876	1.02724507	
481.6	1.01643202	1.02665168	
481.8	1.01558046	1.02605864	
482	1.0151739	1.02546594	
482.2	1.01511371	1.02487358	
482.4	1.01464938	1.02428156	
482.6	1.01420075	1.02368989	
482.8	1.01363531	1.02309855	
483	1.01321937	1.02250756	
483.2	1.01284687	1.02191691	
483.4	1.01179594	1.0213266	
483.6	1.01059408	1.02073663	
483.8	1.01004698	1.02014701	
484	1.00950003	1.01955772	
484.2	1.00862842	1.01896877	
484.4	1.00809921	1.01838017	
484.6	1.00791008	1.0177919	
484.8	1.00732982	1.01720398	
485	1.00680873	1.01661639	
485.2	1.00582872	1.01602914	
485.4	1.00535195	1.01544223	
485.6	1.00477213	1.01485566	
485.8	1.00442532	1.01426943	
486	1.0042771	1.01368354	
486.2	1.00403877	1.01309799	
486.4	1.00331829	1.01251278	
486.6	1.00277776	1.0119279	
486.8	1.0026378	1.01134336	
487	1.00279319	1.01075916	
487.2	1.00266307	1.01017529	
487.4	1.00205602	1.00959177	
487.6	1.00110144	1.00900858	
487.8	1.00082734	1.00842573	
488	0.99965036	1.00784321	
488.2	0.99921163	1.00726103	
488.4	0.99887761	1.00667919	
488.6	0.99828562	1.00609768	
488.8	0.99753358	1.00551651	
489	0.99677024	1.00493567	
489.2	0.99616171	1.00435517	
489.4	0.99555437	1.00377501	
489.6	0.99475378	1.00319518	
489.8	0.99430135	1.00261569	
490	0.99371403	1.00203653	
490.2	0.99292444	1.0014577	
490.4	0.99251007	1.00087921	
490.6	0.99241158	1.00030105	
490.8	0.9930607	0.99972323	
491	0.99293079	0.99914574	
491.2	0.99255925	0.99856859	
491.4	0.99260632	0.99799176	
491.6	0.9921147	0.99741528	
491.8	0.99155613	0.99683912	
492	0.99050883	0.9962633	
492.2	0.99028944	0.99568781	
492.4	0.99007417	0.99511265	
492.6	0.9895189	0.99453782	
492.8	0.98900601	0.99396333	
493	0.98826811	0.99338917	
493.2	0.98735809	0.99281534	
493.4	0.98688266	0.99224184	
493.6	0.986297	0.99166867	
493.8	0.98600371	0.99109584	
494	0.9856015	0.99052333	
494.2	0.98517973	0.98995116	
494.4	0.98469683	0.98937931	
494.6	0.9841573	0.9888078	
494.8	0.98408048	0.98823661	
495	0.98344442	0.98766576	
495.2	0.98292263	0.98709524	
495.4	0.98245406	0.98652504	
495.6	0.98158464	0.98595518	
495.8	0.98040348	0.98538564	
496	0.97960001	0.98481643	
496.2	0.97890388	0.98424756	
496.4	0.97796538	0.98367901	
496.6	0.97772161	0.98311079	
496.8	0.97713281	0.98254289	
497	0.9765394	0.98197533	
497.2	0.9758998	0.98140809	
497.4	0.97603032	0.98084118	
497.6	0.97575738	0.9802746	
497.8	0.97552311	0.97970835	
498	0.97530029	0.97914242	
498.2	0.97465953	0.97857682	
498.4	0.9743905	0.97801154	
498.6	0.97471915	0.9774466	
498.8	0.97474889	0.97688198	
499	0.9744547	0.97631768	
499.2	0.9740513	0.97575371	
499.4	0.97350221	0.97519007	
499.6	0.97356989	0.97462675	
499.8	0.97327006	0.97406376	
500	0.97266493	0.97350109	
500.2	0.97197951	0.97293875	
500.4	0.97100169	0.97237673	
500.6	0.97056329	0.97181504	
500.8	0.96969833	0.97125367	
501	0.96920221	0.97069263	
501.2	0.96822919	0.97013191	
501.4	0.96761494	0.96957152	
501.6	0.96639704	0.96901144	
501.8	0.96556907	0.9684517	
502	0.9647443	0.96789227	
502.2	0.96359462	0.96733317	
502.4	0.96336737	0.96677439	
502.6	0.96302145	0.96621593	
502.8	0.96261264	0.9656578	
503	0.96229681	0.96509999	
503.2	0.96195878	0.9645425	
503.4	0.96173063	0.96398533	
503.6	0.96231593	0.96342849	
503.8	0.96189889	0.96287197	
504	0.96140929	0.96231576	
504.2	0.96085183	0.96175988	
504.4	0.96035917	0.96120432	
504.6	0.95997862	0.96064909	
504.8	0.96003894	0.96009417	
505	0.95989995	0.95953957	
505.2	0.95944682	0.95898529	
505.4	0.95907778	0.95843134	
505.6	0.95817066	0.9578777	
505.8	0.95781766	0.95732438	
506	0.95712514	0.95677139	
506.2	0.95659244	0.95621871	
506.4	0.95625509	0.95566635	
506.6	0.956176	0.95511431	
506.8	0.95626564	0.95456259	
507	0.95576368	0.95401119	
507.2	0.9555669	0.9534601	
507.4	0.95531337	0.95290934	
507.6	0.95524305	0.95235889	
507.8	0.95410715	0.95180876	
508	0.9537192	0.95125895	
508.2	0.95330635	0.95070946	
508.4	0.95248889	0.95016028	
508.6	0.951857	0.94961142	
508.8	0.95154775	0.94906288	
509	0.95080799	0.94851466	
509.2	0.94960944	0.94796675	
509.4	0.94837063	0.94741916	
509.6	0.94750311	0.94687188	
509.8	0.94674362	0.94632492	
510	0.94560875	0.94577828	
510.2	0.94490698	0.94523195	
510.4	0.94449434	0.94468594	
510.6	0.94456374	0.94414024	
510.8	0.94408462	0.94359486	
511	0.94358335	0.94304979	
511.2	0.94325026	0.94250504	
511.4	0.9426113	0.9419606	
511.6	0.94228232	0.94141648	
511.8	0.94179094	0.94087267	
512	0.94185197	0.94032918	
512.2	0.941899	0.939786	
512.4	0.94128341	0.93924313	
512.6	0.94118503	0.93870058	
512.8	0.94083815	0.93815834	
513	0.94053935	0.93761642	
513.2	0.93985531	0.9370748	
513.4	0.93964974	0.9365335	
513.6	0.93977824	0.93599252	
513.8	0.93955122	0.93545184	
514	0.93941441	0.93491148	
514.2	0.93927618	0.93437143	
514.4	0.93912172	0.93383169	
514.6	0.9389976	0.93329226	
514.8	0.93834984	0.93275315	
515	0.93819046	0.93221434	
515.2	0.93764594	0.93167585	
515.4	0.93730123	0.93113767	
515.6	0.93689276	0.9305998	
515.8	0.93640592	0.93006224	
516	0.93555435	0.92952499	
516.2	0.93500615	0.92898805	
516.4	0.93411112	0.92845142	
516.6	0.93355563	0.9279151	
516.8	0.93323582	0.92737909	
517	0.93294816	0.92684339	
517.2	0.93243367	0.926308	
517.4	0.93201666	0.92577292	
517.6	0.93200418	0.92523815	
517.8	0.93172864	0.92470369	
518	0.93151271	0.92416954	
518.2	0.93088088	0.92363569	
518.4	0.93031201	0.92310215	
518.6	0.93028996	0.92256892	
518.8	0.92979805	0.922036	
519	0.92909938	0.92150339	
519.2	0.92839891	0.92097108	
519.4	0.92799425	0.92043909	
519.6	0.92678029	0.9199074	
519.8	0.92618131	0.91937601	
520	0.92549187	0.91884494	
520.2	0.92531918	0.91831417	
520.4	0.92510273	0.9177837	
520.6	0.92558812	0.91725355	
520.8	0.92597629	0.9167237	
521	0.92597047	0.91619415	
521.2	0.92638312	0.91566491	
521.4	0.92612928	0.91513598	
521.6	0.92623514	0.91460735	
521.8	0.92601302	0.91407903	
522	0.92557614	0.91355102	
522.2	0.92499466	0.9130233	
522.4	0.92446464	0.9124959	
522.6	0.9241335	0.91196879	
522.8	0.92328505	0.911442	
523	0.92239698	0.9109155	
523.2	0.922006	0.91038931	
523.4	0.92096903	0.90986343	
523.6	0.92013624	0.90933785	
523.8	0.91948888	0.90881257	
524	0.91872323	0.9082876	
524.2	0.91853502	0.90776292	
524.4	0.91813446	0.90723856	
524.6	0.9184049	0.90671449	
524.8	0.91775684	0.90619073	
525	0.9173889	0.90566727	
525.2	0.91662501	0.90514411	
525.4	0.91565391	0.90462126	
525.6	0.91526925	0.9040987	
525.8	0.91439087	0.90357645	
526	0.91357794	0.9030545	
526.2	0.91322563	0.90253285	
526.4	0.91236003	0.9020115	
526.6	0.91189937	0.90149046	
526.8	0.91112713	0.90096971	
527	0.91070178	0.90044927	
527.2	0.90993346	0.89992913	
527.4	0.90934155	0.89940928	
527.6	0.90944826	0.89888974	
527.8	0.90869203	0.8983705	
528	0.90842771	0.89785156	
528.2	0.9086854	0.89733291	
528.4	0.90834819	0.89681457	
528.6	0.90857922	0.89629653	
528.8	0.90841751	0.89577878	
529	0.90852823	0.89526134	
529.2	0.90817614	0.89474419	
529.4	0.90796471	0.89422734	
529.6	0.90807272	0.89371079	
529.8	0.90735868	0.89319454	
530	0.90703536	0.89267859	
530.2	0.90691946	0.89216293	
530.4	0.90631498	0.89164758	
530.6	0.90605144	0.89113252	
530.8	0.90526517	0.89061776	
531	0.90513047	0.89010329	
531.2	0.90468399	0.88958912	
531.4	0.90391337	0.88907525	
531.6	0.90335208	0.88856168	
531.8	0.90248992	0.8880484	
532	0.90191236	0.88753542	
532.2	0.90137664	0.88702274	
532.4	0.90067763	0.88651035	
532.6	0.89984929	0.88599826	
532.8	0.8989692	0.88548647	
533	0.89844734	0.88497497	
533.2	0.89811632	0.88446376	
533.4	0.89726473	0.88395285	
533.6	0.89704584	0.88344224	
533.8	0.89683193	0.88293192	
534	0.89693836	0.88242189	
534.2	0.89685122	0.88191216	
534.4	0.89656439	0.88140273	
534.6	0.89644853	0.88089359	
534.8	0.89624092	0.88038474	
535	0.89583293	0.87987619	
535.2	0.8951593	0.87936793	
535.4	0.89451542	0.87885996	
535.6	0.89433196	0.87835229	
535.8	0.89387389	0.87784491	
536	0.89343649	0.87733782	
536.2	0.89243503	0.87683103	
536.4	0.89207622	0.87632453	
536.6	0.89128529	0.87581832	
536.8	0.89096118	0.87531241	
537	0.89103377	0.87480678	
537.2	0.89070129	0.87430145	
537.4	0.89028819	0.87379641	
537.6	0.88984592	0.87329167	
537.8	0.88985838	0.87278721	
538	0.88950065	0.87228304	
538.2	0.88923234	0.87177917	
538.4	0.88910145	0.87127559	
538.6	0.88901871	0.8707723	
538.8	0.88880591	0.8702693	
539	0.88854163	0.86976659	
539.2	0.88845915	0.86926417	
539.4	0.8885763	0.86876204	
539.6	0.88838967	0.8682602	
539.8	0.88836867	0.86775865	
