Conc1	1E-07	
Start1	240	
Stop1	479.8	
Kobs	0.0016867676463781	
Error Kobs	9.85346487724176E-06	
Koff	0	
Error Koff	0	
Time1	Data1	Fit1	
240	0.02667182	0	
240.2	0.02989045	0.00792346	
240.4	0.03405915	0.01581401	
240.6	0.03881696	0.02367178	
240.8	0.04445131	0.03149691	
241	0.05065428	0.03928954	
241.2	0.05714229	0.0470498	
241.4	0.06433529	0.05477782	
241.6	0.07164248	0.06247375	
241.8	0.07878551	0.0701377	
242	0.08608719	0.07776983	
242.2	0.09336144	0.08537025	
242.4	0.10059606	0.0929391	
242.6	0.10811528	0.10047651	
242.8	0.11513596	0.10798261	
243	0.12202286	0.11545753	
243.2	0.12874924	0.12290141	
243.4	0.13556521	0.13031436	
243.6	0.14240574	0.13769652	
243.8	0.1491777	0.14504802	
244	0.15569576	0.15236898	
244.2	0.16209321	0.15965953	
244.4	0.16870898	0.1669198	
244.6	0.17533895	0.17414991	
244.8	0.18203779	0.18134999	
245	0.18830232	0.18852016	
245.2	0.19472668	0.19566055	
245.4	0.20141358	0.20277128	
245.6	0.20792802	0.20985247	
245.8	0.21428258	0.21690425	
246	0.22079009	0.22392673	
246.2	0.22758441	0.23092005	
246.4	0.23419634	0.23788432	
246.6	0.24102186	0.24481965	
246.8	0.24725008	0.25172619	
247	0.25382609	0.25860403	
247.2	0.26019924	0.2654533	
247.4	0.26638665	0.27227413	
247.6	0.2725301	0.27906662	
247.8	0.27880965	0.2858309	
248	0.28508386	0.29256707	
248.2	0.29126556	0.29927527	
248.4	0.29782296	0.30595561	
248.6	0.30416618	0.31260819	
248.8	0.31054889	0.31923315	
249	0.31701425	0.32583058	
249.2	0.32355544	0.33240061	
249.4	0.32978978	0.33894335	
249.6	0.33585023	0.34545891	
249.8	0.34189786	0.35194741	
250	0.34761978	0.35840895	
250.2	0.35397435	0.36484366	
250.4	0.36005205	0.37125164	
250.6	0.36656993	0.377633	
250.8	0.37262676	0.38398785	
251	0.37868916	0.39031631	
251.2	0.3845679	0.39661848	
251.4	0.39052471	0.40289447	
251.6	0.39659395	0.40914439	
251.8	0.40266033	0.41536835	
252	0.40900603	0.42156646	
252.2	0.41514761	0.42773882	
252.4	0.42190434	0.43388555	
252.6	0.42811194	0.44000674	
252.8	0.43428547	0.44610251	
253	0.44021723	0.45217295	
253.2	0.44585403	0.45821818	
253.4	0.45144127	0.4642383	
253.6	0.45699194	0.47023342	
253.8	0.46272036	0.47620363	
254	0.4681277	0.48214904	
254.2	0.47400684	0.48806976	
254.4	0.47971915	0.49396588	
254.6	0.48566991	0.49983751	
254.8	0.49091157	0.50568475	
255	0.49647123	0.51150771	
255.2	0.50211234	0.51730647	
255.4	0.5082794	0.52308115	
255.6	0.51392561	0.52883184	
255.8	0.51979665	0.53455865	
256	0.52575613	0.54026167	
256.2	0.53192345	0.545941	
256.4	0.53797198	0.55159673	
256.6	0.54368868	0.55722898	
256.8	0.5492142	0.56283783	
257	0.55499129	0.56842338	
257.2	0.56048507	0.57398573	
257.4	0.56604844	0.57952498	
257.6	0.57151344	0.58504122	
257.8	0.5775637	0.59053454	
258	0.58327587	0.59600505	
258.2	0.58914731	0.60145283	
258.4	0.59468251	0.60687798	
258.6	0.60015319	0.6122806	
258.8	0.60543503	0.61766078	
259	0.61110057	0.62301861	
259.2	0.61676134	0.62835418	
259.4	0.62209307	0.63366759	
259.6	0.62723872	0.63895894	
259.8	0.63262079	0.6442283	
260	0.63810495	0.64947577	
260.2	0.64332607	0.65470145	
260.4	0.64863769	0.65990542	
260.6	0.65423831	0.66508777	
260.8	0.65920079	0.6702486	
261	0.66446728	0.67538799	
261.2	0.66983359	0.68050603	
261.4	0.67510534	0.68560282	
261.6	0.68038312	0.69067843	
261.8	0.68601588	0.69573296	
262	0.69105977	0.70076649	
262.2	0.69619842	0.70577912	
262.4	0.70111451	0.71077093	
262.6	0.70619339	0.71574199	
262.8	0.71142081	0.72069242	
263	0.71640997	0.72562227	
263.2	0.72149075	0.73053165	
263.4	0.72651978	0.73542064	
263.6	0.73173459	0.74028932	
263.8	0.73681193	0.74513778	
264	0.74177092	0.7499661	
264.2	0.74652393	0.75477436	
264.4	0.75188525	0.75956265	
264.6	0.75690053	0.76433105	
264.8	0.76132751	0.76907964	
265	0.7663521	0.77380851	
265.2	0.77147369	0.77851773	
265.4	0.77615122	0.7832074	
265.6	0.78096544	0.78787758	
265.8	0.78578626	0.79252837	
266	0.79044153	0.79715983	
266.2	0.79535952	0.80177206	
266.4	0.80025309	0.80636513	
266.6	0.80532391	0.81093913	
266.8	0.8105187	0.81549412	
267	0.81516651	0.82003019	
267.2	0.8199132	0.82454742	
267.4	0.82451018	0.82904589	
267.6	0.82923984	0.83352567	
267.8	0.83365554	0.83798684	
268	0.83818991	0.84242948	
268.2	0.84280334	0.84685367	
268.4	0.84757039	0.85125948	
268.6	0.85203148	0.85564699	
268.8	0.85630669	0.86001628	
269	0.86106625	0.86436742	
269.2	0.86568484	0.86870048	
269.4	0.87002678	0.87301554	
269.6	0.87417354	0.87731269	
269.8	0.87911248	0.88159198	
270	0.8839367	0.88585349	
270.2	0.88857119	0.89009731	
270.4	0.89311899	0.89432349	
270.6	0.8977763	0.89853213	
270.8	0.90219329	0.90272328	
271	0.9065204	0.90689702	
271.2	0.91085724	0.91105342	
271.4	0.91518599	0.91519256	
271.6	0.91969031	0.91931451	
271.8	0.92406765	0.92341933	
272	0.92828675	0.9275071	
272.2	0.93269886	0.9315779	
272.4	0.9368381	0.93563178	
272.6	0.94113862	0.93966883	
272.8	0.9455653	0.94368911	
273	0.94988976	0.94769269	
273.2	0.9542512	0.95167963	
273.4	0.95840388	0.95565002	
273.6	0.96229528	0.95960391	
273.8	0.9667441	0.96354139	
274	0.97062148	0.9674625	
274.2	0.97463133	0.97136733	
274.4	0.9789117	0.97525594	
274.6	0.98329144	0.97912839	
274.8	0.98748148	0.98298476	
275	0.99149301	0.98682512	
275.2	0.99557263	0.99064952	
275.4	0.99994867	0.99445803	
275.6	1.00448892	0.99825073	
275.8	1.00909012	1.00202767	
276	1.0132403	1.00578892	
276.2	1.01789254	1.00953455	
276.4	1.02191792	1.01326462	
276.6	1.0263712	1.01697919	
276.8	1.03066309	1.02067834	
277	1.03476938	1.02436212	
277.2	1.03853603	1.0280306	
277.4	1.04187895	1.03168384	
277.6	1.04559319	1.03532191	
277.8	1.04941907	1.03894486	
278	1.05321184	1.04255277	
278.2	1.05692415	1.04614569	
278.4	1.06075506	1.04972368	
278.6	1.06423228	1.05328682	
278.8	1.06754534	1.05683515	
279	1.07104707	1.06036874	
279.2	1.07482104	1.06388766	
279.4	1.07858302	1.06739196	
279.6	1.08213353	1.0708817	
279.8	1.08591182	1.07435695	
280	1.08956631	1.07781776	
280.2	1.09333541	1.08126419	
280.4	1.0963667	1.08469631	
280.6	1.10021244	1.08811418	
280.8	1.1039826	1.09151784	
281	1.10731482	1.09490737	
281.2	1.11066624	1.09828282	
281.4	1.11413081	1.10164425	
281.6	1.11811886	1.10499172	
281.8	1.12179919	1.10832528	
282	1.12524442	1.11164499	
282.2	1.12912538	1.11495092	
282.4	1.13279558	1.11824311	
282.6	1.13594397	1.12152163	
282.8	1.13951423	1.12478653	
283	1.14315457	1.12803787	
283.2	1.1463406	1.1312757	
283.4	1.14955188	1.13450008	
283.6	1.15255266	1.13771107	
283.8	1.156413	1.14090873	
284	1.159916	1.1440931	
284.2	1.16334392	1.14726424	
284.4	1.16640907	1.15042221	
284.6	1.17008951	1.15356706	
284.8	1.17340359	1.15669885	
285	1.17639108	1.15981763	
285.2	1.18008763	1.16292346	
285.4	1.18331242	1.16601638	
285.6	1.18688484	1.16909646	
285.8	1.19048508	1.17216375	
286	1.19339347	1.17521829	
286.2	1.19697213	1.17826014	
286.4	1.19989746	1.18128936	
286.6	1.20273116	1.184306	
286.8	1.20585854	1.18731011	
287	1.208928	1.19030174	
287.2	1.21155803	1.19328094	
287.4	1.2141689	1.19624777	
287.6	1.21727181	1.19920227	
287.8	1.2209012	1.2021445	
288	1.22374198	1.20507451	
288.2	1.22696796	1.20799235	
288.4	1.23004569	1.21089807	
288.6	1.23289654	1.21379172	
288.8	1.23616132	1.21667335	
289	1.23939154	1.21954301	
289.2	1.24304997	1.22240075	
289.4	1.24610656	1.22524661	
289.6	1.24937049	1.22808066	
289.8	1.25284928	1.23090294	
290	1.25583912	1.23371349	
290.2	1.25933509	1.23651237	
290.4	1.26192409	1.23929962	
290.6	1.26458346	1.2420753	
290.8	1.26760995	1.24483944	
291	1.27062512	1.24759211	
291.2	1.27312431	1.25033334	
291.4	1.2755683	1.25306318	
291.6	1.27846242	1.25578169	
291.8	1.28111533	1.2584889	
292	1.28397746	1.26118487	
292.2	1.28673987	1.26386963	
292.4	1.28913365	1.26654325	
292.6	1.29160582	1.26920576	
292.8	1.29451551	1.27185721	
293	1.29752388	1.27449765	
293.2	1.30033311	1.27712712	
293.4	1.30276605	1.27974567	
293.6	1.30553049	1.28235334	
293.8	1.30857867	1.28495018	
294	1.31123581	1.28753623	
294.2	1.31392432	1.29011154	
294.4	1.3161697	1.29267616	
294.6	1.31870031	1.29523012	
294.8	1.32139429	1.29777347	
295	1.32358691	1.30030626	
295.2	1.32598654	1.30282852	
295.4	1.32813912	1.30534031	
295.6	1.33078101	1.30784167	
295.8	1.33324844	1.31033263	
296	1.33605949	1.31281325	
296.2	1.33863827	1.31528357	
296.4	1.34146753	1.31774362	
296.6	1.34435889	1.32019346	
296.8	1.34715995	1.32263312	
297	1.34991736	1.32506264	
297.2	1.35249216	1.32748208	
297.4	1.35525804	1.32989146	
297.6	1.35783213	1.33229084	
297.8	1.36062912	1.33468025	
298	1.36284671	1.33705973	
298.2	1.36497851	1.33942933	
298.4	1.36733098	1.34178909	
298.6	1.36937385	1.34413905	
298.8	1.37160587	1.34647924	
299	1.3738109	1.34880972	
299.2	1.37618296	1.35113051	
299.4	1.37842835	1.35344166	
299.6	1.38074405	1.35574322	
299.8	1.38299338	1.35803521	
300	1.38538903	1.36031768	
300.2	1.38794658	1.36259068	
300.4	1.39008262	1.36485423	
300.6	1.39220934	1.36710837	
300.8	1.3943886	1.36935316	
301	1.39646093	1.37158862	
301.2	1.39875228	1.3738148	
301.4	1.40110181	1.37603172	
301.6	1.40313396	1.37823944	
301.8	1.40555455	1.38043799	
302	1.4077704	1.38262741	
302.2	1.41010118	1.38480773	
302.4	1.41254703	1.386979	
302.6	1.41460117	1.38914124	
302.8	1.41710534	1.39129451	
303	1.4198066	1.39343883	
303.2	1.42227441	1.39557424	
303.4	1.42428714	1.39770079	
303.6	1.42589145	1.3998185	
303.8	1.42795749	1.40192741	
304	1.42987305	1.40402757	
304.2	1.43210225	1.406119	
304.4	1.43362829	1.40820174	
304.6	1.43565694	1.41027583	
304.8	1.43785381	1.41234131	
305	1.43980227	1.41439821	
305.2	1.44215268	1.41644656	
305.4	1.44444259	1.4184864	
305.6	1.44617043	1.42051778	
305.8	1.4486373	1.42254071	
306	1.45079156	1.42455524	
306.2	1.45267557	1.4265614	
306.4	1.4543839	1.42855923	
306.6	1.45641775	1.43054877	
306.8	1.4588499	1.43253003	
307	1.46078949	1.43450307	
307.2	1.46228322	1.43646791	
307.4	1.46341519	1.43842459	
307.6	1.46526017	1.44037315	
307.8	1.46746381	1.4423136	
308	1.46937793	1.444246	
308.2	1.47135465	1.44617038	
308.4	1.47324347	1.44808675	
308.6	1.47552149	1.44999517	
308.8	1.47751559	1.45189566	
309	1.47950645	1.45378826	
309.2	1.48157694	1.455673	
309.4	1.48339493	1.4575499	
309.6	1.48489637	1.45941901	
309.8	1.48713982	1.46128036	
310	1.48868706	1.46313397	
310.2	1.49032182	1.46497989	
310.4	1.49231062	1.46681814	
310.6	1.49422771	1.46864875	
310.8	1.49611954	1.47047176	
311	1.49746555	1.47228719	
311.2	1.49858233	1.47409509	
311.4	1.50039599	1.47589547	
311.6	1.50247482	1.47768838	
311.8	1.50431849	1.47947384	
312	1.50570688	1.48125188	
312.2	1.50735763	1.48302254	
312.4	1.50907248	1.48478584	
312.6	1.51078477	1.48654182	
312.8	1.51271815	1.4882905	
313	1.51484672	1.49003192	
313.2	1.51667328	1.49176611	
313.4	1.51847764	1.4934931	
313.6	1.5201849	1.49521291	
313.8	1.52227234	1.49692557	
314	1.5239448	1.49863112	
314.2	1.52580314	1.50032959	
314.4	1.52745597	1.502021	
314.6	1.52909651	1.50370539	
314.8	1.53068538	1.50538278	
315	1.53177338	1.5070532	
315.2	1.53295088	1.50871669	
315.4	1.53452765	1.51037326	
315.6	1.53554257	1.51202296	
315.8	1.53653897	1.5136658	
316	1.53778085	1.51530182	
316.2	1.53933229	1.51693104	
316.4	1.54126059	1.51855349	
316.6	1.54304535	1.5201692	
316.8	1.54481091	1.52177821	
317	1.54652512	1.52338053	
317.2	1.54831532	1.52497619	
317.4	1.54997662	1.52656523	
317.6	1.55179725	1.52814766	
317.8	1.55386647	1.52972353	
318	1.55531596	1.53129284	
318.2	1.55681182	1.53285564	
318.4	1.55851994	1.53441195	
318.6	1.5602363	1.53596179	
318.8	1.56160455	1.53750519	
319	1.56253013	1.53904219	
319.2	1.56393991	1.5405728	
319.4	1.56496735	1.54209705	
319.6	1.56624164	1.54361497	
319.8	1.56773704	1.54512658	
320	1.5690177	1.54663192	
320.2	1.57034782	1.548131	
320.4	1.5717036	1.54962386	
320.6	1.57277508	1.55111051	
320.8	1.57407694	1.55259099	
321	1.57579094	1.55406532	
321.2	1.57718414	1.55553353	
321.4	1.57828296	1.55699563	
321.6	1.5797973	1.55845167	
321.8	1.58153754	1.55990165	
322	1.58258464	1.56134562	
322.2	1.58437902	1.56278358	
322.4	1.58592785	1.56421557	
322.6	1.58718367	1.56564162	
322.8	1.58856308	1.56706174	
323	1.58962286	1.56847596	
323.2	1.59112191	1.56988431	
323.4	1.59217094	1.57128681	
323.6	1.5934098	1.57268348	
323.8	1.59465104	1.57407435	
324	1.59596448	1.57545944	
324.2	1.59741337	1.57683878	
324.4	1.59845985	1.57821239	
324.6	1.6000829	1.57958029	
324.8	1.60143696	1.58094252	
325	1.60316166	1.58229908	
325.2	1.60426787	1.58365001	
325.4	1.60525391	1.58499533	
325.6	1.6063449	1.58633506	
325.8	1.60763994	1.58766922	
326	1.60891807	1.58899784	
326.2	1.61028789	1.59032095	
326.4	1.61121517	1.59163856	
326.6	1.6124035	1.59295069	
326.8	1.61361972	1.59425737	
327	1.61440649	1.59555863	
327.2	1.61528592	1.59685448	
327.4	1.61654161	1.59814495	
327.6	1.61772915	1.59943006	
327.8	1.61916683	1.60070983	
328	1.62078377	1.60198429	
328.2	1.62222943	1.60325345	
328.4	1.62346145	1.60451734	
328.6	1.6250899	1.60577598	
328.8	1.6261858	1.60702939	
329	1.62760352	1.60827759	
329.2	1.62835857	1.60952061	
329.4	1.62894618	1.61075847	
329.6	1.62984058	1.61199118	
329.8	1.63107236	1.61321878	
330	1.63195869	1.61444127	
330.2	1.63313267	1.61565869	
330.4	1.63406942	1.61687105	
330.6	1.63496128	1.61807838	
330.8	1.63565397	1.61928068	
331	1.6365594	1.620478	
331.2	1.63757297	1.62167034	
331.4	1.63924261	1.62285773	
331.6	1.64045875	1.62404019	
331.8	1.64195379	1.62521773	
332	1.64320932	1.62639039	
332.2	1.64430147	1.62755817	
332.4	1.6453869	1.6287211	
332.6	1.64668965	1.62987921	
332.8	1.64807218	1.6310325	
333	1.64925657	1.632181	
333.2	1.64995311	1.63332473	
333.4	1.6511621	1.63446371	
333.6	1.65222053	1.63559796	
333.8	1.65290455	1.63672749	
334	1.65370096	1.63785234	
334.2	1.65478016	1.63897251	
334.4	1.65537736	1.64008803	
334.6	1.65623861	1.64119892	
334.8	1.65709466	1.64230519	
335	1.65762897	1.64340687	
335.2	1.6583118	1.64450397	
335.4	1.65938306	1.64559651	
335.6	1.65987933	1.64668451	
335.8	1.66046204	1.647768	
336	1.66109014	1.64884699	
336.2	1.66185957	1.64992149	
336.4	1.6633404	1.65099153	
336.6	1.66455172	1.65205712	
336.8	1.66574929	1.65311829	
337	1.6667118	1.65417506	
337.2	1.66767787	1.65522743	
337.4	1.66901775	1.65627543	
337.6	1.66992847	1.65731907	
337.8	1.67083236	1.65835839	
338	1.67219183	1.65939338	
338.2	1.67334464	1.66042408	
338.4	1.67457891	1.66145049	
338.6	1.67592159	1.66247264	
338.8	1.67682544	1.66349055	
339	1.67748829	1.66450423	
339.2	1.67884909	1.66551369	
339.4	1.67981671	1.66651897	
339.6	1.68074479	1.66752006	
339.8	1.68165248	1.668517	
340	1.68248733	1.6695098	
340.2	1.68329174	1.67049848	
340.4	1.68482712	1.67148304	
340.6	1.68536072	1.67246352	
340.8	1.68620584	1.67343993	
341	1.68675502	1.67441228	
341.2	1.68711933	1.67538059	
341.4	1.68766504	1.67634488	
341.6	1.68843144	1.67730516	
341.8	1.68904476	1.67826145	
342	1.69006711	1.67921377	
342.2	1.69091591	1.68016214	
342.4	1.69210084	1.68110657	
342.6	1.69296696	1.68204707	
342.8	1.69374352	1.68298367	
343	1.69470017	1.68391638	
343.2	1.69575308	1.68484521	
343.4	1.69639886	1.68577018	
343.6	1.69742886	1.68669132	
343.8	1.69805942	1.68760862	
344	1.69937175	1.68852212	
344.2	1.70077774	1.68943182	
344.4	1.70184367	1.69033774	
344.6	1.70264392	1.6912399	
344.8	1.70355689	1.69213831	
345	1.70438857	1.69303299	
345.2	1.7049472	1.69392396	
345.4	1.70592896	1.69481122	
345.6	1.70671211	1.6956948	
345.8	1.70740789	1.69657471	
346	1.70830226	1.69745096	
346.2	1.70904577	1.69832357	
346.4	1.70989956	1.69919256	
346.6	1.71014061	1.70005794	
346.8	1.71088938	1.70091972	
347	1.71148507	1.70177793	
347.2	1.71187629	1.70263257	
347.4	1.71247519	1.70348366	
347.6	1.71317563	1.70433121	
347.8	1.71362102	1.70517525	
348	1.71485989	1.70601577	
348.2	1.7156898	1.70685281	
348.4	1.71613131	1.70768637	
348.6	1.71688446	1.70851647	
348.8	1.71756565	1.70934312	
349	1.71841817	1.71016633	
349.2	1.71885275	1.71098613	
349.4	1.71933914	1.71180252	
349.6	1.71985117	1.71261552	
349.8	1.72078074	1.71342514	
350	1.72179424	1.7142314	
350.2	1.7227298	1.71503431	
350.4	1.72368347	1.71583389	
350.6	1.72387615	1.71663014	
350.8	1.72455158	1.71742309	
351	1.72523832	1.71821274	
351.2	1.72603477	1.71899911	
351.4	1.72696575	1.71978222	
351.6	1.72738937	1.72056207	
351.8	1.72821735	1.72133869	
352	1.72914848	1.72211207	
352.2	1.72991045	1.72288225	
352.4	1.73078601	1.72364923	
352.6	1.73181178	1.72441302	
352.8	1.73257226	1.72517364	
353	1.73308052	1.7259311	
353.2	1.73379072	1.72668541	
353.4	1.73435636	1.72743659	
353.6	1.73510614	1.72818465	
353.8	1.73575502	1.7289296	
354	1.73639651	1.72967146	
354.2	1.7370308	1.73041023	
354.4	1.73778171	1.73114594	
354.6	1.737768	1.73187859	
354.8	1.73854845	1.7326082	
355	1.739218	1.73333477	
355.2	1.73984989	1.73405833	
355.4	1.74051852	1.73477889	
355.6	1.74126772	1.73549645	
355.8	1.74226148	1.73621103	
356	1.74268866	1.73692264	
356.2	1.74384384	1.7376313	
356.4	1.7448013	1.73833701	
356.6	1.74538843	1.73903979	
356.8	1.74569813	1.73973965	
357	1.74626815	1.74043661	
357.2	1.74682858	1.74113067	
357.4	1.74726992	1.74182184	
357.6	1.7476925	1.74251015	
357.8	1.74831503	1.7431956	
358	1.74908782	1.7438782	
358.2	1.74989167	1.74455796	
358.4	1.75051846	1.7452349	
358.6	1.75076972	1.74590903	
358.8	1.75142128	1.74658036	
359	1.75184691	1.7472489	
359.2	1.75235069	1.74791466	
359.4	1.75292732	1.74857766	
359.6	1.75331039	1.7492379	
359.8	1.75352569	1.7498954	
360	1.75352569	1.75055351	
360.2	1.75369294	1.74996306	
360.4	1.75384964	1.7493728	
360.6	1.75396772	1.74878274	
360.8	1.75397125	1.74819288	
361	1.75375333	1.74760322	
361.2	1.75333617	1.74701376	
361.4	1.75264684	1.7464245	
361.6	1.75181901	1.74583544	
361.8	1.75087512	1.74524657	
362	1.74999111	1.74465791	
362.2	1.7489035	1.74406944	
362.4	1.74810228	1.74348117	
362.6	1.74726604	1.7428931	
362.8	1.74649423	1.74230523	
363	1.74579574	1.74171756	
363.2	1.74526505	1.74113008	
363.4	1.74506704	1.7405428	
363.6	1.74464197	1.73995572	
363.8	1.7439386	1.73936884	
364	1.74329465	1.73878216	
364.2	1.74273237	1.73819567	
364.4	1.74208094	1.73760939	
364.6	1.74142474	1.7370233	
364.8	1.74047481	1.7364374	
365	1.73953187	1.73585171	
365.2	1.73861357	1.73526621	
365.4	1.73769847	1.73468091	
365.6	1.73699779	1.73409581	
365.8	1.73625776	1.73351091	
366	1.73539111	1.7329262	
366.2	1.73426146	1.73234169	
366.4	1.73325041	1.73175738	
366.6	1.73257817	1.73117326	
366.8	1.73162428	1.73058934	
367	1.73129316	1.73000562	
367.2	1.73072145	1.72942209	
367.4	1.73015536	1.72883877	
367.6	1.72942325	1.72825563	
367.8	1.72875463	1.7276727	
368	1.72793094	1.72708996	
368.2	1.7271333	1.72650742	
368.4	1.7264013	1.72592508	
368.6	1.72582264	1.72534293	
368.8	1.72519255	1.72476097	
369	1.72476935	1.72417922	
369.2	1.72404153	1.72359766	
369.4	1.72346188	1.72301629	
369.6	1.72256899	1.72243513	
369.8	1.72167455	1.72185416	
370	1.72100303	1.72127338	
370.2	1.72032858	1.7206928	
370.4	1.71939925	1.72011242	
370.6	1.71858817	1.71953223	
370.8	1.71804372	1.71895224	
371	1.71748818	1.71837244	
371.2	1.71663789	1.71779284	
371.4	1.71591283	1.71721343	
371.6	1.71535821	1.71663422	
371.8	1.71490675	1.71605521	
372	1.7144247	1.71547639	
372.2	1.713865	1.71489776	
372.4	1.71326524	1.71431933	
372.6	1.71241419	1.7137411	
372.8	1.71129661	1.71316306	
373	1.71031334	1.71258522	
373.2	1.70916852	1.71200757	
373.4	1.70802618	1.71143011	
373.6	1.70697883	1.71085285	
373.8	1.70671931	1.71027579	
374	1.70607853	1.70969892	
374.2	1.70529441	1.70912224	
374.4	1.70438732	1.70854576	
374.6	1.70347093	1.70796947	
374.8	1.70276803	1.70739338	
375	1.7018838	1.70681748	
375.2	1.70146433	1.70624178	
375.4	1.70113811	1.70566627	
375.6	1.70108083	1.70509095	
375.8	1.70101024	1.70451583	
376	1.70074035	1.70394091	
376.2	1.69990083	1.70336617	
376.4	1.69922272	1.70279163	
376.6	1.69875787	1.70221729	
376.8	1.69773355	1.70164313	
377	1.69741873	1.70106918	
377.2	1.69643922	1.70049541	
377.4	1.69567939	1.69992184	
377.6	1.69523752	1.69934846	
377.8	1.69440524	1.69877528	
378	1.69337262	1.69820229	
378.2	1.69240461	1.69762949	
378.4	1.69128544	1.69705688	
378.6	1.68980192	1.69648447	
378.8	1.68900209	1.69591225	
379	1.68809252	1.69534023	
379.2	1.68777834	1.6947684	
379.4	1.68715671	1.69419676	
379.6	1.68662898	1.69362531	
379.8	1.68598435	1.69305405	
380	1.68516771	1.69248299	
380.2	1.68430946	1.69191212	
380.4	1.68384578	1.69134145	
380.6	1.68334505	1.69077096	
380.8	1.68255823	1.69020067	
381	1.68213341	1.68963057	
381.2	1.68137135	1.68906067	
381.4	1.68093861	1.68849095	
381.6	1.67997516	1.68792143	
381.8	1.67923096	1.6873521	
382	1.67846098	1.68678296	
382.2	1.67758814	1.68621402	
382.4	1.67703684	1.68564526	
382.6	1.67617821	1.6850767	
382.8	1.67596031	1.68450833	
383	1.67492467	1.68394015	
383.2	1.67415955	1.68337216	
383.4	1.67353651	1.68280437	
383.6	1.67292076	1.68223676	
383.8	1.67197413	1.68166935	
384	1.67147666	1.68110213	
384.2	1.67093017	1.6805351	
384.4	1.67070395	1.67996826	
384.6	1.670312	1.67940161	
384.8	1.66964515	1.67883515	
385	1.66875294	1.67826889	
385.2	1.66829616	1.67770281	
385.4	1.66768683	1.67713693	
385.6	1.66718165	1.67657124	
385.8	1.66687954	1.67600574	
386	1.66580712	1.67544043	
386.2	1.66522167	1.67487531	
386.4	1.66475577	1.67431038	
386.6	1.66403825	1.67374564	
386.8	1.66324622	1.67318109	
387	1.6622471	1.67261673	
387.2	1.66167638	1.67205256	
387.4	1.66108952	1.67148858	
387.6	1.66047228	1.6709248	
387.8	1.65945568	1.6703612	
388	1.65881199	1.66979779	
388.2	1.65836655	1.66923457	
388.4	1.65777964	1.66867155	
388.6	1.65697142	1.66810871	
388.8	1.6560369	1.66754606	
389	1.65508789	1.6669836	
389.2	1.65478407	1.66642134	
389.4	1.65410794	1.66585926	
389.6	1.65347444	1.66529737	
389.8	1.65237317	1.66473567	
390	1.6515453	1.66417416	
390.2	1.65102134	1.66361284	
390.4	1.65044479	1.66305171	
390.6	1.64988295	1.66249077	
390.8	1.649226	1.66193002	
391	1.64882591	1.66136945	
391.2	1.64806816	1.66080908	
391.4	1.64726427	1.66024889	
391.6	1.64682686	1.6596889	
391.8	1.64598675	1.65912909	
392	1.64575513	1.65856947	
392.2	1.64559189	1.65801004	
392.4	1.64477887	1.6574508	
392.6	1.64420032	1.65689175	
392.8	1.6435561	1.65633288	
393	1.64294305	1.65577421	
393.2	1.64283355	1.65521572	
393.4	1.64238302	1.65465742	
393.6	1.64193317	1.65409931	
393.8	1.64122304	1.65354139	
394	1.64122864	1.65298365	
394.2	1.64047769	1.65242611	
394.4	1.63962305	1.65186875	
394.6	1.63898619	1.65131158	
394.8	1.63823706	1.6507546	
395	1.6374767	1.65019781	
395.2	1.63696012	1.6496412	
395.4	1.63633945	1.64908478	
395.6	1.63562424	1.64852855	
395.8	1.63499482	1.64797251	
396	1.63430245	1.64741665	
396.2	1.63356398	1.64686098	
396.4	1.63290573	1.6463055	
396.6	1.63225407	1.64575021	
396.8	1.63122924	1.6451951	
397	1.63090283	1.64464018	
397.2	1.63029353	1.64408545	
397.4	1.62957256	1.64353091	
397.6	1.6286417	1.64297655	
397.8	1.62804947	1.64242238	
398	1.62758931	1.6418684	
398.2	1.62677054	1.6413146	
398.4	1.62603949	1.64076099	
398.6	1.6256375	1.64020757	
398.8	1.62525242	1.63965433	
399	1.62455623	1.63910128	
399.2	1.62429902	1.63854842	
399.4	1.62352841	1.63799574	
399.6	1.62252851	1.63744325	
399.8	1.6218225	1.63689095	
400	1.62117387	1.63633883	
400.2	1.62093672	1.6357869	
400.4	1.620308	1.63523515	
400.6	1.6192978	1.63468359	
400.8	1.61851608	1.63413222	
401	1.61814803	1.63358103	
401.2	1.6173343	1.63303003	
401.4	1.61680698	1.63247921	
401.6	1.61638487	1.63192858	
401.8	1.61616274	1.63137814	
402	1.61547506	1.63082788	
402.2	1.61516896	1.63027781	
402.4	1.61461136	1.62972792	
402.6	1.61439626	1.62917822	
402.8	1.61422418	1.6286287	
403	1.61367031	1.62807937	
403.2	1.61324444	1.62753023	
403.4	1.61246122	1.62698127	
403.6	1.61183449	1.62643249	
403.8	1.61117014	1.6258839	
404	1.61061189	1.6253355	
404.2	1.61022507	1.62478728	
404.4	1.60924657	1.62423924	
404.6	1.60826643	1.62369139	
404.8	1.60775999	1.62314373	
405	1.60677944	1.62259624	
405.2	1.60602979	1.62204895	
405.4	1.6052131	1.62150184	
405.6	1.60454093	1.62095491	
405.8	1.60369471	1.62040817	
406	1.60279133	1.61986161	
406.2	1.6022567	1.61931523	
406.4	1.6020419	1.61876904	
406.6	1.60180566	1.61822304	
406.8	1.60170415	1.61767722	
407	1.60122405	1.61713158	
407.2	1.60108146	1.61658613	
407.4	1.6008207	1.61604086	
407.6	1.6004052	1.61549577	
407.8	1.59942295	1.61495087	
408	1.59863095	1.61440616	
408.2	1.5981693	1.61386162	
408.4	1.59734837	1.61331727	
408.6	1.5968725	1.6127731	
408.8	1.59617202	1.61222912	
409	1.59522092	1.61168532	
409.2	1.59470894	1.61114171	
409.4	1.59422104	1.61059827	
409.6	1.59396875	1.61005502	
409.8	1.59347166	1.60951196	
410	1.59318594	1.60896908	
410.2	1.59269197	1.60842638	
410.4	1.59266023	1.60788386	
410.6	1.59195509	1.60734152	
410.8	1.59144577	1.60679937	
411	1.59073542	1.60625741	
411.2	1.59010457	1.60571562	
411.4	1.5891464	1.60517402	
411.6	1.58872637	1.6046326	
411.8	1.58791804	1.60409136	
412	1.58729647	1.60355031	
412.2	1.58699912	1.60300943	
412.4	1.58621587	1.60246874	
412.6	1.58556058	1.60192824	
412.8	1.58460945	1.60138791	
413	1.5841206	1.60084777	
413.2	1.58349878	1.60030781	
413.4	1.58326674	1.59976803	
413.6	1.58296004	1.59922843	
413.8	1.5826028	1.59868902	
414	1.58241655	1.59814979	
414.2	1.58199009	1.59761074	
414.4	1.58157775	1.59707187	
414.6	1.58064664	1.59653318	
414.8	1.58025096	1.59599468	
415	1.57966791	1.59545635	
415.2	1.57932325	1.59491821	
415.4	1.57888309	1.59438025	
415.6	1.57861448	1.59384247	
415.8	1.5778698	1.59330487	
416	1.57722085	1.59276746	
416.2	1.57642153	1.59223022	
416.4	1.57526756	1.59169317	
416.6	1.57453073	1.5911563	
416.8	1.57382529	1.5906196	
417	1.57310597	1.59008309	
417.2	1.57233756	1.58954676	
417.4	1.57192495	1.58901061	
417.6	1.57116742	1.58847465	
417.8	1.57089071	1.58793886	
418	1.57036315	1.58740325	
418.2	1.5698511	1.58686783	
418.4	1.56911936	1.58633258	
418.6	1.56863944	1.58579752	
418.8	1.56813352	1.58526263	
419	1.56741903	1.58472793	
419.2	1.56658728	1.58419341	
419.4	1.56594845	1.58365906	
419.6	1.56579406	1.5831249	
419.8	1.56516148	1.58259092	
420	1.56456714	1.58205711	
420.2	1.56404375	1.58152349	
420.4	1.56328438	1.58099005	
420.6	1.5627009	1.58045679	
420.8	1.56201862	1.5799237	
421	1.56119042	1.5793908	
421.2	1.56062402	1.57885808	
421.4	1.56032175	1.57832553	
421.6	1.55958693	1.57779317	
421.8	1.55925622	1.57726099	
422	1.55847781	1.57672898	
422.2	1.55845412	1.57619716	
422.4	1.55798862	1.57566551	
422.6	1.557258	1.57513404	
422.8	1.55671422	1.57460276	
423	1.55612382	1.57407165	
423.2	1.55564528	1.57354072	
423.4	1.5555784	1.57300997	
423.6	1.5552638	1.5724794	
423.8	1.55490238	1.57194901	
424	1.5548266	1.57141879	
424.2	1.55412775	1.57088876	
424.4	1.55324557	1.5703589	
424.6	1.5527637	1.56982923	
424.8	1.55230678	1.56929973	
425	1.55185161	1.56877041	
425.2	1.55168542	1.56824127	
425.4	1.55129411	1.56771231	
425.6	1.55064489	1.56718352	
425.8	1.55016394	1.56665492	
426	1.55004726	1.56612649	
426.2	1.54978897	1.56559824	
426.4	1.54909927	1.56507017	
426.6	1.54828387	1.56454227	
426.8	1.54804326	1.56401456	
427	1.54735539	1.56348702	
427.2	1.54738042	1.56295966	
427.4	1.5470596	1.56243248	
427.6	1.54665879	1.56190548	
427.8	1.5465685	1.56137865	
428	1.54590957	1.56085201	
428.2	1.54514902	1.56032554	
428.4	1.54451666	1.55979924	
428.6	1.54387987	1.55927313	
428.8	1.54319402	1.55874719	
429	1.54272369	1.55822143	
429.2	1.54209708	1.55769585	
429.4	1.54116372	1.55717044	
429.6	1.54065322	1.55664521	
429.8	1.53981216	1.55612016	
430	1.53954794	1.55559529	
430.2	1.5385449	1.55507059	
430.4	1.53793363	1.55454607	
430.6	1.53754171	1.55402173	
430.8	1.53725613	1.55349756	
431	1.53654631	1.55297357	
431.2	1.53663602	1.55244976	
431.4	1.5363008	1.55192612	
431.6	1.5357295	1.55140266	
431.8	1.53543274	1.55087938	
432	1.53476689	1.55035628	
432.2	1.53434954	1.54983335	
432.4	1.53358352	1.54931059	
432.6	1.53313827	1.54878801	
432.8	1.53260112	1.54826561	
433	1.53234631	1.54774339	
433.2	1.53141943	1.54722134	
433.4	1.53064362	1.54669947	
433.6	1.5300403	1.54617777	
433.8	1.52894524	1.54565625	
434	1.52823867	1.54513491	
434.2	1.52763472	1.54461374	
434.4	1.52726866	1.54409274	
434.6	1.52689763	1.54357193	
434.8	1.52646173	1.54305129	
435	1.52616493	1.54253082	
435.2	1.52615091	1.54201053	
435.4	1.52592983	1.54149041	
435.6	1.52527489	1.54097047	
435.8	1.52490477	1.54045071	
436	1.52443833	1.53993112	
436.2	1.5240294	1.53941171	
436.4	1.52305365	1.53889247	
436.6	1.52277256	1.53837341	
436.8	1.52237271	1.53785452	
437	1.52162256	1.53733581	
437.2	1.52112489	1.53681727	
437.4	1.52062105	1.5362989	
437.6	1.51995851	1.53578072	
437.8	1.51909974	1.5352627	
438	1.51902502	1.53474486	
438.2	1.51864191	1.5342272	
438.4	1.51816231	1.53370971	
438.6	1.51785768	1.53319239	
438.8	1.51746371	1.53267525	
439	1.51702081	1.53215829	
439.2	1.51648155	1.53164149	
439.4	1.51600376	1.53112488	
439.6	1.51528406	1.53060843	
439.8	1.51489385	1.53009217	
440	1.5144216	1.52957607	
440.2	1.5141337	1.52906015	
440.4	1.51348056	1.5285444	
440.6	1.51334325	1.52802883	
440.8	1.51278865	1.52751343	
441	1.51243053	1.52699821	
441.2	1.51266037	1.52648315	
441.4	1.51213693	1.52596828	
441.6	1.51152912	1.52545357	
441.8	1.51132424	1.52493904	
442	1.51096295	1.52442469	
442.2	1.51008145	1.5239105	
442.4	1.50946692	1.52339649	
442.6	1.5087531	1.52288266	
442.8	1.50798202	1.52236899	
443	1.50761914	1.5218555	
443.2	1.50711127	1.52134219	
443.4	1.50668943	1.52082904	
443.6	1.5063242	1.52031607	
443.8	1.50602642	1.51980327	
444	1.50541467	1.51929065	
444.2	1.50493629	1.5187782	
444.4	1.50408476	1.51826592	
444.6	1.50354895	1.51775381	
444.8	1.50306392	1.51724188	
445	1.50270753	1.51673012	
445.2	1.50221693	1.51621853	
445.4	1.50164081	1.51570712	
445.6	1.5010518	1.51519587	
445.8	1.50059873	1.5146848	
446	1.49978833	1.5141739	
446.2	1.49914847	1.51366318	
446.4	1.49867884	1.51315263	
446.6	1.4982793	1.51264224	
446.8	1.49814568	1.51213203	
447	1.49788578	1.511622	
447.2	1.4976211	1.51111213	
447.4	1.49762478	1.51060244	
447.6	1.49717904	1.51009292	
447.8	1.49684838	1.50958357	
448	1.49639489	1.50907439	
448.2	1.49595537	1.50856539	
448.4	1.49541393	1.50805655	
448.6	1.49495794	1.50754789	
448.8	1.49433799	1.5070394	
449	1.49362931	1.50653108	
449.2	1.49341773	1.50602293	
449.4	1.49296189	1.50551496	
449.6	1.49233868	1.50500715	
449.8	1.49205623	1.50449952	
450	1.4917141	1.50399205	
450.2	1.49103085	1.50348476	
450.4	1.49073023	1.50297764	
450.6	1.48998083	1.50247069	
450.8	1.48958081	1.50196391	
451	1.48913178	1.50145731	
451.2	1.48932491	1.50095087	
451.4	1.4889383	1.5004446	
451.6	1.48856868	1.49993851	
451.8	1.48819938	1.49943259	
452	1.48759916	1.49892683	
452.2	1.486691	1.49842125	
452.4	1.48577548	1.49791584	
452.6	1.48523965	1.49741059	
452.8	1.48470745	1.49690552	
453	1.48403776	1.49640062	
453.2	1.48310878	1.49589589	
453.4	1.4821186	1.49539133	
453.6	1.48181653	1.49488694	
453.8	1.48149959	1.49438272	
454	1.48069393	1.49387867	
454.2	1.47991483	1.49337479	
454.4	1.47943153	1.49287108	
454.6	1.47903796	1.49236754	
454.8	1.47920536	1.49186417	
455	1.4788603	1.49136097	
455.2	1.47882315	1.49085794	
455.4	1.47855199	1.49035507	
455.6	1.47855533	1.48985238	
455.8	1.47782504	1.48934986	
456	1.47734424	1.48884751	
456.2	1.47699541	1.48834533	
456.4	1.47651586	1.48784331	
456.6	1.47608714	1.48734147	
456.8	1.4760658	1.48683979	
457	1.47505924	1.48633829	
457.2	1.47423895	1.48583695	
457.4	1.47392435	1.48533578	
457.6	1.4739144	1.48483478	
457.8	1.47319544	1.48433395	
458	1.472708	1.48383329	
458.2	1.47251359	1.4833328	
458.4	1.4724321	1.48283248	
458.6	1.47271242	1.48233232	
458.8	1.47244658	1.48183234	
459	1.47166828	1.48133252	
459.2	1.47137376	1.48083287	
459.4	1.47088984	1.48033339	
459.6	1.47012248	1.47983408	
459.8	1.4690877	1.47933494	
460	1.46879015	1.47883596	
460.2	1.46844629	1.47833715	
460.4	1.46815098	1.47783852	
460.6	1.46757723	1.47734005	
460.8	1.46721697	1.47684175	
461	1.46629687	1.47634361	
461.2	1.46607753	1.47584565	
461.4	1.46531952	1.47534785	
461.6	1.46535155	1.47485022	
461.8	1.46485245	1.47435276	
462	1.46448773	1.47385546	
462.2	1.46445657	1.47335834	
462.4	1.46436344	1.47286138	
462.6	1.46415819	1.47236459	
462.8	1.46324772	1.47186796	
463	1.46293298	1.47137151	
463.2	1.46213026	1.47087522	
463.4	1.46141057	1.4703791	
463.6	1.46098374	1.46988314	
463.8	1.46065896	1.46938736	
464	1.4603289	1.46889174	
464.2	1.4593491	1.46839628	
464.4	1.45864325	1.467901	
464.6	1.45820996	1.46740588	
464.8	1.45777149	1.46691093	
465	1.4576474	1.46641615	
465.2	1.45753852	1.46592153	
465.4	1.45702464	1.46542708	
465.6	1.45697781	1.46493279	
465.8	1.45625293	1.46443868	
466	1.45573356	1.46394473	
466.2	1.45535191	1.46345094	
466.4	1.45463556	1.46295733	
466.6	1.45402385	1.46246388	
466.8	1.45327499	1.46197059	
467	1.45335669	1.46147747	
467.2	1.45282177	1.46098452	
467.4	1.45222378	1.46049174	
467.6	1.45176472	1.45999912	
467.8	1.45116039	1.45950667	
468	1.45030504	1.45901438	
468.2	1.44939925	1.45852226	
468.4	1.44934337	1.4580303	
468.6	1.44905049	1.45753851	
468.8	1.44840044	1.45704689	
469	1.44826056	1.45655543	
469.2	1.44819091	1.45606414	
469.4	1.44780513	1.45557302	
469.6	1.44711096	1.45508206	
469.8	1.44684164	1.45459126	
470	1.44655333	1.45410064	
470.2	1.44595048	1.45361017	
470.4	1.44519612	1.45311987	
470.6	1.44486989	1.45262974	
470.8	1.44433999	1.45213977	
471	1.4440818	1.45164997	
471.2	1.44371234	1.45116034	
471.4	1.44298044	1.45067086	
471.6	1.44262516	1.45018156	
471.8	1.4421056	1.44969242	
472	1.44152251	1.44920344	
472.2	1.44084962	1.44871463	
472.4	1.44055032	1.44822598	
472.6	1.44013059	1.4477375	
472.8	1.44027835	1.44724918	
473	1.43983617	1.44676103	
473.2	1.43986345	1.44627304	
473.4	1.43933557	1.44578522	
473.6	1.43881357	1.44529756	
473.8	1.43869291	1.44481007	
474	1.43850999	1.44432274	
474.2	1.43783299	1.44383557	
474.4	1.43729356	1.44334857	
474.6	1.43671966	1.44286174	
474.8	1.43618214	1.44237506	
475	1.4358144	1.44188856	
475.2	1.43566327	1.44140221	
475.4	1.43505966	1.44091603	
475.6	1.43474408	1.44043001	
475.8	1.43424932	1.43994416	
476	1.43376237	1.43945847	
476.2	1.43361031	1.43897295	
476.4	1.43346145	1.43848759	
476.6	1.43316778	1.43800239	
476.8	1.43290494	1.43751736	
477	1.4322407	1.43703249	
477.2	1.43220763	1.43654778	
477.4	1.43172257	1.43606324	
477.6	1.43158936	1.43557886	
477.8	1.4312447	1.43509464	
478	1.43104245	1.43461059	
478.2	1.43044044	1.4341267	
478.4	1.4299988	1.43364298	
478.6	1.42941227	1.43315941	
478.8	1.42919348	1.43267601	
479	1.428897	1.43219278	
479.2	1.42873007	1.4317097	
479.4	1.42846841	1.43122679	
479.6	1.42841055	1.43074404	
479.8	1.42807553	1.43026146	
