Conc1	3.33E-08	
Start1	240	
Stop1	479.8	
Kobs	0.0016867676463781	
Error Kobs	9.85346487724176E-06	
Koff	0	
Error Koff	0	
Time1	Data1	Fit1	
240	0.01629755	0	
240.2	0.01756503	0.0026588	
240.4	0.01906906	0.00531331	
240.6	0.0211831	0.00796356	
240.8	0.02362963	0.01060953	
241	0.02595267	0.01325125	
241.2	0.02846192	0.01588871	
241.4	0.03110372	0.01852193	
241.6	0.0340834	0.02115091	
241.8	0.03659196	0.02377566	
242	0.03920177	0.02639618	
242.2	0.04167547	0.02901248	
242.4	0.04439245	0.03162458	
242.6	0.04655392	0.03423246	
242.8	0.04912936	0.03683615	
243	0.05111086	0.03943565	
243.2	0.05327414	0.04203096	
243.4	0.05538533	0.0446221	
243.6	0.05774089	0.04720906	
243.8	0.06022823	0.04979186	
244	0.06269944	0.0523705	
244.2	0.06510327	0.05494499	
244.4	0.06784649	0.05751533	
244.6	0.0704397	0.06008154	
244.8	0.07283571	0.06264362	
245	0.07520274	0.06520157	
245.2	0.07753338	0.0677554	
245.4	0.08008236	0.07030513	
245.6	0.08239612	0.07285074	
245.8	0.08442372	0.07539227	
246	0.08668661	0.07792969	
246.2	0.08903552	0.08046304	
246.4	0.09158964	0.08299231	
246.6	0.09370388	0.0855175	
246.8	0.09580901	0.08803863	
247	0.09782568	0.0905557	
247.2	0.10014245	0.09306872	
247.4	0.10262076	0.09557769	
247.6	0.10472294	0.09808263	
247.8	0.10724145	0.10058353	
248	0.10943007	0.1030804	
248.2	0.11168	0.10557326	
248.4	0.11408609	0.10806211	
248.6	0.11619926	0.11054694	
248.8	0.11860553	0.11302778	
249	0.1209871	0.11550462	
249.2	0.12307771	0.11797748	
249.4	0.12553477	0.12044635	
249.6	0.12785946	0.12291125	
249.8	0.1300954	0.12537219	
250	0.13232885	0.12782916	
250.2	0.13500904	0.13028217	
250.4	0.1374547	0.13273124	
250.6	0.13949374	0.13517636	
250.8	0.14159872	0.13761755	
251	0.1439005	0.14005481	
251.2	0.14636442	0.14248815	
251.4	0.14840239	0.14491756	
251.6	0.1502492	0.14734307	
251.8	0.15286938	0.14976467	
252	0.15483075	0.15218238	
252.2	0.15682874	0.15459619	
252.4	0.15917233	0.15700611	
252.6	0.16122501	0.15941216	
252.8	0.16328662	0.16181433	
253	0.16554066	0.16421264	
253.2	0.16767047	0.16660708	
253.4	0.1698429	0.16899768	
253.6	0.17209098	0.17138442	
253.8	0.17407323	0.17376732	
254	0.17650016	0.17614638	
254.2	0.17873318	0.17852162	
254.4	0.18092234	0.18089303	
254.6	0.18318227	0.18326062	
254.8	0.1855473	0.1856244	
255	0.18769727	0.18798438	
255.2	0.18984428	0.19034056	
255.4	0.19180378	0.19269294	
255.6	0.19392836	0.19504154	
255.8	0.19653463	0.19738635	
256	0.19850626	0.1997274	
256.2	0.20086024	0.20206467	
256.4	0.2030411	0.20439818	
256.6	0.2053185	0.20672793	
256.8	0.20760748	0.20905394	
257	0.21012655	0.2113762	
257.2	0.21217013	0.21369472	
257.4	0.21403479	0.21600951	
257.6	0.2160445	0.21832057	
257.8	0.2180093	0.22062791	
258	0.22003175	0.22293154	
258.2	0.22198999	0.22523146	
258.4	0.22409099	0.22752767	
258.6	0.22576153	0.22982019	
258.8	0.22774053	0.23210902	
259	0.22961567	0.23439417	
259.2	0.23170463	0.23667564	
259.4	0.2339185	0.23895343	
259.6	0.23617831	0.24122756	
259.8	0.23891661	0.24349802	
260	0.24115081	0.24576483	
260.2	0.24321301	0.248028	
260.4	0.24537059	0.25028751	
260.6	0.24813992	0.2525434	
260.8	0.25068159	0.25479565	
261	0.25300349	0.25704427	
261.2	0.25495828	0.25928927	
261.4	0.2572886	0.26153066	
261.6	0.25928195	0.26376845	
261.8	0.2615502	0.26600262	
262	0.26359287	0.26823321	
262.2	0.26572974	0.2704602	
262.4	0.26780138	0.27268361	
262.6	0.2696403	0.27490343	
262.8	0.27195139	0.27711969	
263	0.27372545	0.27933238	
263.2	0.2757593	0.2815415	
263.4	0.27777742	0.28374707	
263.6	0.2797517	0.28594909	
263.8	0.28166	0.28814756	
264	0.2831713	0.29034249	
264.2	0.28502993	0.29253389	
264.4	0.28730657	0.29472177	
264.6	0.28965136	0.29690612	
264.8	0.2918179	0.29908695	
265	0.29411076	0.30126427	
265.2	0.29640313	0.30343809	
265.4	0.29845147	0.30560841	
265.6	0.3004721	0.30777524	
265.8	0.30292799	0.30993857	
266	0.30513286	0.31209843	
266.2	0.30728891	0.31425481	
266.4	0.30948344	0.31640771	
266.6	0.31156332	0.31855715	
266.8	0.3136012	0.32070313	
267	0.31551723	0.32284566	
267.2	0.3175267	0.32498473	
267.4	0.31955702	0.32712037	
267.6	0.32132122	0.32925256	
267.8	0.32329386	0.33138132	
268	0.32552456	0.33350666	
268.2	0.32745179	0.33562857	
268.4	0.32933744	0.33774707	
268.6	0.331148	0.33986216	
268.8	0.33322216	0.34197384	
269	0.3350837	0.34408213	
269.2	0.33638618	0.34618702	
269.4	0.33785402	0.34828852	
269.6	0.33996444	0.35038664	
269.8	0.342015	0.35248138	
270	0.34406736	0.35457275	
270.2	0.34584839	0.35666075	
270.4	0.34798849	0.35874539	
270.6	0.3501782	0.36082667	
270.8	0.35218086	0.36290461	
271	0.35459373	0.3649792	
271.2	0.35673986	0.36705045	
271.4	0.35923078	0.36911836	
271.6	0.36129655	0.37118295	
271.8	0.36342044	0.37324421	
272	0.36559421	0.37530216	
272.2	0.36758049	0.37735679	
272.4	0.36938971	0.37940811	
272.6	0.37089602	0.38145613	
272.8	0.3728105	0.38350086	
273	0.37420685	0.38554229	
273.2	0.3756239	0.38758044	
273.4	0.37726429	0.3896153	
273.6	0.37896456	0.39164689	
273.8	0.38114041	0.39367521	
274	0.38315505	0.39570027	
274.2	0.38488026	0.39772206	
274.4	0.3870486	0.3997406	
274.6	0.3890217	0.40175589	
274.8	0.39102935	0.40376794	
275	0.39342464	0.40577675	
275.2	0.39552518	0.40778232	
275.4	0.3977672	0.40978466	
275.6	0.39963823	0.41178378	
275.8	0.40184662	0.41377969	
276	0.40403399	0.41577238	
276.2	0.40601812	0.41776186	
276.4	0.40748705	0.41974814	
276.6	0.40926812	0.42173122	
276.8	0.41131842	0.42371111	
277	0.41303808	0.42568781	
277.2	0.41474623	0.42766133	
277.4	0.41661144	0.42963168	
277.6	0.41857415	0.43159885	
277.8	0.42089966	0.43356285	
278	0.42252098	0.4355237	
278.2	0.42444994	0.43748138	
278.4	0.42649763	0.43943592	
278.6	0.42836029	0.44138731	
278.8	0.43041741	0.44333555	
279	0.43269987	0.44528066	
279.2	0.43463746	0.44722264	
279.4	0.43647525	0.4491615	
279.6	0.4380998	0.45109723	
279.8	0.44008132	0.45302984	
280	0.44205172	0.45495935	
280.2	0.44394046	0.45688575	
280.4	0.4458938	0.45880905	
280.6	0.44805154	0.46072925	
280.8	0.45003975	0.46264636	
281	0.45211383	0.46456038	
281.2	0.45407222	0.46647132	
281.4	0.45612027	0.46837919	
281.6	0.45824306	0.47028399	
281.8	0.46006876	0.47218571	
282	0.4618305	0.47408438	
282.2	0.46388106	0.47597999	
282.4	0.46570301	0.47787255	
282.6	0.46756025	0.47976207	
282.8	0.46951184	0.48164854	
283	0.47156983	0.48353197	
283.2	0.47305176	0.48541237	
283.4	0.47473599	0.48728975	
283.6	0.4763092	0.4891641	
283.8	0.47793639	0.49103544	
284	0.4799612	0.49290376	
284.2	0.48175025	0.49476907	
284.4	0.48344098	0.49663139	
284.6	0.48478548	0.4984907	
284.8	0.4862852	0.50034702	
285	0.48836917	0.50220036	
285.2	0.49005507	0.50405071	
285.4	0.491777	0.50589808	
285.6	0.49396655	0.50774247	
285.8	0.49576037	0.5095839	
286	0.49776336	0.51142237	
286.2	0.4997549	0.51325787	
286.4	0.5019514	0.51509042	
286.6	0.50428824	0.51692002	
286.8	0.50637796	0.51874667	
287	0.50848872	0.52057039	
287.2	0.51016251	0.52239116	
287.4	0.51256503	0.52420901	
287.6	0.51447044	0.52602393	
287.8	0.51640394	0.52783593	
288	0.51874256	0.52964501	
288.2	0.52012812	0.53145118	
288.4	0.52165484	0.53325444	
288.6	0.52328054	0.5350548	
288.8	0.52512185	0.53685226	
289	0.52676128	0.53864682	
289.2	0.52806093	0.5404385	
289.4	0.52971623	0.5422273	
289.6	0.53141876	0.54401321	
289.8	0.53282025	0.54579625	
290	0.53412143	0.54757642	
290.2	0.53579519	0.54935372	
290.4	0.53754476	0.55112816	
290.6	0.53904992	0.55289975	
290.8	0.54047175	0.55466848	
291	0.54214954	0.55643437	
291.2	0.54402941	0.55819741	
291.4	0.5461691	0.55995762	
291.6	0.54780381	0.56171499	
291.8	0.54987023	0.56346953	
292	0.55207339	0.56522125	
292.2	0.5537785	0.56697015	
292.4	0.55604411	0.56871623	
292.6	0.55797223	0.5704595	
292.8	0.55986864	0.57219997	
293	0.56143176	0.57393763	
293.2	0.56320061	0.5756725	
293.4	0.56518335	0.57740457	
293.6	0.5666573	0.57913385	
293.8	0.56861947	0.58086036	
294	0.57053155	0.58258408	
294.2	0.57241032	0.58430503	
294.4	0.57424731	0.5860232	
294.6	0.57590296	0.58773861	
294.8	0.57766058	0.58945126	
295	0.57958095	0.59116115	
295.2	0.58139481	0.59286829	
295.4	0.58288704	0.59457269	
295.6	0.58428701	0.59627433	
295.8	0.58594017	0.59797324	
296	0.58748202	0.59966942	
296.2	0.58926111	0.60136286	
296.4	0.59108627	0.60305358	
296.6	0.59276998	0.60474157	
296.8	0.5943648	0.60642685	
297	0.59551187	0.60810941	
297.2	0.59713525	0.60978927	
297.4	0.59876455	0.61146642	
297.6	0.60029707	0.61314088	
297.8	0.60207981	0.61481263	
298	0.60348699	0.6164817	
298.2	0.60493032	0.61814808	
298.4	0.60702403	0.61981177	
298.6	0.60898243	0.62147279	
298.8	0.61075013	0.62313113	
299	0.61235503	0.62478681	
299.2	0.61364201	0.62643982	
299.4	0.61523612	0.62809016	
299.6	0.61657697	0.62973786	
299.8	0.61857056	0.63138289	
300	0.62048751	0.63302528	
300.2	0.62268303	0.63466503	
300.4	0.62456705	0.63630214	
300.6	0.62643442	0.63793661	
300.8	0.62828023	0.63956845	
301	0.62978712	0.64119766	
301.2	0.6314019	0.64282425	
301.4	0.63306736	0.64444823	
301.6	0.63446562	0.64606958	
301.8	0.63597065	0.64768833	
302	0.63744869	0.64930447	
302.2	0.63896494	0.65091801	
302.4	0.6406105	0.65252896	
302.6	0.64198549	0.65413731	
302.8	0.64337662	0.65574307	
303	0.64438539	0.65734624	
303.2	0.6461409	0.65894684	
303.4	0.64795083	0.66054485	
303.6	0.64938846	0.6621403	
303.8	0.65173161	0.66373318	
304	0.65307064	0.66532349	
304.2	0.65495524	0.66691124	
304.4	0.65659621	0.66849644	
304.6	0.65838879	0.67007908	
304.8	0.65987333	0.67165918	
305	0.66139884	0.67323673	
305.2	0.663129	0.67481175	
305.4	0.66494923	0.67638422	
305.6	0.66632361	0.67795417	
305.8	0.66813875	0.67952159	
306	0.66958156	0.68108649	
306.2	0.6708114	0.68264886	
306.4	0.67211666	0.68420873	
306.6	0.67351197	0.68576608	
306.8	0.67496495	0.68732092	
307	0.67672579	0.68887326	
307.2	0.67877601	0.6904231	
307.4	0.68068814	0.69197045	
307.6	0.68242621	0.69351531	
307.8	0.6842779	0.69505768	
308	0.6855511	0.69659756	
308.2	0.68747152	0.69813497	
308.4	0.68896332	0.6996699	
308.6	0.69060743	0.70120236	
308.8	0.69200916	0.70273236	
309	0.69380807	0.70425989	
309.2	0.69558645	0.70578496	
309.4	0.69714256	0.70730758	
309.6	0.69895248	0.70882775	
309.8	0.70062796	0.71034546	
310	0.70221777	0.71186074	
310.2	0.70369025	0.71337358	
310.4	0.70516516	0.71488398	
310.6	0.70699124	0.71639195	
310.8	0.7084164	0.71789749	
311	0.71022111	0.71940061	
311.2	0.71157722	0.72090131	
311.4	0.7133954	0.72239959	
311.6	0.71455401	0.72389546	
311.8	0.7155339	0.72538892	
312	0.71698125	0.72687998	
312.2	0.71779199	0.72836864	
312.4	0.71851828	0.7298549	
312.6	0.71960519	0.73133877	
312.8	0.7210748	0.73282025	
313	0.72278765	0.73429935	
313.2	0.7241094	0.73577606	
313.4	0.72543447	0.7372504	
313.6	0.7271676	0.73872237	
313.8	0.72849114	0.74019196	
314	0.73009142	0.74165919	
314.2	0.73178012	0.74312406	
314.4	0.73356665	0.74458656	
314.6	0.73553024	0.74604672	
314.8	0.73692414	0.74750452	
315	0.73856962	0.74895998	
315.2	0.74033973	0.75041309	
315.4	0.74202816	0.75186387	
315.6	0.7432898	0.75331231	
315.8	0.74483285	0.75475841	
316	0.7463819	0.75620219	
316.2	0.74781037	0.75764365	
316.4	0.74944926	0.75908278	
316.6	0.75152245	0.7605196	
316.8	0.75320073	0.76195411	
317	0.75437381	0.7633863	
317.2	0.75537942	0.76481619	
317.4	0.75676572	0.76624378	
317.6	0.75798672	0.76766907	
317.8	0.75925319	0.76909207	
318	0.76041604	0.77051277	
318.2	0.76191244	0.77193119	
318.4	0.76356339	0.77334732	
318.6	0.764863	0.77476118	
318.8	0.76616232	0.77617276	
319	0.76748642	0.77758206	
319.2	0.76922625	0.7789891	
319.4	0.77072941	0.78039387	
319.6	0.77246132	0.78179639	
319.8	0.77411521	0.78319664	
320	0.77578332	0.78459464	
320.2	0.77731564	0.78599039	
320.4	0.77857356	0.78738389	
320.6	0.78029895	0.78877515	
320.8	0.78137132	0.79016417	
321	0.78267737	0.79155095	
321.2	0.78392021	0.7929355	
321.4	0.78541168	0.79431782	
321.6	0.78674314	0.79569792	
321.8	0.78788601	0.79707579	
322	0.78934414	0.79845145	
322.2	0.79100895	0.79982489	
322.4	0.79289178	0.80119612	
322.6	0.79430482	0.80256515	
322.8	0.79589203	0.80393197	
323	0.79736546	0.80529659	
323.2	0.79901977	0.80665901	
323.4	0.80052778	0.80801924	
323.6	0.80193247	0.80937728	
323.8	0.80313027	0.81073313	
324	0.8043133	0.8120868	
324.2	0.80532781	0.81343829	
324.4	0.80684524	0.81478761	
324.6	0.8081096	0.81613475	
324.8	0.80917902	0.81747973	
325	0.81052529	0.81882254	
325.2	0.8118402	0.82016319	
325.4	0.81333205	0.82150168	
325.6	0.81472395	0.82283801	
325.8	0.81601614	0.8241722	
326	0.81818419	0.82550423	
326.2	0.81943345	0.82683413	
326.4	0.82093697	0.82816188	
326.6	0.82239127	0.82948749	
326.8	0.82377483	0.83081097	
327	0.82531802	0.83213232	
327.2	0.82670482	0.83345154	
327.4	0.82782953	0.83476864	
327.6	0.82900885	0.83608362	
327.8	0.83025952	0.83739648	
328	0.83145762	0.83870723	
328.2	0.83309719	0.84001587	
328.4	0.8344288	0.8413224	
328.6	0.83569374	0.84262683	
328.8	0.83719264	0.84392915	
329	0.83821021	0.84522939	
329.2	0.83917306	0.84652752	
329.4	0.84032129	0.84782357	
329.6	0.84167478	0.84911754	
329.8	0.84261583	0.85040942	
330	0.84387404	0.85169921	
330.2	0.84491641	0.85298694	
330.4	0.84656248	0.85427259	
330.6	0.84807815	0.85555617	
330.8	0.84954644	0.85683768	
331	0.85098294	0.85811713	
331.2	0.85183668	0.85939453	
331.4	0.85323876	0.86066986	
331.6	0.85446947	0.86194314	
331.8	0.85593659	0.86321438	
332	0.85761555	0.86448356	
332.2	0.85940216	0.86575071	
332.4	0.8607859	0.86701581	
332.6	0.86251212	0.86827888	
332.8	0.86380446	0.86953991	
333	0.86491655	0.87079891	
333.2	0.86632588	0.87205589	
333.4	0.86772438	0.87331084	
333.6	0.86886042	0.87456377	
333.8	0.86982615	0.87581469	
334	0.87131915	0.87706359	
334.2	0.8727362	0.87831048	
334.4	0.87414949	0.87955537	
334.6	0.87562182	0.88079825	
334.8	0.87721139	0.88203913	
335	0.87821577	0.88327801	
335.2	0.87911528	0.8845149	
335.4	0.8805726	0.88574979	
335.6	0.88164536	0.8869827	
335.8	0.88312071	0.88821362	
336	0.88465352	0.88944257	
336.2	0.88576852	0.89066953	
336.4	0.88697847	0.89189452	
336.6	0.88844769	0.89311754	
336.8	0.88968844	0.89433858	
337	0.89095251	0.89555766	
337.2	0.89203344	0.89677478	
337.4	0.89297493	0.89798994	
337.6	0.89379029	0.89920315	
337.8	0.89477332	0.9004144	
338	0.89612784	0.9016237	
338.2	0.89755797	0.90283106	
338.4	0.8987454	0.90403647	
338.6	0.90034069	0.90523994	
338.8	0.90173969	0.90644147	
339	0.90292616	0.90764107	
339.2	0.90407495	0.90883874	
339.4	0.90538769	0.91003448	
339.6	0.90660583	0.91122829	
339.8	0.90786111	0.91242018	
340	0.90885003	0.91361016	
340.2	0.91012548	0.91479822	
340.4	0.9117299	0.91598436	
340.6	0.91307495	0.9171686	
340.8	0.91474884	0.91835093	
341	0.91626883	0.91953135	
341.2	0.91765926	0.92070988	
341.4	0.91886367	0.92188651	
341.6	0.9202002	0.92306125	
341.8	0.9215118	0.92423409	
342	0.92277105	0.92540505	
342.2	0.92400564	0.92657412	
342.4	0.92515473	0.92774131	
342.6	0.92637751	0.92890662	
342.8	0.92743642	0.93007005	
343	0.92832138	0.93123161	
343.2	0.92917551	0.9323913	
343.4	0.93018965	0.93354913	
343.6	0.9310712	0.93470509	
343.8	0.93208184	0.93585919	
344	0.9331429	0.93701143	
344.2	0.93428397	0.93816182	
344.4	0.93549466	0.93931035	
344.6	0.93631204	0.94045704	
344.8	0.93780927	0.94160188	
345	0.93889829	0.94274487	
345.2	0.94030684	0.94388603	
345.4	0.94150106	0.94502535	
345.6	0.94279084	0.94616284	
345.8	0.94372346	0.94729849	
346	0.94472197	0.94843232	
346.2	0.94574961	0.94956432	
346.4	0.94713394	0.9506945	
346.6	0.94812343	0.95182286	
346.8	0.94988352	0.9529494	
347	0.95103679	0.95407413	
347.2	0.95255393	0.95519705	
347.4	0.95379703	0.95631816	
347.6	0.95488314	0.95743747	
347.8	0.95597847	0.95855498	
348	0.95724802	0.95967068	
348.2	0.95806364	0.96078459	
348.4	0.95921007	0.96189671	
348.6	0.96014576	0.96300703	
348.8	0.96125522	0.96411557	
349	0.9626763	0.96522233	
349.2	0.96392438	0.9663273	
349.4	0.96475406	0.96743049	
349.6	0.96592804	0.96853191	
349.8	0.96687975	0.96963156	
350	0.96802511	0.97072943	
350.2	0.96935944	0.97182554	
350.4	0.97108527	0.97291988	
350.6	0.97245495	0.97401246	
350.8	0.97392495	0.97510329	
351	0.97485491	0.97619235	
351.2	0.97638513	0.97727967	
351.4	0.9772824	0.97836523	
351.6	0.97841219	0.97944904	
351.8	0.97932942	0.98053111	
352	0.9806609	0.98161144	
352.2	0.98153262	0.98269003	
352.4	0.98240242	0.98376689	
352.6	0.98334853	0.98484201	
352.8	0.98424761	0.98591539	
353	0.98544061	0.98698705	
353.2	0.98598642	0.98805699	
353.4	0.986993	0.9891252	
353.6	0.98799738	0.9901917	
353.8	0.9886798	0.99125647	
354	0.98997835	0.99231954	
354.2	0.99097687	0.99338089	
354.4	0.99213083	0.99444053	
354.6	0.99357421	0.99549847	
354.8	0.9944789	0.9965547	
355	0.99556641	0.99760924	
355.2	0.99710088	0.99866207	
355.4	0.99798345	0.99971321	
355.6	0.99941662	1.00076266	
355.8	1.00043737	1.00181042	
356	1.00184537	1.0028565	
356.2	1.00280086	1.00390088	
356.4	1.00394807	1.00494359	
356.6	1.00498418	1.00598462	
356.8	1.00594297	1.00702397	
357	1.00693009	1.00806165	
357.2	1.00774639	1.00909766	
357.4	1.0089757	1.01013201	
357.6	1.01003503	1.01116468	
357.8	1.0112531	1.0121957	
358	1.0127375	1.01322505	
358.2	1.01387535	1.01425275	
358.4	1.0152431	1.01527879	
358.6	1.01644626	1.01630318	
358.8	1.01702138	1.01732593	
359	1.01798542	1.01834702	
359.2	1.0189026	1.01936647	
359.4	1.01933657	1.02038429	
359.6	1.01998689	1.02140046	
359.8	1.02010996	1.02241499	
360	1.02010996	1.02343307	
360.2	1.02033916	1.02308787	
360.4	1.02068483	1.02274279	
360.6	1.02072544	1.02239782	
360.8	1.02053917	1.02205297	
361	1.02044572	1.02170823	
361.2	1.02040374	1.02136361	
361.4	1.02014067	1.02101911	
361.6	1.0199476	1.02067473	
361.8	1.01987895	1.02033046	
362	1.01969734	1.0199863	
362.2	1.01926659	1.01964226	
362.4	1.0189751	1.01929834	
362.6	1.01844303	1.01895454	
362.8	1.01826056	1.01861085	
363	1.01805749	1.01826727	
363.2	1.0177015	1.01792381	
363.4	1.01756711	1.01758047	
363.6	1.01755674	1.01723724	
363.8	1.017313	1.01689413	
364	1.01722381	1.01655114	
364.2	1.01684747	1.01620826	
364.4	1.01627904	1.0158655	
364.6	1.01550502	1.01552285	
364.8	1.01461751	1.01518032	
365	1.01396817	1.0148379	
365.2	1.01346498	1.0144956	
365.4	1.01310358	1.01415341	
365.6	1.01265944	1.01381134	
365.8	1.01263704	1.01346939	
366	1.01213061	1.01312755	
366.2	1.01164195	1.01278582	
366.4	1.01148553	1.01244421	
366.6	1.01110871	1.01210272	
366.8	1.01092807	1.01176134	
367	1.01082823	1.01142008	
367.2	1.01051486	1.01107893	
367.4	1.01049015	1.01073789	
367.6	1.01062184	1.01039697	
367.8	1.01068012	1.01005617	
368	1.01003162	1.00971548	
368.2	1.0097574	1.00937491	
368.4	1.00933846	1.00903445	
368.6	1.0092236	1.00869411	
368.8	1.00852158	1.00835388	
369	1.00808862	1.00801376	
369.2	1.00782828	1.00767376	
369.4	1.0073025	1.00733388	
369.6	1.00676703	1.00699411	
369.8	1.00676711	1.00665445	
370	1.00595837	1.00631491	
370.2	1.00527611	1.00597548	
370.4	1.00505518	1.00563617	
370.6	1.00451805	1.00529697	
370.8	1.00418292	1.00495789	
371	1.00354932	1.00461892	
371.2	1.00297006	1.00428007	
371.4	1.00260971	1.00394133	
371.6	1.00205758	1.0036027	
371.8	1.00186423	1.00326419	
372	1.00110115	1.00292579	
372.2	1.0009089	1.00258751	
372.4	1.00044661	1.00224934	
372.6	0.99998718	1.00191128	
372.8	0.9992202	1.00157334	
373	0.99862708	1.00123552	
373.2	0.99828305	1.0008978	
373.4	0.99775827	1.0005602	
373.6	0.99767526	1.00022272	
373.8	0.99731463	0.99988535	
374	0.99672928	0.99954809	
374.2	0.996631	0.99921094	
374.4	0.99645607	0.99887391	
374.6	0.99603448	0.998537	
374.8	0.99577293	0.99820019	
375	0.99561536	0.9978635	
375.2	0.99564705	0.99752693	
375.4	0.99570663	0.99719046	
375.6	0.99518746	0.99685412	
375.8	0.99530064	0.99651788	
376	0.99459063	0.99618176	
376.2	0.99438597	0.99584575	
376.4	0.99401957	0.99550985	
376.6	0.99352025	0.99517407	
376.8	0.99308409	0.9948384	
377	0.99273893	0.99450285	
377.2	0.99239779	0.9941674	
377.4	0.99196948	0.99383208	
377.6	0.99174026	0.99349686	
377.8	0.9912616	0.99316176	
378	0.99106377	0.99282677	
378.2	0.99063375	0.99249189	
378.4	0.99005339	0.99215712	
378.6	0.99004712	0.99182247	
378.8	0.98989887	0.99148793	
379	0.98988289	0.99115351	
379.2	0.98968433	0.9908192	
379.4	0.98913499	0.990485	
379.6	0.98831398	0.99015091	
379.8	0.98793369	0.98981693	
380	0.98762502	0.98948307	
380.2	0.98740756	0.98914932	
380.4	0.98674505	0.98881569	
380.6	0.98656597	0.98848216	
380.8	0.98614974	0.98814875	
381	0.98594283	0.98781545	
381.2	0.98561653	0.98748226	
381.4	0.98507197	0.98714919	
381.6	0.9846853	0.98681623	
381.8	0.98398487	0.98648338	
382	0.98350039	0.98615064	
382.2	0.98282565	0.98581802	
382.4	0.98229159	0.9854855	
382.6	0.98221206	0.9851531	
382.8	0.98139826	0.98482081	
383	0.98109955	0.98448864	
383.2	0.98068146	0.98415657	
383.4	0.98014229	0.98382462	
383.6	0.97980333	0.98349278	
383.8	0.97999243	0.98316105	
384	0.97991172	0.98282943	
384.2	0.9795986	0.98249793	
384.4	0.97963514	0.98216653	
384.6	0.97968266	0.98183525	
384.8	0.97948652	0.98150408	
385	0.97927552	0.98117302	
385.2	0.97866491	0.98084208	
385.4	0.97786324	0.98051124	
385.6	0.9773687	0.98018052	
385.8	0.97677102	0.97984991	
386	0.97630485	0.97951941	
386.2	0.97593634	0.97918902	
386.4	0.97544902	0.97885874	
386.6	0.97538189	0.97852858	
386.8	0.97461804	0.97819852	
387	0.97460786	0.97786858	
387.2	0.97439464	0.97753875	
387.4	0.97420399	0.97720903	
387.6	0.9742821	0.97687942	
387.8	0.97432083	0.97654992	
388	0.97401566	0.97622053	
388.2	0.97407827	0.97589126	
388.4	0.97420467	0.97556209	
388.6	0.97396493	0.97523304	
388.8	0.97363634	0.9749041	
389	0.97309338	0.97457526	
389.2	0.97253351	0.97424654	
389.4	0.97225798	0.97391793	
389.6	0.972055	0.97358943	
389.8	0.9717124	0.97326105	
390	0.97147433	0.97293277	
390.2	0.97103696	0.9726046	
390.4	0.97030259	0.97227654	
390.6	0.96990553	0.9719486	
390.8	0.96937939	0.97162076	
391	0.96885579	0.97129304	
391.2	0.96867984	0.97096543	
391.4	0.96849561	0.97063792	
391.6	0.96852502	0.97031053	
391.8	0.96799819	0.96998325	
392	0.96790168	0.96965607	
392.2	0.96777557	0.96932901	
392.4	0.96752805	0.96900206	
392.6	0.9672174	0.96867522	
392.8	0.96686181	0.96834849	
393	0.96661458	0.96802187	
393.2	0.96626572	0.96769536	
393.4	0.96593166	0.96736896	
393.6	0.96559361	0.96704267	
393.8	0.96527506	0.96671649	
394	0.96478354	0.96639042	
394.2	0.96439055	0.96606446	
394.4	0.96391521	0.96573861	
394.6	0.96383759	0.96541287	
394.8	0.96359933	0.96508724	
395	0.9632265	0.96476172	
395.2	0.96352515	0.9644363	
395.4	0.96315163	0.964111	
395.6	0.96287954	0.96378581	
395.8	0.9625181	0.96346073	
396	0.96245419	0.96313576	
396.2	0.96155266	0.9628109	
396.4	0.96126105	0.96248614	
396.6	0.96086399	0.9621615	
396.8	0.96051118	0.96183697	
397	0.96003036	0.96151254	
397.2	0.95902821	0.96118823	
397.4	0.95865265	0.96086402	
397.6	0.95840241	0.96053992	
397.8	0.95797787	0.96021594	
398	0.95765312	0.95989206	
398.2	0.95777123	0.95956829	
398.4	0.95747705	0.95924463	
398.6	0.95747642	0.95892108	
398.8	0.95719443	0.95859764	
399	0.95707097	0.95827431	
399.2	0.95739066	0.95795109	
399.4	0.95738819	0.95762797	
399.6	0.95763795	0.95730497	
399.8	0.95754709	0.95698207	
400	0.95725234	0.95665929	
400.2	0.95666113	0.95633661	
400.4	0.9567523	0.95601404	
400.6	0.95626217	0.95569158	
400.8	0.95588086	0.95536923	
401	0.95566809	0.95504698	
401.2	0.95504415	0.95472485	
401.4	0.95470805	0.95440282	
401.6	0.95417529	0.95408091	
401.8	0.95388299	0.9537591	
402	0.95392007	0.9534374	
402.2	0.95333027	0.95311581	
402.4	0.95274607	0.95279433	
402.6	0.95215934	0.95247295	
402.8	0.95169938	0.95215169	
403	0.9512567	0.95183053	
403.2	0.95119403	0.95150948	
403.4	0.9509699	0.95118854	
403.6	0.95049126	0.95086771	
403.8	0.94967728	0.95054698	
404	0.94904083	0.95022636	
404.2	0.9485214	0.94990586	
404.4	0.94801068	0.94958546	
404.6	0.94767439	0.94926516	
404.8	0.94748622	0.94894498	
405	0.94706309	0.9486249	
405.2	0.94647446	0.94830494	
405.4	0.94606188	0.94798508	
405.6	0.94633289	0.94766532	
405.8	0.94669157	0.94734568	
406	0.94644815	0.94702614	
406.2	0.94613461	0.94670671	
406.4	0.94599537	0.94638739	
406.6	0.94587164	0.94606818	
406.8	0.9456757	0.94574907	
407	0.94562325	0.94543008	
407.2	0.945646	0.94511119	
407.4	0.94550044	0.9447924	
407.6	0.94521184	0.94447373	
407.8	0.94488455	0.94415516	
408	0.94442852	0.9438367	
408.2	0.94423086	0.94351835	
408.4	0.94355934	0.9432001	
408.6	0.94330834	0.94288196	
408.8	0.94274518	0.94256393	
409	0.9418183	0.94224601	
409.2	0.94156737	0.94192819	
409.4	0.94117411	0.94161048	
409.6	0.94107829	0.94129288	
409.8	0.94084379	0.94097539	
410	0.94019652	0.940658	
410.2	0.93995354	0.94034072	
410.4	0.93940533	0.94002354	
410.6	0.93909811	0.93970648	
410.8	0.93913813	0.93938952	
411	0.9394112	0.93907266	
411.2	0.93933716	0.93875592	
411.4	0.93926291	0.93843928	
411.6	0.9390476	0.93812275	
411.8	0.93892777	0.93780632	
412	0.93865512	0.93749	
412.2	0.93848011	0.93717379	
412.4	0.93816315	0.93685768	
412.6	0.93814251	0.93654169	
412.8	0.93746333	0.93622579	
413	0.93671326	0.93591001	
413.2	0.93656429	0.93559433	
413.4	0.93619948	0.93527876	
413.6	0.9358018	0.93496329	
413.8	0.9355714	0.93464793	
414	0.93489337	0.93433268	
414.2	0.93490733	0.93401753	
414.4	0.93444497	0.93370249	
414.6	0.93441493	0.93338755	
414.8	0.93448813	0.93307272	
415	0.93398378	0.932758	
415.2	0.93402393	0.93244339	
415.4	0.93389479	0.93212888	
415.6	0.93350055	0.93181447	
415.8	0.93364248	0.93150017	
416	0.93325447	0.93118598	
416.2	0.93307028	0.9308719	
416.4	0.93263268	0.93055792	
416.6	0.93227278	0.93024404	
416.8	0.93165129	0.92993027	
417	0.93155217	0.92961661	
417.2	0.93158058	0.92930305	
417.4	0.93109434	0.9289896	
417.6	0.93113334	0.92867626	
417.8	0.93105213	0.92836302	
418	0.93061561	0.92804989	
418.2	0.93048723	0.92773686	
418.4	0.92982936	0.92742394	
418.6	0.92972633	0.92711112	
418.8	0.92907012	0.92679841	
419	0.9286331	0.9264858	
419.2	0.92863827	0.9261733	
419.4	0.92818918	0.92586091	
419.6	0.92762063	0.92554862	
419.8	0.92740729	0.92523643	
420	0.92702143	0.92492435	
420.2	0.92660868	0.92461238	
420.4	0.92600535	0.92430051	
420.6	0.92605259	0.92398875	
420.8	0.92588094	0.92367709	
421	0.92622996	0.92336553	
421.2	0.92623487	0.92305409	
421.4	0.92593498	0.92274274	
421.6	0.92594718	0.92243151	
421.8	0.925317	0.92212037	
422	0.92482856	0.92180934	
422.2	0.92457682	0.92149842	
422.4	0.92422583	0.9211876	
422.6	0.92384778	0.92087689	
422.8	0.92326566	0.92056628	
423	0.9233826	0.92025578	
423.2	0.92318907	0.91994538	
423.4	0.92276008	0.91963508	
423.6	0.92238014	0.91932489	
423.8	0.92203844	0.91901481	
424	0.92228489	0.91870483	
424.2	0.92178595	0.91839495	
424.4	0.92166821	0.91808518	
424.6	0.92178574	0.91777551	
424.8	0.92156751	0.91746595	
425	0.92120659	0.91715649	
425.2	0.9210785	0.91684714	
425.4	0.92054433	0.91653789	
425.6	0.91995499	0.91622874	
425.8	0.91958129	0.9159197	
426	0.919372	0.91561077	
426.2	0.91904018	0.91530193	
426.4	0.91822034	0.91499321	
426.6	0.91791849	0.91468458	
426.8	0.91773989	0.91437606	
427	0.91783274	0.91406765	
427.2	0.91730963	0.91375933	
427.4	0.91707344	0.91345113	
427.6	0.91731627	0.91314302	
427.8	0.9170351	0.91283502	
428	0.91726941	0.91252713	
428.2	0.91670843	0.91221933	
428.4	0.91634251	0.91191164	
428.6	0.91605388	0.91160406	
428.8	0.91555156	0.91129658	
429	0.91540458	0.9109892	
429.2	0.91544949	0.91068193	
429.4	0.9149028	0.91037476	
429.6	0.91453078	0.91006769	
429.8	0.9144386	0.90976073	
430	0.91389995	0.90945387	
430.2	0.91342078	0.90914711	
430.4	0.91316353	0.90884046	
430.6	0.91322755	0.90853391	
430.8	0.9131452	0.90822747	
431	0.91370337	0.90792113	
431.2	0.91326816	0.90761489	
431.4	0.91358055	0.90730875	
431.6	0.9137779	0.90700272	
431.8	0.91315564	0.90669679	
432	0.91339018	0.90639096	
432.2	0.91282759	0.90608524	
432.4	0.91246012	0.90577962	
432.6	0.91227324	0.90547411	
432.8	0.91200236	0.90516869	
433	0.91189062	0.90486338	
433.2	0.91116808	0.90455817	
433.4	0.91052661	0.90425307	
433.6	0.91016735	0.90394807	
433.8	0.90975966	0.90364317	
434	0.90945798	0.90333837	
434.2	0.90943114	0.90303368	
434.4	0.9094293	0.90272909	
434.6	0.90899643	0.9024246	
434.8	0.90890387	0.90212022	
435	0.90884055	0.90181594	
435.2	0.90794644	0.90151176	
435.4	0.90817323	0.90120768	
435.6	0.907846	0.90090371	
435.8	0.90741359	0.90059983	
436	0.90751552	0.90029606	
436.2	0.90709834	0.8999924	
436.4	0.90683344	0.89968883	
436.6	0.90628755	0.89938537	
436.8	0.905775	0.89908201	
437	0.90559585	0.89877875	
437.2	0.90497492	0.8984756	
437.4	0.90497978	0.89817255	
437.6	0.90502802	0.8978696	
437.8	0.90500473	0.89756675	
438	0.90497945	0.897264	
438.2	0.90465162	0.89696136	
438.4	0.90400459	0.89665882	
438.6	0.90375615	0.89635638	
438.8	0.90353256	0.89605404	
439	0.90328979	0.8957518	
439.2	0.9028819	0.89544967	
439.4	0.90299317	0.89514764	
439.6	0.90278472	0.8948457	
439.8	0.90287637	0.89454388	
440	0.90267905	0.89424215	
440.2	0.90263372	0.89394052	
440.4	0.90193778	0.893639	
440.6	0.90160217	0.89333758	
440.8	0.90113617	0.89303626	
441	0.90074211	0.89273504	
441.2	0.9003483	0.89243393	
441.4	0.90040467	0.89213291	
441.6	0.90010697	0.891832	
441.8	0.89985575	0.89153119	
442	0.89921601	0.89123048	
442.2	0.89867311	0.89092987	
442.4	0.8980847	0.89062936	
442.6	0.89788454	0.89032895	
442.8	0.89760844	0.89002865	
443	0.8973791	0.88972844	
443.2	0.89690731	0.88942834	
443.4	0.89683898	0.88912834	
443.6	0.89677665	0.88882844	
443.8	0.89648842	0.88852864	
444	0.89630697	0.88822894	
444.2	0.89606225	0.88792935	
444.4	0.89558133	0.88762985	
444.6	0.89528969	0.88733046	
444.8	0.89499373	0.88703116	
445	0.89488134	0.88673197	
445.2	0.89520065	0.88643288	
445.4	0.89544079	0.88613389	
445.6	0.89545534	0.885835	
445.8	0.89537402	0.88553621	
446	0.89476265	0.88523752	
446.2	0.89460591	0.88493893	
446.4	0.8942774	0.88464045	
446.6	0.89387689	0.88434206	
446.8	0.89374727	0.88404377	
447	0.89351173	0.88374559	
447.2	0.89313913	0.8834475	
447.4	0.89298925	0.88314952	
447.6	0.89303492	0.88285164	
447.8	0.8924145	0.88255385	
448	0.89219089	0.88225617	
448.2	0.89154871	0.88195859	
448.4	0.89152004	0.88166111	
448.6	0.89155039	0.88136373	
448.8	0.891532	0.88106645	
449	0.89156547	0.88076927	
449.2	0.89162088	0.88047218	
449.4	0.89133202	0.8801752	
449.6	0.89086705	0.87987832	
449.8	0.89042102	0.87958154	
450	0.88974059	0.87928486	
450.2	0.88955648	0.87898828	
450.4	0.88904814	0.8786918	
450.6	0.88823025	0.87839542	
450.8	0.88801425	0.87809915	
451	0.88795478	0.87780297	
451.2	0.88777237	0.87750689	
451.4	0.88764662	0.87721091	
451.6	0.88733768	0.87691502	
451.8	0.88684788	0.87661924	
452	0.88684023	0.87632356	
452.2	0.88682812	0.87602798	
452.4	0.88724554	0.8757325	
452.6	0.88730877	0.87543712	
452.8	0.88720648	0.87514184	
453	0.88747879	0.87484666	
453.2	0.88755107	0.87455157	
453.4	0.88727832	0.87425659	
453.6	0.88712073	0.87396171	
453.8	0.88695922	0.87366692	
454	0.88645843	0.87337224	
454.2	0.88610146	0.87307765	
454.4	0.88533723	0.87278316	
454.6	0.88489449	0.87248878	
454.8	0.88489571	0.87219449	
455	0.88428512	0.8719003	
455.2	0.88396483	0.87160621	
455.4	0.88337792	0.87131222	
455.6	0.88276188	0.87101833	
455.8	0.88212122	0.87072454	
456	0.8817979	0.87043085	
456.2	0.8813972	0.87013725	
456.4	0.88105848	0.86984376	
456.6	0.88106849	0.86955037	
456.8	0.88121053	0.86925707	
457	0.88127938	0.86896387	
457.2	0.8812252	0.86867077	
457.4	0.88131103	0.86837777	
457.6	0.8811534	0.86808487	
457.8	0.88075883	0.86779207	
458	0.88035364	0.86749937	
458.2	0.88053465	0.86720676	
458.4	0.88047358	0.86691426	
458.6	0.88068723	0.86662185	
458.8	0.8800286	0.86632954	
459	0.8795515	0.86603733	
459.2	0.87946482	0.86574522	
459.4	0.87902631	0.86545321	
459.6	0.87892885	0.86516129	
459.8	0.87862255	0.86486948	
460	0.87823383	0.86457776	
460.2	0.87750022	0.86428614	
460.4	0.87717374	0.86399462	
460.6	0.8770185	0.8637032	
460.8	0.87661252	0.86341187	
461	0.87644837	0.86312065	
461.2	0.87622527	0.86282952	
461.4	0.87609768	0.86253849	
461.6	0.87581777	0.86224756	
461.8	0.87582865	0.86195672	
462	0.8761611	0.86166599	
462.2	0.87621488	0.86137535	
462.4	0.87621383	0.86108481	
462.6	0.87619215	0.86079437	
462.8	0.8758549	0.86050403	
463	0.87625696	0.86021378	
463.2	0.87626953	0.85992364	
463.4	0.87625619	0.85963359	
463.6	0.87635802	0.85934364	
463.8	0.87585006	0.85905378	
464	0.87528727	0.85876403	
464.2	0.87469455	0.85847437	
464.4	0.87422248	0.85818481	
464.6	0.87381477	0.85789534	
464.8	0.87352789	0.85760598	
465	0.87337565	0.85731671	
465.2	0.87308152	0.85702754	
465.4	0.87317815	0.85673847	
465.6	0.87318535	0.85644949	
465.8	0.87297755	0.85616062	
466	0.87269617	0.85587184	
466.2	0.87224165	0.85558315	
466.4	0.87202876	0.85529457	
466.6	0.87162744	0.85500608	
466.8	0.8714847	0.85471769	
467	0.87098093	0.8544294	
467.2	0.87073391	0.8541412	
467.4	0.87067265	0.8538531	
467.6	0.87062639	0.8535651	
467.8	0.87025705	0.85327719	
468	0.86996406	0.85298939	
468.2	0.86956631	0.85270168	
468.4	0.86927091	0.85241406	
468.6	0.8693191	0.85212655	
468.8	0.86924958	0.85183913	
469	0.86922303	0.8515518	
469.2	0.868978	0.85126458	
469.4	0.86892565	0.85097745	
469.6	0.86853638	0.85069042	
469.8	0.86827496	0.85040348	
470	0.86795572	0.85011665	
470.2	0.86722866	0.8498299	
470.4	0.86707658	0.84954326	
470.6	0.86708591	0.84925671	
470.8	0.86687706	0.84897026	
471	0.86665183	0.8486839	
471.2	0.86677819	0.84839765	
471.4	0.86642159	0.84811149	
471.6	0.86575226	0.84782542	
471.8	0.8650501	0.84753945	
472	0.86478698	0.84725358	
472.2	0.8642354	0.8469678	
472.4	0.86367649	0.84668212	
472.6	0.86387223	0.84639654	
472.8	0.86313435	0.84611105	
473	0.86273034	0.84582566	
473.2	0.86222406	0.84554037	
473.4	0.86233708	0.84525517	
473.6	0.86266929	0.84497007	
473.8	0.86239865	0.84468506	
474	0.86226842	0.84440015	
474.2	0.86227757	0.84411534	
474.4	0.86280863	0.84383062	
474.6	0.86252723	0.843546	
474.8	0.86220201	0.84326148	
475	0.86216539	0.84297705	
475.2	0.86202703	0.84269272	
475.4	0.86163037	0.84240848	
475.6	0.86141764	0.84212434	
475.8	0.86121382	0.84184029	
476	0.86126576	0.84155634	
476.2	0.86091207	0.84127249	
476.4	0.86101139	0.84098873	
476.6	0.86120168	0.84070507	
476.8	0.8600579	0.8404215	
477	0.86019128	0.84013803	
477.2	0.86009618	0.83985465	
477.4	0.86002122	0.83957137	
477.6	0.85946485	0.83928819	
477.8	0.85864935	0.8390051	
478	0.85825156	0.8387221	
478.2	0.85780433	0.83843921	
478.4	0.85722352	0.8381564	
478.6	0.85654086	0.8378737	
478.8	0.85619768	0.83759108	
479	0.85599115	0.83730857	
479.2	0.85598329	0.83702615	
479.4	0.85579681	0.83674382	
479.6	0.85593401	0.83646159	
479.8	0.85600633	0.83617945	
