Conc1	1E-08	
Start1	300	
Stop1	539.8	
Kobs	0.00119405508296519	
Error Kobs	0.000104094742100715	
Koff	0	
Error Koff	0	
Time1	Data1	Fit1	
300	0.00171784	0	
300.2	0.00251139	0.00011097	
300.4	0.00317342	0.0002218	
300.6	0.00380065	0.00033251	
300.8	0.0047087	0.00044308	
301	0.00504117	0.00055353	
301.2	0.00600968	0.00066384	
301.4	0.00663027	0.00077402	
301.6	0.00735014	0.00088408	
301.8	0.00800948	0.000994	
302	0.00883919	0.00110379	
302.2	0.00917307	0.00121346	
302.4	0.00967684	0.00132299	
302.6	0.01011517	0.00143239	
302.8	0.01010471	0.00154167	
303	0.01035512	0.00165081	
303.2	0.01033448	0.00175983	
303.4	0.01089092	0.00186872	
303.6	0.01087229	0.00197748	
303.8	0.0110826	0.00208611	
304	0.01110793	0.00219461	
304.2	0.01084369	0.00230298	
304.4	0.01082488	0.00241123	
304.6	0.01050879	0.00251935	
304.8	0.01088075	0.00262734	
305	0.01078808	0.0027352	
305.2	0.01140839	0.00284294	
305.4	0.01151214	0.00295054	
305.6	0.01156677	0.00305802	
305.8	0.01209253	0.00316538	
306	0.01287542	0.00327261	
306.2	0.01351774	0.00337971	
306.4	0.01402348	0.00348668	
306.6	0.01462136	0.00359353	
306.8	0.01532899	0.00370025	
307	0.01605543	0.00380684	
307.2	0.01620907	0.00391331	
307.4	0.01689817	0.00401965	
307.6	0.01693872	0.00412587	
307.8	0.01739733	0.00423196	
308	0.01742704	0.00433793	
308.2	0.01736726	0.00444377	
308.4	0.01755286	0.00454948	
308.6	0.01801252	0.00465508	
308.8	0.01865447	0.00476054	
309	0.01886399	0.00486588	
309.2	0.01869419	0.0049711	
309.4	0.01855166	0.00507619	
309.6	0.01795791	0.00518116	
309.8	0.0184417	0.00528601	
310	0.01809298	0.00539073	
310.2	0.01796638	0.00549532	
310.4	0.01786023	0.0055998	
310.6	0.01866465	0.00570415	
310.8	0.01896553	0.00580837	
311	0.01942529	0.00591248	
311.2	0.01984533	0.00601646	
311.4	0.01988145	0.00612031	
311.6	0.01964036	0.00622405	
311.8	0.02028097	0.00632766	
312	0.02014706	0.00643115	
312.2	0.02064144	0.00653452	
312.4	0.02114936	0.00663776	
312.6	0.02165276	0.00674089	
312.8	0.02198437	0.00684389	
313	0.02238593	0.00694677	
313.2	0.02255714	0.00704952	
313.4	0.02280771	0.00715216	
313.6	0.02210134	0.00725468	
313.8	0.0224816	0.00735707	
314	0.02228182	0.00745934	
314.2	0.02268784	0.0075615	
314.4	0.02342733	0.00766353	
314.6	0.02378054	0.00776544	
314.8	0.02362931	0.00786723	
315	0.02419078	0.0079689	
315.2	0.02416369	0.00807045	
315.4	0.02435746	0.00817188	
315.6	0.0248107	0.00827319	
315.8	0.02508806	0.00837438	
316	0.02509703	0.00847545	
316.2	0.02586819	0.0085764	
316.4	0.02592484	0.00867723	
316.6	0.02606803	0.00877795	
316.8	0.02654513	0.00887854	
317	0.02672093	0.00897901	
317.2	0.02684951	0.00907937	
317.4	0.02668394	0.00917961	
317.6	0.02616851	0.00927973	
317.8	0.02660025	0.00937973	
318	0.0269622	0.00947961	
318.2	0.0266526	0.00957938	
318.4	0.02649722	0.00967902	
318.6	0.02576447	0.00977855	
318.8	0.02614497	0.00987796	
319	0.02646364	0.00997726	
319.2	0.02635391	0.01007643	
319.4	0.02673458	0.01017549	
319.6	0.02695113	0.01027443	
319.8	0.02700902	0.01037326	
320	0.02756362	0.01047197	
320.2	0.02798885	0.01057056	
320.4	0.02763335	0.01066904	
320.6	0.02771552	0.01076739	
320.8	0.02749184	0.01086564	
321	0.02716654	0.01096376	
321.2	0.02722145	0.01106177	
321.4	0.02700791	0.01115967	
321.6	0.02682412	0.01125745	
321.8	0.02677798	0.01135511	
322	0.02691521	0.01145266	
322.2	0.02605244	0.01155009	
322.4	0.02629931	0.01164741	
322.6	0.02674488	0.01174461	
322.8	0.02746395	0.0118417	
323	0.02811452	0.01193867	
323.2	0.02854358	0.01203553	
323.4	0.02903071	0.01213228	
323.6	0.02976147	0.01222891	
323.8	0.02990546	0.01232542	
324	0.03050962	0.01242182	
324.2	0.03062217	0.01251811	
324.4	0.03075131	0.01261428	
324.6	0.03082779	0.01271034	
324.8	0.03077479	0.01280629	
325	0.03070926	0.01290212	
325.2	0.03112124	0.01299784	
325.4	0.03119982	0.01309345	
325.6	0.03125016	0.01318894	
325.8	0.03059096	0.01328433	
326	0.03066983	0.01337959	
326.2	0.03067889	0.01347475	
326.4	0.03051417	0.01356979	
326.6	0.03049576	0.01366472	
326.8	0.03034833	0.01375954	
327	0.0306108	0.01385425	
327.2	0.02998304	0.01394884	
327.4	0.02997863	0.01404333	
327.6	0.03024855	0.0141377	
327.8	0.03006577	0.01423196	
328	0.03053707	0.01432611	
328.2	0.03061053	0.01442014	
328.4	0.03101667	0.01451407	
328.6	0.03128862	0.01460788	
328.8	0.03164467	0.01470159	
329	0.0322562	0.01479518	
329.2	0.03284932	0.01488866	
329.4	0.03291496	0.01498204	
329.6	0.03235384	0.0150753	
329.8	0.03226954	0.01516845	
330	0.03233925	0.01526149	
330.2	0.0322451	0.01535442	
330.4	0.03153	0.01544724	
330.6	0.03189031	0.01553996	
330.8	0.03180299	0.01563256	
331	0.03173918	0.01572505	
331.2	0.03178944	0.01581744	
331.4	0.03217162	0.01590971	
331.6	0.0321585	0.01600188	
331.8	0.03210908	0.01609393	
332	0.03242421	0.01618588	
332.2	0.03257057	0.01627772	
332.4	0.03270179	0.01636945	
332.6	0.03291071	0.01646107	
332.8	0.03339152	0.01655259	
333	0.03371113	0.01664399	
333.2	0.03350971	0.01673529	
333.4	0.03381818	0.01682648	
333.6	0.03371481	0.01691756	
333.8	0.03424629	0.01700854	
334	0.03425091	0.0170994	
334.2	0.03445574	0.01719016	
334.4	0.03436133	0.01728082	
334.6	0.03471665	0.01737136	
334.8	0.03500104	0.0174618	
335	0.03523926	0.01755213	
335.2	0.0350634	0.01764235	
335.4	0.0346828	0.01773247	
335.6	0.03483647	0.01782248	
335.8	0.03506524	0.01791239	
336	0.0345196	0.01800219	
336.2	0.03413077	0.01809188	
336.4	0.03402961	0.01818147	
336.6	0.03422507	0.01827095	
336.8	0.03429445	0.01836032	
337	0.03444229	0.01844959	
337.2	0.03403267	0.01853876	
337.4	0.0345906	0.01862781	
337.6	0.03447148	0.01871677	
337.8	0.03481447	0.01880562	
338	0.03521034	0.01889436	
338.2	0.03558169	0.018983	
338.4	0.03599054	0.01907153	
338.6	0.03614785	0.01915996	
338.8	0.0364293	0.01924828	
339	0.03649377	0.0193365	
339.2	0.03635329	0.01942462	
339.4	0.03665753	0.01951263	
339.6	0.03692683	0.01960054	
339.8	0.03707931	0.01968834	
340	0.03625826	0.01977604	
340.2	0.03595739	0.01986364	
340.4	0.03645538	0.01995113	
340.6	0.03682323	0.02003852	
340.8	0.03697197	0.02012581	
341	0.03745149	0.02021299	
341.2	0.03738257	0.02030007	
341.4	0.03802161	0.02038705	
341.6	0.03833059	0.02047392	
341.8	0.03872305	0.02056069	
342	0.03908364	0.02064736	
342.2	0.03928586	0.02073393	
342.4	0.03915761	0.02082039	
342.6	0.03944455	0.02090676	
342.8	0.03987131	0.02099302	
343	0.03971994	0.02107917	
343.2	0.03902857	0.02116523	
343.4	0.03896572	0.02125118	
343.6	0.0385302	0.02133704	
343.8	0.03806915	0.02142279	
344	0.03711727	0.02150844	
344.2	0.0370784	0.02159399	
344.4	0.03779419	0.02167944	
344.6	0.03742812	0.02176478	
344.8	0.03763577	0.02185003	
345	0.03739873	0.02193517	
345.2	0.03677585	0.02202022	
345.4	0.03689958	0.02210516	
345.6	0.03673196	0.02219001	
345.8	0.03660555	0.02227475	
346	0.03704857	0.02235939	
346.2	0.03734617	0.02244394	
346.4	0.03811008	0.02252838	
346.6	0.03902773	0.02261272	
346.8	0.03927725	0.02269697	
347	0.039514	0.02278111	
347.2	0.03965649	0.02286516	
347.4	0.0400149	0.0229491	
347.6	0.03973649	0.02303295	
347.8	0.03961642	0.0231167	
348	0.03991762	0.02320035	
348.2	0.04081723	0.02328389	
348.4	0.04083953	0.02336735	
348.6	0.04067744	0.0234507	
348.8	0.04059808	0.02353395	
349	0.04016952	0.02361711	
349.2	0.03955217	0.02370016	
349.4	0.03977469	0.02378312	
349.6	0.03921488	0.02386598	
349.8	0.03942257	0.02394875	
350	0.0399844	0.02403141	
350.2	0.0398988	0.02411398	
350.4	0.03996073	0.02419645	
350.6	0.04013487	0.02427882	
350.8	0.04029719	0.0243611	
351	0.0403946	0.02444327	
351.2	0.0402354	0.02452535	
351.4	0.04066565	0.02460734	
351.6	0.04105153	0.02468922	
351.8	0.04144935	0.02477101	
352	0.04203686	0.02485271	
352.2	0.0420179	0.0249343	
352.4	0.04174309	0.0250158	
352.6	0.04213371	0.02509721	
352.8	0.04233805	0.02517852	
353	0.04255389	0.02525973	
353.2	0.04240168	0.02534084	
353.4	0.04299252	0.02542186	
353.6	0.04363785	0.02550279	
353.8	0.04372656	0.02558362	
354	0.04410547	0.02566435	
354.2	0.0433248	0.02574499	
354.4	0.04316418	0.02582553	
354.6	0.04318092	0.02590598	
354.8	0.04355197	0.02598633	
355	0.04347887	0.02606658	
355.2	0.04321165	0.02614675	
355.4	0.04332139	0.02622681	
355.6	0.04305903	0.02630679	
355.8	0.04279285	0.02638667	
356	0.04225537	0.02646645	
356.2	0.04134051	0.02654614	
356.4	0.04136946	0.02662573	
356.6	0.04144211	0.02670524	
356.8	0.04145134	0.02678464	
357	0.04152248	0.02686396	
357.2	0.04178684	0.02694318	
357.4	0.04241665	0.0270223	
357.6	0.04287775	0.02710134	
357.8	0.04294709	0.02718027	
358	0.04340764	0.02725912	
358.2	0.04348947	0.02733787	
358.4	0.04432076	0.02741653	
358.6	0.04433752	0.0274951	
358.8	0.04508244	0.02757357	
359	0.04509836	0.02765196	
359.2	0.04480445	0.02773024	
359.4	0.04548118	0.02780844	
359.6	0.04606602	0.02788654	
359.8	0.04633199	0.02796456	
360	0.04602694	0.02804247	
360.2	0.04581454	0.0281203	
360.4	0.04616368	0.02819804	
360.6	0.04591035	0.02827568	
360.8	0.04601104	0.02835323	
361	0.0461129	0.02843069	
361.2	0.04632021	0.02850806	
361.4	0.04646283	0.02858534	
361.6	0.04656952	0.02866252	
361.8	0.04665402	0.02873962	
362	0.04637071	0.02881662	
362.2	0.04651725	0.02889353	
362.4	0.04616145	0.02897035	
362.6	0.04572244	0.02904708	
362.8	0.04549647	0.02912372	
363	0.04519269	0.02920027	
363.2	0.04500013	0.02927673	
363.4	0.04492607	0.0293531	
363.6	0.04462437	0.02942938	
363.8	0.04513104	0.02950557	
364	0.04510951	0.02958166	
364.2	0.04537906	0.02965767	
364.4	0.04525637	0.02973359	
364.6	0.04517635	0.02980942	
364.8	0.04590259	0.02988516	
365	0.04586358	0.02996081	
365.2	0.0461311	0.03003637	
365.4	0.04580999	0.03011184	
365.6	0.04562036	0.03018722	
365.8	0.04529167	0.03026251	
366	0.0454263	0.03033772	
366.2	0.04548092	0.03041283	
366.4	0.04514687	0.03048786	
366.6	0.04511502	0.03056279	
366.8	0.04478178	0.03063764	
367	0.04462736	0.0307124	
367.2	0.04462463	0.03078707	
367.4	0.04480796	0.03086166	
367.6	0.04511085	0.03093615	
367.8	0.04628296	0.03101056	
368	0.04645195	0.03108488	
368.2	0.04676521	0.03115911	
368.4	0.04672875	0.03123325	
368.6	0.04723057	0.03130731	
368.8	0.04738914	0.03138128	
369	0.04731693	0.03145516	
369.2	0.04783293	0.03152895	
369.4	0.04784705	0.03160266	
369.6	0.04807612	0.03167628	
369.8	0.04844276	0.03174981	
370	0.04869655	0.03182326	
370.2	0.04886433	0.03189662	
370.4	0.0492705	0.03196989	
370.6	0.04923638	0.03204308	
370.8	0.04907381	0.03211618	
371	0.04874629	0.03218919	
371.2	0.04873202	0.03226211	
371.4	0.04832101	0.03233496	
371.6	0.04816636	0.03240771	
371.8	0.04789521	0.03248038	
372	0.0476309	0.03255296	
372.2	0.0476985	0.03262546	
372.4	0.04741115	0.03269787	
372.6	0.04714958	0.03277019	
372.8	0.04757764	0.03284243	
373	0.04810545	0.03291459	
373.2	0.04826702	0.03298666	
373.4	0.04805044	0.03305864	
373.6	0.04814377	0.03313054	
373.8	0.04836798	0.03320235	
374	0.04847079	0.03327408	
374.2	0.04918416	0.03334573	
374.4	0.0493433	0.03341729	
374.6	0.04878076	0.03348876	
374.8	0.04889583	0.03356015	
375	0.04839708	0.03363146	
375.2	0.0481414	0.03370268	
375.4	0.04765159	0.03377382	
375.6	0.04762594	0.03384487	
375.8	0.04715887	0.03391584	
376	0.04760822	0.03398673	
376.2	0.04755778	0.03405753	
376.4	0.04712237	0.03412825	
376.6	0.04734969	0.03419888	
376.8	0.04780219	0.03426944	
377	0.04753827	0.0343399	
377.2	0.04777069	0.03441029	
377.4	0.04795096	0.03448059	
377.6	0.04840431	0.03455081	
377.8	0.04890563	0.03462094	
378	0.0492183	0.034691	
378.2	0.04962505	0.03476097	
378.4	0.0497107	0.03483085	
378.6	0.04976064	0.03490066	
378.8	0.04989632	0.03497038	
379	0.04951954	0.03504002	
379.2	0.04952012	0.03510958	
379.4	0.04916203	0.03517905	
379.6	0.04896821	0.03524845	
379.8	0.04898471	0.03531776	
380	0.04937095	0.03538699	
380.2	0.04913121	0.03545613	
380.4	0.04971792	0.0355252	
380.6	0.04997973	0.03559418	
380.8	0.0503624	0.03566309	
381	0.0505348	0.03573191	
381.2	0.0509902	0.03580065	
381.4	0.05112557	0.03586931	
381.6	0.05109137	0.03593788	
381.8	0.05145048	0.03600638	
382	0.05122373	0.03607479	
382.2	0.05115653	0.03614313	
382.4	0.05120332	0.03621138	
382.6	0.05116124	0.03627956	
382.8	0.05092753	0.03634765	
383	0.05073678	0.03641566	
383.2	0.05086041	0.03648359	
383.4	0.05039821	0.03655144	
383.6	0.05021801	0.03661921	
383.8	0.05009418	0.03668691	
384	0.05067062	0.03675452	
384.2	0.05025669	0.03682205	
384.4	0.05027019	0.0368895	
384.6	0.04989293	0.03695687	
384.8	0.05043886	0.03702416	
385	0.05043127	0.03709138	
385.2	0.04997854	0.03715851	
385.4	0.04972064	0.03722556	
385.6	0.04979649	0.03729254	
385.8	0.05047126	0.03735943	
386	0.05070972	0.03742625	
386.2	0.0510687	0.03749299	
386.4	0.05144908	0.03755964	
386.6	0.05158641	0.03762622	
386.8	0.05177049	0.03769273	
387	0.05201302	0.03775915	
387.2	0.05212377	0.03782549	
387.4	0.05220871	0.03789176	
387.6	0.05245151	0.03795794	
387.8	0.05233951	0.03802405	
388	0.05259026	0.03809008	
388.2	0.05200157	0.03815604	
388.4	0.05241701	0.03822191	
388.6	0.05292305	0.03828771	
388.8	0.05313896	0.03835343	
389	0.05310268	0.03841907	
389.2	0.05266985	0.03848463	
389.4	0.05306612	0.03855012	
389.6	0.05361998	0.03861553	
389.8	0.05365995	0.03868086	
390	0.0534579	0.03874612	
390.2	0.05305003	0.03881129	
390.4	0.05271693	0.03887639	
390.6	0.05225896	0.03894142	
390.8	0.05251726	0.03900637	
391	0.05253532	0.03907124	
391.2	0.05239258	0.03913603	
391.4	0.05227974	0.03920075	
391.6	0.05190477	0.03926539	
391.8	0.05138625	0.03932995	
392	0.05131775	0.03939444	
392.2	0.05186371	0.03945885	
392.4	0.05234999	0.03952318	
392.6	0.05235804	0.03958744	
392.8	0.05272083	0.03965163	
393	0.05339231	0.03971573	
393.2	0.05342096	0.03977977	
393.4	0.05319812	0.03984372	
393.6	0.05305513	0.0399076	
393.8	0.05261468	0.03997141	
394	0.05291079	0.04003514	
394.2	0.05306942	0.04009879	
394.4	0.05345671	0.04016237	
394.6	0.05376414	0.04022587	
394.8	0.05413868	0.0402893	
395	0.05435329	0.04035266	
395.2	0.05455162	0.04041593	
395.4	0.05434256	0.04047914	
395.6	0.05450236	0.04054227	
395.8	0.05460349	0.04060532	
396	0.05498398	0.0406683	
396.2	0.05507898	0.04073121	
396.4	0.05440554	0.04079404	
396.6	0.0548242	0.0408568	
396.8	0.05539846	0.04091948	
397	0.05504544	0.04098209	
397.2	0.05431657	0.04104463	
397.4	0.05384949	0.04110709	
397.6	0.0537342	0.04116947	
397.8	0.05397493	0.04123179	
398	0.05426636	0.04129403	
398.2	0.05430037	0.04135619	
398.4	0.0546134	0.04141829	
398.6	0.05493947	0.04148031	
398.8	0.05516795	0.04154225	
399	0.05553108	0.04160413	
399.2	0.05565069	0.04166593	
399.4	0.05525567	0.04172765	
399.6	0.05520664	0.04178931	
399.8	0.0550634	0.04185089	
400	0.05510158	0.0419124	
400.2	0.05469787	0.04197383	
400.4	0.05477245	0.0420352	
400.6	0.0554812	0.04209649	
400.8	0.05527542	0.0421577	
401	0.05515161	0.04221885	
401.2	0.05533736	0.04227992	
401.4	0.0558512	0.04234092	
401.6	0.05570851	0.04240185	
401.8	0.0564593	0.04246271	
402	0.05619935	0.0425235	
402.2	0.05597206	0.04258421	
402.4	0.05607492	0.04264485	
402.6	0.05592265	0.04270542	
402.8	0.05611606	0.04276592	
403	0.05604865	0.04282635	
403.2	0.05561824	0.0428867	
403.4	0.05501248	0.04294699	
403.6	0.05477219	0.0430072	
403.8	0.05503031	0.04306734	
404	0.05544908	0.04312741	
404.2	0.0550941	0.04318741	
404.4	0.05518923	0.04324734	
404.6	0.05559382	0.0433072	
404.8	0.05556804	0.04336699	
405	0.05633001	0.0434267	
405.2	0.05666398	0.04348635	
405.4	0.05731845	0.04354592	
405.6	0.05778036	0.04360543	
405.8	0.058192	0.04366486	
406	0.05742906	0.04372423	
406.2	0.05736956	0.04378352	
406.4	0.05770178	0.04384275	
406.6	0.05759365	0.0439019	
406.8	0.05827962	0.04396099	
407	0.05814344	0.04402	
407.2	0.05794628	0.04407895	
407.4	0.05783137	0.04413782	
407.6	0.05818016	0.04419663	
407.8	0.05834509	0.04425536	
408	0.05818711	0.04431403	
408.2	0.05758308	0.04437263	
408.4	0.05767999	0.04443116	
408.6	0.05756107	0.04448961	
408.8	0.05738771	0.044548	
409	0.05784677	0.04460633	
409.2	0.05857482	0.04466458	
409.4	0.05897072	0.04472276	
409.6	0.05897144	0.04478087	
409.8	0.058653	0.04483892	
410	0.05844186	0.0448969	
410.2	0.05879858	0.04495481	
410.4	0.0589955	0.04501265	
410.6	0.05866558	0.04507042	
410.8	0.0591256	0.04512812	
411	0.05893046	0.04518576	
411.2	0.05898956	0.04524332	
411.4	0.05900758	0.04530082	
411.6	0.0589634	0.04535825	
411.8	0.05892122	0.04541562	
412	0.05909777	0.04547291	
412.2	0.0589105	0.04553014	
412.4	0.05928195	0.0455873	
412.6	0.05894446	0.04564439	
412.8	0.05901276	0.04570142	
413	0.05965953	0.04575838	
413.2	0.05987376	0.04581527	
413.4	0.05953185	0.04587209	
413.6	0.05936862	0.04592885	
413.8	0.05942302	0.04598554	
414	0.059469	0.04604216	
414.2	0.05935169	0.04609871	
414.4	0.0594614	0.0461552	
414.6	0.05883215	0.04621162	
414.8	0.05892823	0.04626798	
415	0.05868461	0.04632427	
415.2	0.05897673	0.04638049	
415.4	0.05907753	0.04643664	
415.6	0.05941983	0.04649273	
415.8	0.06039867	0.04654875	
416	0.06102689	0.04660471	
416.2	0.06095481	0.0466606	
416.4	0.06187191	0.04671643	
416.6	0.06170224	0.04677218	
416.8	0.06189143	0.04682788	
417	0.06202559	0.0468835	
417.2	0.06195453	0.04693906	
417.4	0.06175377	0.04699456	
417.6	0.0617865	0.04704999	
417.8	0.06149752	0.04710535	
418	0.061291	0.04716065	
418.2	0.06094899	0.04721588	
418.4	0.0609444	0.04727105	
418.6	0.06065129	0.04732616	
418.8	0.06092515	0.04738119	
419	0.06126465	0.04743617	
419.2	0.06178298	0.04749107	
419.4	0.06230154	0.04754592	
419.6	0.0631726	0.04760069	
419.8	0.06395444	0.04765541	
420	0.05919139	0.04771033	
420.2	0.05874386	0.04769894	
420.4	0.05775123	0.04768755	
420.6	0.05721199	0.04767616	
420.8	0.05679012	0.04766478	
421	0.05633463	0.0476534	
421.2	0.05564238	0.04764202	
421.4	0.05508001	0.04763064	
421.6	0.05462263	0.04761927	
421.8	0.05434745	0.0476079	
422	0.05384925	0.04759653	
422.2	0.0535862	0.04758516	
422.4	0.05349614	0.0475738	
422.6	0.05277843	0.04756244	
422.8	0.05235682	0.04755108	
423	0.05175651	0.04753973	
423.2	0.05184619	0.04752838	
423.4	0.05176676	0.04751703	
423.6	0.05157641	0.04750568	
423.8	0.0520776	0.04749434	
424	0.05159113	0.047483	
424.2	0.05091448	0.04747166	
424.4	0.05031043	0.04746033	
424.6	0.05055952	0.04744899	
424.8	0.05058633	0.04743766	
425	0.05057015	0.04742634	
425.2	0.05027164	0.04741501	
425.4	0.05032246	0.04740369	
425.6	0.05015181	0.04739237	
425.8	0.05006941	0.04738105	
426	0.04956403	0.04736974	
426.2	0.04960112	0.04735843	
426.4	0.04956777	0.04734712	
426.6	0.04928	0.04733581	
426.8	0.0492384	0.04732451	
427	0.04964573	0.04731321	
427.2	0.04930138	0.04730191	
427.4	0.04839771	0.04729062	
427.6	0.0480688	0.04727933	
427.8	0.04807397	0.04726804	
428	0.04713388	0.04725675	
428.2	0.0467428	0.04724547	
428.4	0.04682039	0.04723419	
428.6	0.04679979	0.04722291	
428.8	0.04611585	0.04721163	
429	0.04621576	0.04720036	
429.2	0.04577784	0.04718909	
429.4	0.0457349	0.04717782	
429.6	0.04520965	0.04716655	
429.8	0.04516669	0.04715529	
430	0.04496637	0.04714403	
430.2	0.04472549	0.04713277	
430.4	0.04496015	0.04712152	
430.6	0.04480359	0.04711027	
430.8	0.04444359	0.04709902	
431	0.04409557	0.04708777	
431.2	0.04359755	0.04707653	
431.4	0.04393182	0.04706529	
431.6	0.04393388	0.04705405	
431.8	0.04429724	0.04704281	
432	0.04487174	0.04703158	
432.2	0.04540487	0.04702035	
432.4	0.04574406	0.04700912	
432.6	0.04572004	0.0469979	
432.8	0.04514391	0.04698668	
433	0.0456605	0.04697546	
433.2	0.04534179	0.04696424	
433.4	0.0453202	0.04695302	
433.6	0.04515237	0.04694181	
433.8	0.0452725	0.0469306	
434	0.04488882	0.0469194	
434.2	0.04432304	0.04690819	
434.4	0.04436903	0.04689699	
434.6	0.04353375	0.0468858	
434.8	0.04306925	0.0468746	
435	0.04280519	0.04686341	
435.2	0.04250782	0.04685222	
435.4	0.04289166	0.04684103	
435.6	0.04310437	0.04682984	
435.8	0.04349265	0.04681866	
436	0.04367735	0.04680748	
436.2	0.04312361	0.04679631	
436.4	0.04334907	0.04678513	
436.6	0.04304359	0.04677396	
436.8	0.04279234	0.04676279	
437	0.04295722	0.04675163	
437.2	0.04270445	0.04674046	
437.4	0.04277596	0.0467293	
437.6	0.04300713	0.04671814	
437.8	0.04281324	0.04670699	
438	0.04241955	0.04669583	
438.2	0.04206843	0.04668468	
438.4	0.04226057	0.04667354	
438.6	0.04206997	0.04666239	
438.8	0.04201129	0.04665125	
439	0.04177996	0.04664011	
439.2	0.04178554	0.04662897	
439.4	0.04222148	0.04661784	
439.6	0.0421198	0.04660671	
439.8	0.04123684	0.04659558	
440	0.04125883	0.04658445	
440.2	0.04094065	0.04657333	
440.4	0.04113641	0.04656221	
440.6	0.04035108	0.04655109	
440.8	0.04028219	0.04653997	
441	0.03993233	0.04652886	
441.2	0.03938701	0.04651775	
441.4	0.03945299	0.04650664	
441.6	0.03915584	0.04649554	
441.8	0.03892144	0.04648444	
442	0.03913865	0.04647334	
442.2	0.03907479	0.04646224	
442.4	0.03950687	0.04645115	
442.6	0.03930509	0.04644005	
442.8	0.03957776	0.04642896	
443	0.03971064	0.04641788	
443.2	0.03991113	0.04640679	
443.4	0.03991526	0.04639571	
443.6	0.04002071	0.04638463	
443.8	0.03994056	0.04637356	
444	0.04070702	0.04636249	
444.2	0.04071021	0.04635142	
444.4	0.04080264	0.04634035	
444.6	0.04058744	0.04632928	
444.8	0.04086476	0.04631822	
445	0.04049835	0.04630716	
445.2	0.0401027	0.0462961	
445.4	0.04042742	0.04628505	
445.6	0.04003929	0.046274	
445.8	0.03978975	0.04626295	
446	0.03988044	0.0462519	
446.2	0.03905549	0.04624086	
446.4	0.03885658	0.04622981	
446.6	0.03856891	0.04621877	
446.8	0.03877688	0.04620774	
447	0.03851586	0.0461967	
447.2	0.03760019	0.04618567	
447.4	0.03760695	0.04617465	
447.6	0.03729648	0.04616362	
447.8	0.03752386	0.0461526	
448	0.03797347	0.04614158	
448.2	0.03781212	0.04613056	
448.4	0.03758424	0.04611954	
448.6	0.03744938	0.04610853	
448.8	0.03750222	0.04609752	
449	0.0372038	0.04608651	
449.2	0.03720694	0.04607551	
449.4	0.03737941	0.04606451	
449.6	0.03708991	0.04605351	
449.8	0.03681545	0.04604251	
450	0.03690372	0.04603152	
450.2	0.03700448	0.04602053	
450.4	0.0373074	0.04600954	
450.6	0.03677816	0.04599855	
450.8	0.03638239	0.04598757	
451	0.03630324	0.04597659	
451.2	0.03611162	0.04596561	
451.4	0.03727313	0.04595463	
451.6	0.03726095	0.04594366	
451.8	0.03793825	0.04593269	
452	0.03801466	0.04592172	
452.2	0.03773339	0.04591075	
452.4	0.03803644	0.04589979	
452.6	0.03789929	0.04588883	
452.8	0.03757161	0.04587787	
453	0.03758684	0.04586692	
453.2	0.03739713	0.04585597	
453.4	0.03739837	0.04584502	
453.6	0.03757343	0.04583407	
453.8	0.0371933	0.04582313	
454	0.03766502	0.04581218	
454.2	0.03755713	0.04580125	
454.4	0.03676248	0.04579031	
454.6	0.03626761	0.04577937	
454.8	0.0367636	0.04576844	
455	0.03695553	0.04575751	
455.2	0.03688159	0.04574659	
455.4	0.0369661	0.04573567	
455.6	0.03671349	0.04572474	
455.8	0.03676355	0.04571383	
456	0.03641241	0.04570291	
456.2	0.0367143	0.045692	
456.4	0.03652281	0.04568109	
456.6	0.03600527	0.04567018	
456.8	0.03604384	0.04565927	
457	0.03625697	0.04564837	
457.2	0.03553611	0.04563747	
457.4	0.03602509	0.04562657	
457.6	0.03591513	0.04561568	
457.8	0.03573946	0.04560479	
458	0.03617335	0.0455939	
458.2	0.03582891	0.04558301	
458.4	0.03572182	0.04557213	
458.6	0.03610243	0.04556124	
458.8	0.035615	0.04555036	
459	0.03559415	0.04553949	
459.2	0.03570157	0.04552861	
459.4	0.03587889	0.04551774	
459.6	0.03614449	0.04550687	
459.8	0.03612829	0.04549601	
460	0.03617643	0.04548514	
460.2	0.03634924	0.04547428	
460.4	0.03598586	0.04546342	
460.6	0.03589505	0.04545257	
460.8	0.03620892	0.04544171	
461	0.03531408	0.04543086	
461.2	0.03484299	0.04542002	
461.4	0.03547567	0.04540917	
461.6	0.03538476	0.04539833	
461.8	0.03607236	0.04538749	
462	0.03587196	0.04537665	
462.2	0.03580596	0.04536581	
462.4	0.03540802	0.04535498	
462.6	0.03539814	0.04534415	
462.8	0.03514001	0.04533332	
463	0.0355161	0.0453225	
463.2	0.03533905	0.04531168	
463.4	0.03513654	0.04530086	
463.6	0.034925	0.04529004	
463.8	0.03454155	0.04527923	
464	0.03445825	0.04526841	
464.2	0.03442317	0.04525761	
464.4	0.03418008	0.0452468	
464.6	0.03356739	0.04523599	
464.8	0.03319447	0.04522519	
465	0.03250849	0.04521439	
465.2	0.03333705	0.0452036	
465.4	0.03376613	0.0451928	
465.6	0.03416334	0.04518201	
465.8	0.03429387	0.04517122	
466	0.0338796	0.04516044	
466.2	0.03428906	0.04514965	
466.4	0.03438161	0.04513887	
466.6	0.03458206	0.04512809	
466.8	0.0344663	0.04511732	
467	0.03441538	0.04510655	
467.2	0.0343096	0.04509577	
467.4	0.03443929	0.04508501	
467.6	0.03386175	0.04507424	
467.8	0.03358321	0.04506348	
468	0.03343039	0.04505272	
468.2	0.03257286	0.04504196	
468.4	0.03173711	0.04503121	
468.6	0.0310439	0.04502045	
468.8	0.03119955	0.0450097	
469	0.03112088	0.04499895	
469.2	0.03108183	0.04498821	
469.4	0.03138119	0.04497747	
469.6	0.03151009	0.04496673	
469.8	0.0321046	0.04495599	
470	0.03294372	0.04494526	
470.2	0.03378507	0.04493452	
470.4	0.03381969	0.04492379	
470.6	0.03439625	0.04491307	
470.8	0.0346007	0.04490234	
471	0.03475951	0.04489162	
471.2	0.03503348	0.0448809	
471.4	0.03527689	0.04487018	
471.6	0.03469327	0.04485947	
471.8	0.03462996	0.04484876	
472	0.0343165	0.04483805	
472.2	0.03348507	0.04482734	
472.4	0.03364841	0.04481664	
472.6	0.03335436	0.04480594	
472.8	0.03326762	0.04479524	
473	0.03295109	0.04478454	
473.2	0.03296981	0.04477385	
473.4	0.0331055	0.04476316	
473.6	0.03283259	0.04475247	
473.8	0.03330862	0.04474178	
474	0.03358939	0.0447311	
474.2	0.03392028	0.04472042	
474.4	0.03372153	0.04470974	
474.6	0.03382589	0.04469906	
474.8	0.03407743	0.04468839	
475	0.03421614	0.04467772	
475.2	0.03432478	0.04466705	
475.4	0.03427225	0.04465639	
475.6	0.03392008	0.04464572	
475.8	0.03411006	0.04463506	
476	0.03425667	0.0446244	
476.2	0.0342572	0.04461375	
476.4	0.03453341	0.0446031	
476.6	0.03414465	0.04459244	
476.8	0.03379247	0.0445818	
477	0.03390025	0.04457115	
477.2	0.03338316	0.04456051	
477.4	0.03289701	0.04454987	
477.6	0.03282458	0.04453923	
477.8	0.03289423	0.0445286	
478	0.03333569	0.04451796	
478.2	0.03362936	0.04450733	
478.4	0.03310888	0.04449671	
478.6	0.03286259	0.04448608	
478.8	0.03302165	0.04447546	
479	0.03241134	0.04446484	
479.2	0.0321996	0.04445422	
479.4	0.03265412	0.04444361	
479.6	0.03282771	0.04443299	
479.8	0.03314872	0.04442238	
480	0.033392	0.04441178	
480.2	0.03338826	0.04440117	
480.4	0.03319898	0.04439057	
480.6	0.03315662	0.04437997	
480.8	0.03280772	0.04436937	
481	0.03306027	0.04435878	
481.2	0.03267914	0.04434819	
481.4	0.03305526	0.0443376	
481.6	0.03294653	0.04432701	
481.8	0.03293259	0.04431642	
482	0.03307632	0.04430584	
482.2	0.03234792	0.04429526	
482.4	0.03208266	0.04428469	
482.6	0.03221892	0.04427411	
482.8	0.03197487	0.04426354	
483	0.03201126	0.04425297	
483.2	0.03237709	0.0442424	
483.4	0.03244315	0.04423184	
483.6	0.03231974	0.04422128	
483.8	0.03261269	0.04421072	
484	0.03303296	0.04420016	
484.2	0.03291045	0.04418961	
484.4	0.03320515	0.04417906	
484.6	0.03339771	0.04416851	
484.8	0.03374811	0.04415796	
485	0.03381993	0.04414742	
485.2	0.03407509	0.04413687	
485.4	0.03472107	0.04412633	
485.6	0.03423076	0.0441158	
485.8	0.03420452	0.04410526	
486	0.03416503	0.04409473	
486.2	0.03360363	0.0440842	
486.4	0.03362648	0.04407368	
486.6	0.03373889	0.04406315	
486.8	0.03335155	0.04405263	
487	0.03255621	0.04404211	
487.2	0.0323191	0.0440316	
487.4	0.03202326	0.04402108	
487.6	0.03223128	0.04401057	
487.8	0.03199801	0.04400006	
488	0.03163609	0.04398955	
488.2	0.03117212	0.04397905	
488.4	0.03127905	0.04396855	
488.6	0.03134581	0.04395805	
488.8	0.03136466	0.04394755	
489	0.03163835	0.04393706	
489.2	0.03204713	0.04392657	
489.4	0.03190609	0.04391608	
489.6	0.03196824	0.04390559	
489.8	0.0325186	0.04389511	
490	0.03252733	0.04388463	
490.2	0.03234018	0.04387415	
490.4	0.03230675	0.04386367	
490.6	0.03245094	0.0438532	
490.8	0.03236412	0.04384273	
491	0.03206654	0.04383226	
491.2	0.03251901	0.04382179	
491.4	0.03251709	0.04381133	
491.6	0.03254464	0.04380087	
491.8	0.03176664	0.04379041	
492	0.03174867	0.04377995	
492.2	0.03187241	0.0437695	
492.4	0.03199117	0.04375905	
492.6	0.03221433	0.0437486	
492.8	0.03215178	0.04373815	
493	0.03231765	0.04372771	
493.2	0.03229547	0.04371727	
493.4	0.03245124	0.04370683	
493.6	0.03284793	0.04369639	
493.8	0.03261849	0.04368596	
494	0.0328587	0.04367553	
494.2	0.03284995	0.0436651	
494.4	0.03267894	0.04365467	
494.6	0.03254694	0.04364425	
494.8	0.03290342	0.04363382	
495	0.03270869	0.04362341	
495.2	0.0329026	0.04361299	
495.4	0.03277774	0.04360257	
495.6	0.03282613	0.04359216	
495.8	0.03283245	0.04358175	
496	0.03282696	0.04357135	
496.2	0.03279057	0.04356094	
496.4	0.03231661	0.04355054	
496.6	0.03289809	0.04354014	
496.8	0.03279658	0.04352975	
497	0.03242832	0.04351935	
497.2	0.0328352	0.04350896	
497.4	0.03290241	0.04349857	
497.6	0.03232242	0.04348818	
497.8	0.03195971	0.0434778	
498	0.0321855	0.04346742	
498.2	0.03202832	0.04345704	
498.4	0.03199799	0.04344666	
498.6	0.03200009	0.04343629	
498.8	0.03236735	0.04342592	
499	0.0324812	0.04341555	
499.2	0.03251164	0.04340518	
499.4	0.0321714	0.04339482	
499.6	0.03255816	0.04338445	
499.8	0.03253157	0.04337409	
500	0.03248144	0.04336374	
500.2	0.03246963	0.04335338	
500.4	0.03242546	0.04334303	
500.6	0.03290671	0.04333268	
500.8	0.03296444	0.04332233	
501	0.03261972	0.04331199	
501.2	0.03332922	0.04330165	
501.4	0.03315799	0.04329131	
501.6	0.0322919	0.04328097	
501.8	0.03178072	0.04327064	
502	0.03175997	0.0432603	
502.2	0.03202716	0.04324997	
502.4	0.03158696	0.04323965	
502.6	0.03151939	0.04322932	
502.8	0.03127534	0.043219	
503	0.03063085	0.04320868	
503.2	0.03017885	0.04319836	
503.4	0.02969232	0.04318805	
503.6	0.03017498	0.04317773	
503.8	0.03043641	0.04316742	
504	0.03094785	0.04315712	
504.2	0.03086434	0.04314681	
504.4	0.03115205	0.04313651	
504.6	0.03194063	0.04312621	
504.8	0.03248469	0.04311591	
505	0.03267794	0.04310562	
505.2	0.03281312	0.04309532	
505.4	0.03238725	0.04308503	
505.6	0.03216903	0.04307474	
505.8	0.03202633	0.04306446	
506	0.03226617	0.04305418	
506.2	0.03237475	0.0430439	
506.4	0.03189133	0.04303362	
506.6	0.03171931	0.04302334	
506.8	0.03127227	0.04301307	
507	0.03096076	0.0430028	
507.2	0.0308921	0.04299253	
507.4	0.03081172	0.04298226	
507.6	0.03115813	0.042972	
507.8	0.03116996	0.04296174	
508	0.03099277	0.04295148	
508.2	0.03088078	0.04294122	
508.4	0.03119591	0.04293097	
508.6	0.03130793	0.04292072	
508.8	0.03074621	0.04291047	
509	0.0306899	0.04290022	
509.2	0.02999361	0.04288998	
509.4	0.03005587	0.04287974	
509.6	0.03036758	0.0428695	
509.8	0.03090376	0.04285926	
510	0.03110266	0.04284903	
510.2	0.03179493	0.0428388	
510.4	0.0320838	0.04282857	
510.6	0.03195457	0.04281834	
510.8	0.03236876	0.04280812	
511	0.03235975	0.0427979	
511.2	0.03272063	0.04278768	
511.4	0.03247629	0.04277746	
511.6	0.03205398	0.04276725	
511.8	0.03228949	0.04275703	
512	0.03218526	0.04274682	
512.2	0.03243066	0.04273662	
512.4	0.032279	0.04272641	
512.6	0.03207699	0.04271621	
512.8	0.03180992	0.04270601	
513	0.03139817	0.04269581	
513.2	0.03129804	0.04268562	
513.4	0.03170656	0.04267542	
513.6	0.03193368	0.04266523	
513.8	0.03211822	0.04265505	
514	0.03249845	0.04264486	
514.2	0.03258822	0.04263468	
514.4	0.03204881	0.0426245	
514.6	0.03199619	0.04261432	
514.8	0.0321742	0.04260414	
515	0.0320086	0.04259397	
515.2	0.03193874	0.0425838	
515.4	0.03134584	0.04257363	
515.6	0.03151171	0.04256347	
515.8	0.03199367	0.0425533	
516	0.03151188	0.04254314	
516.2	0.03161375	0.04253298	
516.4	0.03163182	0.04252283	
516.6	0.0317369	0.04251267	
516.8	0.03157462	0.04250252	
517	0.03139952	0.04249237	
517.2	0.03093163	0.04248223	
517.4	0.03095985	0.04247208	
517.6	0.03071284	0.04246194	
517.8	0.03055329	0.0424518	
518	0.02993888	0.04244167	
518.2	0.02933969	0.04243153	
518.4	0.02912012	0.0424214	
518.6	0.02935803	0.04241127	
518.8	0.02942679	0.04240114	
519	0.02971493	0.04239102	
519.2	0.02985482	0.0423809	
519.4	0.02940246	0.04237078	
519.6	0.02965039	0.04236066	
519.8	0.02987651	0.04235054	
520	0.02976321	0.04234043	
520.2	0.03025063	0.04233032	
520.4	0.0306557	0.04232021	
520.6	0.03057041	0.04231011	
520.8	0.0306325	0.04230001	
521	0.03004344	0.0422899	
521.2	0.02941038	0.04227981	
521.4	0.02966617	0.04226971	
521.6	0.02959411	0.04225962	
521.8	0.02916331	0.04224953	
522	0.02857861	0.04223944	
522.2	0.02874354	0.04222935	
522.4	0.02841387	0.04221927	
522.6	0.02889868	0.04220919	
522.8	0.02937634	0.04219911	
523	0.02924829	0.04218903	
523.2	0.0293551	0.04217896	
523.4	0.02884317	0.04216889	
523.6	0.02948607	0.04215882	
523.8	0.02967395	0.04214875	
524	0.03031537	0.04213869	
524.2	0.0305233	0.04212862	
524.4	0.0304975	0.04211856	
524.6	0.03048112	0.04210851	
524.8	0.03047563	0.04209845	
525	0.03013528	0.0420884	
525.2	0.03031193	0.04207835	
525.4	0.03011445	0.0420683	
525.6	0.03026035	0.04205826	
525.8	0.02989211	0.04204821	
526	0.02971553	0.04203817	
526.2	0.02956482	0.04202814	
526.4	0.0296266	0.0420181	
526.6	0.03012834	0.04200807	
526.8	0.02998645	0.04199804	
527	0.02986803	0.04198801	
527.2	0.03036168	0.04197798	
527.4	0.03039497	0.04196796	
527.6	0.03085785	0.04195794	
527.8	0.03100045	0.04194792	
528	0.03125607	0.0419379	
528.2	0.03098104	0.04192789	
528.4	0.03065435	0.04191788	
528.6	0.03037515	0.04190787	
528.8	0.03031868	0.04189786	
529	0.03000074	0.04188786	
529.2	0.02943367	0.04187785	
529.4	0.02876638	0.04186785	
529.6	0.02866918	0.04185786	
529.8	0.02879283	0.04184786	
530	0.02874511	0.04183787	
530.2	0.02852368	0.04182788	
530.4	0.02896766	0.04181789	
530.6	0.02927752	0.04180791	
530.8	0.02914025	0.04179792	
531	0.02952915	0.04178794	
531.2	0.02991047	0.04177796	
531.4	0.02977351	0.04176799	
531.6	0.02981553	0.04175802	
531.8	0.02966862	0.04174804	
532	0.02964887	0.04173808	
532.2	0.02955606	0.04172811	
532.4	0.0287751	0.04171815	
532.6	0.0285099	0.04170818	
532.8	0.02798778	0.04169822	
533	0.02738122	0.04168827	
533.2	0.02656257	0.04167831	
533.4	0.02605768	0.04166836	
533.6	0.02584931	0.04165841	
533.8	0.02588799	0.04164846	
534	0.02556566	0.04163852	
534.2	0.02544727	0.04162858	
534.4	0.02561657	0.04161864	
534.6	0.025716	0.0416087	
534.8	0.02577527	0.04159876	
535	0.02579055	0.04158883	
535.2	0.02621493	0.0415789	
535.4	0.02689656	0.04156897	
535.6	0.02792004	0.04155905	
535.8	0.02799803	0.04154912	
536	0.02856161	0.0415392	
536.2	0.02855768	0.04152928	
536.4	0.02843941	0.04151937	
536.6	0.02864846	0.04150945	
536.8	0.02820988	0.04149954	
537	0.02865669	0.04148963	
537.2	0.0289129	0.04147972	
537.4	0.02928517	0.04146982	
537.6	0.02923267	0.04145992	
537.8	0.02941065	0.04145002	
538	0.02921919	0.04144012	
538.2	0.02912576	0.04143022	
538.4	0.02909929	0.04142033	
538.6	0.0292651	0.04141044	
538.8	0.02911738	0.04140055	
539	0.02903942	0.04139067	
539.2	0.02954259	0.04138078	
539.4	0.02969669	0.0413709	
539.6	0.02950446	0.04136102	
539.8	0.02893754	0.04135115	
