Conc1	2E-08	
Start1	300	
Stop1	539.8	
Kobs	0.00119405508296519	
Error Kobs	0.000104094742100715	
Koff	0	
Error Koff	0	
Time1	Data1	Fit1	
300	0.00660679	0	
300.2	0.00660996	0.0006582	
300.4	0.00697689	0.00131499	
300.6	0.0075465	0.0019704	
300.8	0.00910775	0.00262441	
301	0.01031414	0.00327703	
301.2	0.01194159	0.00392826	
301.4	0.01320778	0.00457812	
301.6	0.01466583	0.00522659	
301.8	0.0158527	0.00587368	
302	0.01689825	0.0065194	
302.2	0.0179303	0.00716375	
302.4	0.0187481	0.00780673	
302.6	0.01920097	0.00844835	
302.8	0.01937837	0.0090886	
303	0.01956575	0.00972749	
303.2	0.02020262	0.01036503	
303.4	0.02107421	0.01100121	
303.6	0.02191265	0.01163604	
303.8	0.02267589	0.01226952	
304	0.02317279	0.01290166	
304.2	0.02355427	0.01353245	
304.4	0.02469633	0.01416191	
304.6	0.02622949	0.01479002	
304.8	0.02824841	0.01541681	
305	0.02883991	0.01604226	
305.2	0.02976023	0.01666638	
305.4	0.02998461	0.01728918	
305.6	0.03043938	0.01791065	
305.8	0.03069399	0.01853081	
306	0.03122171	0.01914965	
306.2	0.03159517	0.01976717	
306.4	0.03184996	0.02038338	
306.6	0.03171432	0.02099828	
306.8	0.031635	0.02161188	
307	0.03135788	0.02222418	
307.2	0.03161127	0.02283517	
307.4	0.03156398	0.02344486	
307.6	0.03197214	0.02405327	
307.8	0.03278576	0.02466037	
308	0.0324084	0.02526619	
308.2	0.03264507	0.02587073	
308.4	0.03358303	0.02647397	
308.6	0.03453275	0.02707594	
308.8	0.03514971	0.02767663	
309	0.03616671	0.02827604	
309.2	0.03710199	0.02887418	
309.4	0.03769478	0.02947105	
309.6	0.03909921	0.03006665	
309.8	0.04004674	0.03066099	
310	0.04099795	0.03125406	
310.2	0.04117888	0.03184588	
310.4	0.04178664	0.03243644	
310.6	0.04200621	0.03302574	
310.8	0.04235882	0.03361379	
311	0.04277391	0.03420059	
311.2	0.04369816	0.03478615	
311.4	0.04404457	0.03537046	
311.6	0.04472552	0.03595354	
311.8	0.04495339	0.03653537	
312	0.04468852	0.03711597	
312.2	0.045873	0.03769533	
312.4	0.04645836	0.03827346	
312.6	0.04720713	0.03885037	
312.8	0.04794713	0.03942605	
313	0.04882269	0.04000051	
313.2	0.04877646	0.04057375	
313.4	0.04926541	0.04114577	
313.6	0.04989684	0.04171657	
313.8	0.04996413	0.04228617	
314	0.0496861	0.04285455	
314.2	0.0495193	0.04342172	
314.4	0.05005459	0.0439877	
314.6	0.0502571	0.04455247	
314.8	0.05089065	0.04511604	
315	0.05131714	0.04567841	
315.2	0.05172601	0.04623959	
315.4	0.05190575	0.04679957	
315.6	0.05223337	0.04735837	
315.8	0.05245057	0.04791598	
316	0.05352872	0.04847241	
316.2	0.05492429	0.04902765	
316.4	0.05577544	0.04958172	
316.6	0.05714857	0.0501346	
316.8	0.05781724	0.05068632	
317	0.05843831	0.05123686	
317.2	0.059165	0.05178623	
317.4	0.06022836	0.05233444	
317.6	0.06083521	0.05288148	
317.8	0.06154364	0.05342736	
318	0.06179891	0.05397208	
318.2	0.06251108	0.05451564	
318.4	0.06272525	0.05505805	
318.6	0.06288144	0.05559931	
318.8	0.062902	0.05613942	
319	0.06305485	0.05667838	
319.2	0.0633271	0.05721619	
319.4	0.06294926	0.05775287	
319.6	0.06266175	0.0582884	
319.8	0.062961	0.05882279	
320	0.0636021	0.05935606	
320.2	0.0639012	0.05988818	
320.4	0.06421467	0.06041918	
320.6	0.06486989	0.06094905	
320.8	0.06499353	0.0614778	
321	0.0651422	0.06200542	
321.2	0.06564185	0.06253192	
321.4	0.06642204	0.0630573	
321.6	0.06705926	0.06358157	
321.8	0.06815348	0.06410472	
322	0.06890698	0.06462677	
322.2	0.06910632	0.0651477	
322.4	0.06945813	0.06566753	
322.6	0.06985584	0.06618625	
322.8	0.06996395	0.06670387	
323	0.07046049	0.06722039	
323.2	0.07043214	0.06773582	
323.4	0.07008059	0.06825015	
323.6	0.07061205	0.06876339	
323.8	0.07120466	0.06927553	
324	0.07117206	0.06978659	
324.2	0.07159804	0.07029657	
324.4	0.07209373	0.07080546	
324.6	0.07266301	0.07131327	
324.8	0.07305372	0.07182	
325	0.07329062	0.07232566	
325.2	0.07416206	0.07283024	
325.4	0.07527305	0.07333375	
325.6	0.07584262	0.07383619	
325.8	0.07690504	0.07433756	
326	0.07717268	0.07483787	
326.2	0.07716399	0.07533712	
326.4	0.07775502	0.0758353	
326.6	0.07774481	0.07633243	
326.8	0.07788463	0.0768285	
327	0.07804983	0.07732352	
327.2	0.07807531	0.07781749	
327.4	0.07882002	0.07831041	
327.6	0.07917338	0.07880228	
327.8	0.07925683	0.0792931	
328	0.07890694	0.07978289	
328.2	0.07954773	0.08027163	
328.4	0.08014504	0.08075933	
328.6	0.0804069	0.081246	
328.8	0.08069101	0.08173164	
329	0.08114311	0.08221624	
329.2	0.08188606	0.08269982	
329.4	0.08271641	0.08318237	
329.6	0.08299325	0.08366389	
329.8	0.08411414	0.08414439	
330	0.08424836	0.08462387	
330.2	0.08482204	0.08510233	
330.4	0.08551559	0.08557978	
330.6	0.0862385	0.08605621	
330.8	0.0862619	0.08653163	
331	0.08670342	0.08700604	
331.2	0.08704948	0.08747944	
331.4	0.08760577	0.08795183	
331.6	0.08797805	0.08842323	
331.8	0.08835087	0.08889362	
332	0.08863662	0.08936301	
332.2	0.08958513	0.08983141	
332.4	0.09011849	0.09029881	
332.6	0.09013846	0.09076522	
332.8	0.09047167	0.09123063	
333	0.09099459	0.09169506	
333.2	0.09181613	0.09215851	
333.4	0.09237334	0.09262096	
333.6	0.09320618	0.09308244	
333.8	0.09394985	0.09354294	
334	0.09399579	0.09400245	
334.2	0.09447301	0.094461	
334.4	0.09500017	0.09491857	
334.6	0.09551169	0.09537516	
334.8	0.09531558	0.09583079	
335	0.09570914	0.09628545	
335.2	0.09545626	0.09673914	
335.4	0.09574032	0.09719187	
335.6	0.09638788	0.09764364	
335.8	0.09637754	0.09809445	
336	0.09669095	0.0985443	
336.2	0.09710735	0.09899319	
336.4	0.09748572	0.09944113	
336.6	0.09731831	0.09988812	
336.8	0.09748765	0.10033417	
337	0.09790679	0.10077926	
337.2	0.09864202	0.10122341	
337.4	0.09881322	0.10166661	
337.6	0.09957796	0.10210888	
337.8	0.09959284	0.1025502	
338	0.10001069	0.10299059	
338.2	0.1005204	0.10343004	
338.4	0.10078992	0.10386856	
338.6	0.10092203	0.10430615	
338.8	0.10132751	0.1047428	
339	0.10145334	0.10517854	
339.2	0.10242766	0.10561334	
339.4	0.10349565	0.10604722	
339.6	0.10394663	0.10648018	
339.8	0.10401709	0.10691222	
340	0.10459306	0.10734334	
340.2	0.10519536	0.10777355	
340.4	0.10598881	0.10820284	
340.6	0.10609843	0.10863123	
340.8	0.10674589	0.1090587	
341	0.10730456	0.10948526	
341.2	0.10733832	0.10991092	
341.4	0.10756377	0.11033567	
341.6	0.10831512	0.11075952	
341.8	0.10802656	0.11118248	
342	0.10867908	0.11160453	
342.2	0.10911465	0.11202568	
342.4	0.10868595	0.11244595	
342.6	0.10917101	0.11286532	
342.8	0.10929796	0.1132838	
343	0.10927798	0.11370139	
343.2	0.10983856	0.11411809	
343.4	0.10997112	0.11453391	
343.6	0.10969706	0.11494884	
343.8	0.10970966	0.11536289	
344	0.11052552	0.11577607	
344.2	0.11112093	0.11618837	
344.4	0.11194324	0.11659979	
344.6	0.1119105	0.11701033	
344.8	0.11280325	0.11742001	
345	0.11336531	0.11782881	
345.2	0.11379792	0.11823675	
345.4	0.11536807	0.11864382	
345.6	0.11648225	0.11905003	
345.8	0.1168254	0.11945537	
346	0.11798393	0.11985985	
346.2	0.11838901	0.12026347	
346.4	0.11819743	0.12066624	
346.6	0.11880833	0.12106815	
346.8	0.11847584	0.12146921	
347	0.11825343	0.12186941	
347.2	0.11851295	0.12226877	
347.4	0.11901276	0.12266727	
347.6	0.11830104	0.12306493	
347.8	0.11803614	0.12346175	
348	0.11852239	0.12385772	
348.2	0.11860112	0.12425285	
348.4	0.1192499	0.12464715	
348.6	0.11961222	0.1250406	
348.8	0.12041236	0.12543322	
349	0.12075443	0.12582501	
349.2	0.12190817	0.12621596	
349.4	0.12297936	0.12660608	
349.6	0.12302231	0.12699538	
349.8	0.12319286	0.12738384	
350	0.12341145	0.12777149	
350.2	0.12382411	0.12815831	
350.4	0.12415454	0.1285443	
350.6	0.12452736	0.12892948	
350.8	0.12404853	0.12931384	
351	0.12405911	0.12969738	
351.2	0.12433595	0.13008011	
351.4	0.12448864	0.13046203	
351.6	0.12371471	0.13084313	
351.8	0.12393822	0.13122343	
352	0.12467862	0.13160292	
352.2	0.12552363	0.1319816	
352.4	0.12671536	0.13235948	
352.6	0.12712437	0.13273655	
352.8	0.12725545	0.13311282	
353	0.12757325	0.1334883	
353.2	0.12830775	0.13386298	
353.4	0.1284265	0.13423686	
353.6	0.12813621	0.13460994	
353.8	0.12850527	0.13498224	
354	0.1293142	0.13535374	
354.2	0.12989472	0.13572446	
354.4	0.13039085	0.13609439	
354.6	0.13079686	0.13646353	
354.8	0.13104661	0.13683189	
355	0.13186726	0.13719946	
355.2	0.13211825	0.13756626	
355.4	0.1327121	0.13793227	
355.6	0.13286329	0.13829751	
355.8	0.13392808	0.13866197	
356	0.1342795	0.13902566	
356.2	0.13501615	0.13938858	
356.4	0.13485854	0.13975072	
356.6	0.13442791	0.1401121	
356.8	0.13410259	0.14047271	
357	0.13422115	0.14083255	
357.2	0.13450515	0.14119163	
357.4	0.13421972	0.14154995	
357.6	0.13378796	0.1419075	
357.8	0.134271	0.1422643	
358	0.13430892	0.14262033	
358.2	0.13424236	0.14297562	
358.4	0.13488527	0.14333014	
358.6	0.13478852	0.14368392	
358.8	0.13512341	0.14403694	
359	0.13541784	0.14438921	
359.2	0.13544432	0.14474074	
359.4	0.13596762	0.14509151	
359.6	0.13658411	0.14544155	
359.8	0.13676302	0.14579084	
360	0.13634379	0.14613938	
360.2	0.1371355	0.14648719	
360.4	0.13737129	0.14683426	
360.6	0.13771421	0.14718059	
360.8	0.13847684	0.14752619	
361	0.13949341	0.14787105	
361.2	0.1399893	0.14821518	
361.4	0.14076096	0.14855858	
361.6	0.14182695	0.14890125	
361.8	0.14233283	0.14924319	
362	0.1423944	0.1495844	
362.2	0.1432989	0.14992489	
362.4	0.14388177	0.15026466	
362.6	0.14436401	0.15060371	
362.8	0.14530832	0.15094203	
363	0.14612831	0.15127964	
363.2	0.1464985	0.15161653	
363.4	0.14683457	0.1519527	
363.6	0.14735293	0.15228816	
363.8	0.14666756	0.15262291	
364	0.14670382	0.15295695	
364.2	0.14725846	0.15329027	
364.4	0.14728011	0.15362289	
364.6	0.14691171	0.15395481	
364.8	0.1471493	0.15428601	
365	0.14742588	0.15461652	
365.2	0.1475006	0.15494632	
365.4	0.14777565	0.15527542	
365.6	0.14785836	0.15560383	
365.8	0.14763709	0.15593153	
366	0.14738853	0.15625854	
366.2	0.14835423	0.15658486	
366.4	0.14907923	0.15691048	
366.6	0.15004621	0.15723541	
366.8	0.15072603	0.15755965	
367	0.15111406	0.1578832	
367.2	0.15102724	0.15820606	
367.4	0.15122407	0.15852824	
367.6	0.15156849	0.15884974	
367.8	0.15142149	0.15917055	
368	0.15158928	0.15949068	
368.2	0.1520348	0.15981013	
368.4	0.15205526	0.1601289	
368.6	0.15213744	0.160447	
368.8	0.15281363	0.16076441	
369	0.15330506	0.16108116	
369.2	0.15408251	0.16139723	
369.4	0.154804	0.16171263	
369.6	0.15532846	0.16202736	
369.8	0.1559488	0.16234143	
370	0.15692562	0.16265482	
370.2	0.15811799	0.16296755	
370.4	0.15886322	0.16327962	
370.6	0.15972952	0.16359102	
370.8	0.1605562	0.16390176	
371	0.16095604	0.16421184	
371.2	0.16132652	0.16452126	
371.4	0.16179094	0.16483003	
371.6	0.1619881	0.16513814	
371.8	0.16197056	0.1654456	
372	0.16203189	0.1657524	
372.2	0.16240125	0.16605855	
372.4	0.16253521	0.16636405	
372.6	0.1624342	0.1666689	
372.8	0.16197691	0.1669731	
373	0.16175506	0.16727666	
373.2	0.16205467	0.16757958	
373.4	0.16164407	0.16788185	
373.6	0.16151372	0.16818347	
373.8	0.16162152	0.16848446	
374	0.16201208	0.16878481	
374.2	0.16191707	0.16908452	
374.4	0.16238715	0.16938359	
374.6	0.16326699	0.16968203	
374.8	0.16373042	0.16997984	
375	0.16402395	0.17027701	
375.2	0.16416558	0.17057355	
375.4	0.16467724	0.17086946	
375.6	0.16482754	0.17116474	
375.8	0.16587968	0.1714594	
376	0.16680281	0.17175343	
376.2	0.16753675	0.17204683	
376.4	0.16848991	0.17233961	
376.6	0.16799424	0.17263177	
376.8	0.16829591	0.17292331	
377	0.16889144	0.17321423	
377.2	0.16939806	0.17350454	
377.4	0.16977508	0.17379422	
377.6	0.17023536	0.17408329	
377.8	0.17007665	0.17437175	
378	0.17061197	0.17465959	
378.2	0.17138796	0.17494683	
378.4	0.17191675	0.17523345	
378.6	0.17240674	0.17551946	
378.8	0.17273541	0.17580487	
379	0.17250501	0.17608967	
379.2	0.17289002	0.17637386	
379.4	0.1734862	0.17665746	
379.6	0.17366938	0.17694045	
379.8	0.17428655	0.17722283	
380	0.17476849	0.17750462	
380.2	0.1750807	0.17778581	
380.4	0.17523717	0.1780664	
380.6	0.17451517	0.1783464	
380.8	0.17524299	0.1786258	
381	0.17564538	0.17890461	
381.2	0.17614823	0.17918283	
381.4	0.17649801	0.17946045	
381.6	0.17655926	0.17973749	
381.8	0.17624538	0.18001394	
382	0.1766241	0.1802898	
382.2	0.17708579	0.18056507	
382.4	0.17739631	0.18083976	
382.6	0.17761081	0.18111387	
382.8	0.17780352	0.18138739	
383	0.17760958	0.18166034	
383.2	0.17780387	0.1819327	
383.4	0.17755865	0.18220449	
383.6	0.17770627	0.18247569	
383.8	0.17776485	0.18274632	
384	0.17811689	0.18301638	
384.2	0.17789671	0.18328587	
384.4	0.1780156	0.18355478	
384.6	0.17849755	0.18382312	
384.8	0.17888142	0.18409089	
385	0.17953374	0.18435809	
385.2	0.17996318	0.18462472	
385.4	0.18012662	0.18489079	
385.6	0.18082338	0.18515629	
385.8	0.18137482	0.18542123	
386	0.18216835	0.18568561	
386.2	0.18266447	0.18594942	
386.4	0.1836846	0.18621267	
386.6	0.18417799	0.18647537	
386.8	0.1845621	0.1867375	
387	0.18502035	0.18699909	
387.2	0.18519034	0.18726011	
387.4	0.18620559	0.18752058	
387.6	0.18698862	0.1877805	
387.8	0.18723284	0.18803986	
388	0.1871606	0.18829868	
388.2	0.18725232	0.18855694	
388.4	0.1877482	0.18881466	
388.6	0.1879143	0.18907182	
388.8	0.18781579	0.18932845	
389	0.18868587	0.18958452	
389.2	0.18898765	0.18984006	
389.4	0.18935485	0.19009505	
389.6	0.18974842	0.1903495	
389.8	0.18982998	0.1906034	
390	0.18978383	0.19085677	
390.2	0.18979773	0.1911096	
390.4	0.19034503	0.1913619	
390.6	0.1907576	0.19161366	
390.8	0.19118882	0.19186488	
391	0.19156909	0.19211557	
391.2	0.19214641	0.19236573	
391.4	0.19316393	0.19261535	
391.6	0.193103	0.19286445	
391.8	0.19323393	0.19311302	
392	0.19313432	0.19336106	
392.2	0.19394396	0.19360857	
392.4	0.19456493	0.19385555	
392.6	0.19486377	0.19410202	
392.8	0.19568154	0.19434795	
393	0.19612231	0.19459337	
393.2	0.19576117	0.19483827	
393.4	0.19542812	0.19508264	
393.6	0.19532969	0.1953265	
393.8	0.19561949	0.19556983	
394	0.1961383	0.19581265	
394.2	0.19614907	0.19605496	
394.4	0.19625069	0.19629675	
394.6	0.19648998	0.19653803	
394.8	0.19644357	0.19677879	
395	0.19715572	0.19701904	
395.2	0.1975912	0.19725879	
395.4	0.19802913	0.19749802	
395.6	0.19778642	0.19773675	
395.8	0.19818625	0.19797497	
396	0.19867835	0.19821268	
396.2	0.19949314	0.19844989	
396.4	0.20008751	0.19868659	
396.6	0.20072693	0.19892279	
396.8	0.20119397	0.19915849	
397	0.20097311	0.19939369	
397.2	0.20107006	0.19962839	
397.4	0.20115352	0.19986259	
397.6	0.20185346	0.20009629	
397.8	0.20211119	0.2003295	
398	0.20187791	0.20056221	
398.2	0.20160507	0.20079443	
398.4	0.20197984	0.20102615	
398.6	0.20206884	0.20125739	
398.8	0.20251392	0.20148813	
399	0.20292675	0.20171838	
399.2	0.2025734	0.20194814	
399.4	0.20275344	0.20217741	
399.6	0.20291196	0.2024062	
399.8	0.20343595	0.2026345	
400	0.20451122	0.20286232	
400.2	0.2048889	0.20308965	
400.4	0.20569026	0.2033165	
400.6	0.2064427	0.20354287	
400.8	0.20730715	0.20376875	
401	0.20792163	0.20399416	
401.2	0.20863203	0.20421909	
401.4	0.20894764	0.20444354	
401.6	0.20968452	0.20466751	
401.8	0.21005114	0.20489101	
402	0.21023512	0.20511403	
402.2	0.21199901	0.20533658	
402.4	0.21309096	0.20555866	
402.6	0.21317843	0.20578027	
402.8	0.21334489	0.2060014	
403	0.21341791	0.20622207	
403.2	0.21335775	0.20644226	
403.4	0.21364386	0.20666199	
403.6	0.21371981	0.20688125	
403.8	0.21371617	0.20710005	
404	0.21390648	0.20731838	
404.2	0.21308677	0.20753625	
404.4	0.21334073	0.20775365	
404.6	0.21348523	0.2079706	
404.8	0.21374552	0.20818708	
405	0.21351056	0.2084031	
405.2	0.21360742	0.20861867	
405.4	0.21359445	0.20883377	
405.6	0.21441483	0.20904842	
405.8	0.21558826	0.20926262	
406	0.21601092	0.20947635	
406.2	0.21716623	0.20968964	
406.4	0.21719887	0.20990247	
406.6	0.21728325	0.21011485	
406.8	0.21704901	0.21032678	
407	0.21749683	0.21053826	
407.2	0.21747492	0.21074929	
407.4	0.21782924	0.21095987	
407.6	0.21796206	0.21117	
407.8	0.21800951	0.21137969	
408	0.21869456	0.21158893	
408.2	0.21857325	0.21179773	
408.4	0.21907388	0.21200608	
408.6	0.21914758	0.21221399	
408.8	0.21998486	0.21242146	
409	0.22043738	0.21262849	
409.2	0.22100437	0.21283508	
409.4	0.22165438	0.21304123	
409.6	0.22250827	0.21324695	
409.8	0.22294356	0.21345222	
410	0.22310763	0.21365706	
410.2	0.22381933	0.21386147	
410.4	0.22390698	0.21406544	
410.6	0.22431573	0.21426898	
410.8	0.22419973	0.21447208	
411	0.22500175	0.21467476	
411.2	0.22525224	0.214877	
411.4	0.22541345	0.21507881	
411.6	0.22547868	0.2152802	
411.8	0.22588437	0.21548116	
412	0.22670238	0.21568169	
412.2	0.22660588	0.21588179	
412.4	0.22646559	0.21608147	
412.6	0.22678319	0.21628073	
412.8	0.22739333	0.21647956	
413	0.22709808	0.21667797	
413.2	0.22705047	0.21687596	
413.4	0.22755692	0.21707353	
413.6	0.22810122	0.21727068	
413.8	0.22852862	0.21746741	
414	0.22877761	0.21766372	
414.2	0.22889177	0.21785961	
414.4	0.22907126	0.21805509	
414.6	0.22993666	0.21825016	
414.8	0.23033914	0.21844481	
415	0.23074882	0.21863904	
415.2	0.23094225	0.21883287	
415.4	0.23089765	0.21902628	
415.6	0.23106564	0.21921928	
415.8	0.23138543	0.21941187	
416	0.23144624	0.21960405	
416.2	0.23128424	0.21979583	
416.4	0.23136049	0.21998719	
416.6	0.23188618	0.22017815	
416.8	0.23179004	0.22036871	
417	0.23171971	0.22055886	
417.2	0.23186021	0.22074861	
417.4	0.23230729	0.22093795	
417.6	0.23244965	0.22112689	
417.8	0.23203079	0.22131543	
418	0.23188087	0.22150357	
418.2	0.23240698	0.22169131	
418.4	0.2331387	0.22187865	
418.6	0.23403857	0.22206559	
418.8	0.23468097	0.22225214	
419	0.23535256	0.22243829	
419.2	0.23626243	0.22262404	
419.4	0.23693687	0.2228094	
419.6	0.23761674	0.22299437	
419.8	0.23840866	0.22317894	
420	0.23142351	0.22336405	
420.2	0.23138374	0.22331071	
420.4	0.23122411	0.22325739	
420.6	0.2306537	0.22320408	
420.8	0.23036524	0.22315078	
421	0.23014011	0.2230975	
421.2	0.22946257	0.22304423	
421.4	0.22896148	0.22299097	
421.6	0.22838755	0.22293772	
421.8	0.22751024	0.22288449	
422	0.22733412	0.22283127	
422.2	0.22676991	0.22277806	
422.4	0.22588635	0.22272486	
422.6	0.22542641	0.22267168	
422.8	0.22460726	0.22261851	
423	0.22398689	0.22256535	
423.2	0.22334894	0.22251221	
423.4	0.22284799	0.22245908	
423.6	0.22223227	0.22240596	
423.8	0.22162714	0.22235285	
424	0.22177605	0.22229976	
424.2	0.22155702	0.22224668	
424.4	0.22146451	0.22219361	
424.6	0.22074746	0.22214055	
424.8	0.22055912	0.22208751	
425	0.22019325	0.22203448	
425.2	0.21970934	0.22198146	
425.4	0.21987454	0.22192845	
425.6	0.21956811	0.22187546	
425.8	0.21901219	0.22182248	
426	0.21879589	0.22176952	
426.2	0.21843599	0.22171656	
426.4	0.21825229	0.22166362	
426.6	0.21844431	0.22161069	
426.8	0.2180372	0.22155777	
427	0.21751945	0.22150487	
427.2	0.21725911	0.22145198	
427.4	0.21698964	0.2213991	
427.6	0.21680798	0.22134623	
427.8	0.21629021	0.22129338	
428	0.2164138	0.22124054	
428.2	0.21587121	0.22118771	
428.4	0.21549712	0.22113489	
428.6	0.21483434	0.22108209	
428.8	0.21407121	0.2210293	
429	0.21399437	0.22097652	
429.2	0.21341803	0.22092376	
429.4	0.21313623	0.220871	
429.6	0.21251957	0.22081826	
429.8	0.21232236	0.22076554	
430	0.21252006	0.22071282	
430.2	0.21290646	0.22066012	
430.4	0.21311905	0.22060743	
430.6	0.21362629	0.22055475	
430.8	0.21358391	0.22050209	
431	0.2141246	0.22044943	
431.2	0.21442546	0.2203968	
431.4	0.21509529	0.22034417	
431.6	0.21544762	0.22029155	
431.8	0.21588788	0.22023895	
432	0.21617269	0.22018636	
432.2	0.21637025	0.22013379	
432.4	0.21621829	0.22008122	
432.6	0.21626105	0.22002867	
432.8	0.21572699	0.21997613	
433	0.21573398	0.21992361	
433.2	0.21514484	0.21987109	
433.4	0.2151395	0.21981859	
433.6	0.21557593	0.2197661	
433.8	0.21555141	0.21971362	
434	0.21505363	0.21966116	
434.2	0.21406986	0.21960871	
434.4	0.21396222	0.21955627	
434.6	0.21363361	0.21950384	
434.8	0.21349439	0.21945143	
435	0.2130126	0.21939903	
435.2	0.21216398	0.21934664	
435.4	0.21207145	0.21929427	
435.6	0.2115187	0.2192419	
435.8	0.21085195	0.21918955	
436	0.21018872	0.21913721	
436.2	0.20998082	0.21908489	
436.4	0.20977389	0.21903257	
436.6	0.20985199	0.21898027	
436.8	0.20959964	0.21892798	
437	0.20944197	0.21887571	
437.2	0.20971938	0.21882344	
437.4	0.21025471	0.21877119	
437.6	0.21033162	0.21871895	
437.8	0.20984876	0.21866673	
438	0.20995453	0.21861451	
438.2	0.2102325	0.21856231	
438.4	0.21065732	0.21851012	
438.6	0.2106301	0.21845795	
438.8	0.21119896	0.21840578	
439	0.21059709	0.21835363	
439.2	0.21028755	0.21830149	
439.4	0.2100479	0.21824936	
439.6	0.20947368	0.21819725	
439.8	0.20981818	0.21814515	
440	0.21001044	0.21809306	
440.2	0.21034444	0.21804098	
440.4	0.21098618	0.21798892	
440.6	0.21097046	0.21793687	
440.8	0.21028024	0.21788483	
441	0.21006063	0.2178328	
441.2	0.21005132	0.21778079	
441.4	0.2100735	0.21772878	
441.6	0.21019614	0.21767679	
441.8	0.21037035	0.21762482	
442	0.21085399	0.21757285	
442.2	0.21050793	0.2175209	
442.4	0.21009172	0.21746896	
442.6	0.20984505	0.21741703	
442.8	0.20944833	0.21736511	
443	0.20864166	0.21731321	
443.2	0.20851658	0.21726132	
443.4	0.20847825	0.21720944	
443.6	0.2086407	0.21715758	
443.8	0.20873268	0.21710572	
444	0.20852038	0.21705388	
444.2	0.20840902	0.21700205	
444.4	0.20833163	0.21695024	
444.6	0.20782151	0.21689843	
444.8	0.20795257	0.21684664	
445	0.20857017	0.21679486	
445.2	0.20862263	0.2167431	
445.4	0.20923419	0.21669134	
445.6	0.20988925	0.2166396	
445.8	0.2102868	0.21658787	
446	0.21093362	0.21653615	
446.2	0.21069247	0.21648445	
446.4	0.21083006	0.21643275	
446.6	0.21064684	0.21638107	
446.8	0.21017537	0.21632941	
447	0.21005865	0.21627775	
447.2	0.20994228	0.21622611	
447.4	0.20984667	0.21617448	
447.6	0.20934447	0.21612286	
447.8	0.20869948	0.21607125	
448	0.20858154	0.21601966	
448.2	0.20809687	0.21596808	
448.4	0.20842429	0.21591651	
448.6	0.20856816	0.21586495	
448.8	0.20920176	0.2158134	
449	0.2090799	0.21576187	
449.2	0.20920396	0.21571035	
449.4	0.20906344	0.21565884	
449.6	0.20946582	0.21560735	
449.8	0.20966083	0.21555587	
450	0.20918454	0.21550439	
450.2	0.20871477	0.21545294	
450.4	0.208733	0.21540149	
450.6	0.20820963	0.21535005	
450.8	0.2078015	0.21529863	
451	0.20768787	0.21524722	
451.2	0.20816347	0.21519583	
451.4	0.20821202	0.21514444	
451.6	0.20843432	0.21509307	
451.8	0.20881394	0.21504171	
452	0.20890178	0.21499036	
452.2	0.20911507	0.21493902	
452.4	0.2096829	0.2148877	
452.6	0.20986261	0.21483639	
452.8	0.2103988	0.21478509	
453	0.21046098	0.2147338	
453.2	0.21074776	0.21468253	
453.4	0.20976012	0.21463127	
453.6	0.20977354	0.21458002	
453.8	0.20920499	0.21452878	
454	0.20819192	0.21447755	
454.2	0.20778535	0.21442634	
454.4	0.20734757	0.21437514	
454.6	0.2070528	0.21432395	
454.8	0.20676902	0.21427277	
455	0.20611021	0.21422161	
455.2	0.20616697	0.21417045	
455.4	0.20607763	0.21411931	
455.6	0.20616735	0.21406819	
455.8	0.20598682	0.21401707	
456	0.20567356	0.21396597	
456.2	0.20602535	0.21391488	
456.4	0.20659091	0.2138638	
456.6	0.20668993	0.21381273	
456.8	0.20687585	0.21376167	
457	0.20651277	0.21371063	
457.2	0.20682345	0.2136596	
457.4	0.2066592	0.21360858	
457.6	0.20729302	0.21355758	
457.8	0.20754861	0.21350658	
458	0.20760662	0.2134556	
458.2	0.20856699	0.21340463	
458.4	0.20944722	0.21335368	
458.6	0.21002921	0.21330273	
458.8	0.21032357	0.2132518	
459	0.21039821	0.21320088	
459.2	0.21122205	0.21314997	
459.4	0.21118912	0.21309907	
459.6	0.21072491	0.21304819	
459.8	0.21013804	0.21299732	
460	0.2094436	0.21294645	
460.2	0.20932189	0.21289561	
460.4	0.20863987	0.21284477	
460.6	0.2076986	0.21279395	
460.8	0.20691037	0.21274314	
461	0.20613659	0.21269234	
461.2	0.20600123	0.21264155	
461.4	0.20581408	0.21259077	
461.6	0.20573529	0.21254001	
461.8	0.20554219	0.21248926	
462	0.20545802	0.21243852	
462.2	0.2060011	0.2123878	
462.4	0.2055585	0.21233708	
462.6	0.20574168	0.21228638	
462.8	0.20626958	0.21223569	
463	0.20637806	0.21218501	
463.2	0.20617212	0.21213434	
463.4	0.20557312	0.21208369	
463.6	0.20590545	0.21203305	
463.8	0.20574517	0.21198242	
464	0.20617519	0.2119318	
464.2	0.20676515	0.2118812	
464.4	0.20703966	0.2118306	
464.6	0.20749295	0.21178002	
464.8	0.20795054	0.21172945	
465	0.20848139	0.21167889	
465.2	0.20890101	0.21162835	
465.4	0.20889449	0.21157782	
465.6	0.20890159	0.21152729	
465.8	0.20917584	0.21147679	
466	0.20906663	0.21142629	
466.2	0.20959315	0.2113758	
466.4	0.20952737	0.21132533	
466.6	0.20969008	0.21127487	
466.8	0.20981128	0.21122442	
467	0.20943703	0.21117398	
467.2	0.20893711	0.21112356	
467.4	0.20897796	0.21107315	
467.6	0.20941041	0.21102275	
467.8	0.20888889	0.21097236	
468	0.20852743	0.21092198	
468.2	0.20805126	0.21087162	
468.4	0.20781748	0.21082126	
468.6	0.20741201	0.21077092	
468.8	0.20661344	0.2107206	
469	0.2065181	0.21067028	
469.2	0.20579334	0.21061997	
469.4	0.20555019	0.21056968	
469.6	0.20537072	0.2105194	
469.8	0.2054714	0.21046913	
470	0.20527657	0.21041888	
470.2	0.20569154	0.21036863	
470.4	0.20562821	0.2103184	
470.6	0.2057554	0.21026818	
470.8	0.20628781	0.21021797	
471	0.20654563	0.21016778	
471.2	0.20668448	0.21011759	
471.4	0.20688798	0.21006742	
471.6	0.20716289	0.21001726	
471.8	0.20698373	0.20996711	
472	0.20714471	0.20991697	
472.2	0.20682051	0.20986685	
472.4	0.2068922	0.20981674	
472.6	0.2066246	0.20976664	
472.8	0.20643556	0.20971655	
473	0.20653552	0.20966647	
473.2	0.20597792	0.20961641	
473.4	0.20612859	0.20956635	
473.6	0.20593252	0.20951631	
473.8	0.2061825	0.20946628	
474	0.2059492	0.20941627	
474.2	0.2062185	0.20936626	
474.4	0.20625084	0.20931627	
474.6	0.20685821	0.20926629	
474.8	0.20649091	0.20921632	
475	0.20700982	0.20916636	
475.2	0.2070886	0.20911642	
475.4	0.20733752	0.20906648	
475.6	0.20741358	0.20901656	
475.8	0.20765438	0.20896665	
476	0.20814214	0.20891675	
476.2	0.20755941	0.20886687	
476.4	0.20813473	0.20881699	
476.6	0.20812739	0.20876713	
476.8	0.20779402	0.20871728	
477	0.20764517	0.20866745	
477.2	0.20764828	0.20861762	
477.4	0.20823405	0.2085678	
477.6	0.20830828	0.208518	
477.8	0.20823261	0.20846821	
478	0.20775828	0.20841843	
478.2	0.20813098	0.20836867	
478.4	0.2082859	0.20831891	
478.6	0.20854451	0.20826917	
478.8	0.20874957	0.20821944	
479	0.2097319	0.20816972	
479.2	0.21014148	0.20812001	
479.4	0.21010841	0.20807032	
479.6	0.20983131	0.20802063	
479.8	0.21004787	0.20797096	
480	0.2104363	0.2079213	
480.2	0.20918476	0.20787165	
480.4	0.20912476	0.20782202	
480.6	0.20869921	0.20777239	
480.8	0.20786214	0.20772278	
481	0.20790007	0.20767318	
481.2	0.2074227	0.20762359	
481.4	0.20687867	0.20757401	
481.6	0.2059237	0.20752445	
481.8	0.20528364	0.2074749	
482	0.20498666	0.20742535	
482.2	0.205111	0.20737582	
482.4	0.20501912	0.20732631	
482.6	0.20532782	0.2072768	
482.8	0.20570778	0.20722731	
483	0.20597075	0.20717782	
483.2	0.20625095	0.20712835	
483.4	0.20601618	0.2070789	
483.6	0.20588138	0.20702945	
483.8	0.20638744	0.20698001	
484	0.20652244	0.20693059	
484.2	0.2063196	0.20688118	
484.4	0.2068329	0.20683178	
484.6	0.20695159	0.20678239	
484.8	0.20683058	0.20673302	
485	0.20693557	0.20668365	
485.2	0.20713622	0.2066343	
485.4	0.20677037	0.20658496	
485.6	0.2065265	0.20653563	
485.8	0.20654904	0.20648631	
486	0.20682641	0.20643701	
486.2	0.20668997	0.20638771	
486.4	0.20658782	0.20633843	
486.6	0.2062549	0.20628916	
486.8	0.20588219	0.2062399	
487	0.20582846	0.20619066	
487.2	0.20582577	0.20614142	
487.4	0.20514362	0.2060922	
487.6	0.20490013	0.20604299	
487.8	0.20452956	0.20599379	
488	0.20358079	0.2059446	
488.2	0.20339127	0.20589543	
488.4	0.20304488	0.20584626	
488.6	0.20260358	0.20579711	
488.8	0.20238613	0.20574797	
489	0.20255454	0.20569884	
489.2	0.20277438	0.20564972	
489.4	0.2026277	0.20560062	
489.6	0.20289963	0.20555152	
489.8	0.20360351	0.20550244	
490	0.20408604	0.20545337	
490.2	0.20449231	0.20540431	
490.4	0.20512773	0.20535526	
490.6	0.20542942	0.20530623	
490.8	0.20622804	0.20525721	
491	0.20703589	0.20520819	
491.2	0.20694014	0.20515919	
491.4	0.20695156	0.2051102	
491.6	0.20682133	0.20506123	
491.8	0.20621884	0.20501226	
492	0.20591627	0.20496331	
492.2	0.20605466	0.20491437	
492.4	0.20611475	0.20486544	
492.6	0.2058648	0.20481652	
492.8	0.20580343	0.20476761	
493	0.20549252	0.20471872	
493.2	0.20481735	0.20466984	
493.4	0.20508039	0.20462096	
493.6	0.20525279	0.2045721	
493.8	0.20535174	0.20452326	
494	0.20518873	0.20447442	
494.2	0.20494375	0.20442559	
494.4	0.20513273	0.20437678	
494.6	0.20485399	0.20432798	
494.8	0.20515459	0.20427919	
495	0.20537595	0.20423041	
495.2	0.20530913	0.20418164	
495.4	0.20548212	0.20413289	
495.6	0.20561971	0.20408415	
495.8	0.20606547	0.20403541	
496	0.20584589	0.20398669	
496.2	0.20565866	0.20393799	
496.4	0.20560716	0.20388929	
496.6	0.20571282	0.2038406	
496.8	0.20604066	0.20379193	
497	0.20618292	0.20374327	
497.2	0.20608862	0.20369462	
497.4	0.20655007	0.20364598	
497.6	0.20677762	0.20359735	
497.8	0.20676449	0.20354874	
498	0.2064524	0.20350013	
498.2	0.20601196	0.20345154	
498.4	0.20616826	0.20340296	
498.6	0.20631364	0.20335439	
498.8	0.2065732	0.20330583	
499	0.20673563	0.20325729	
499.2	0.20672983	0.20320875	
499.4	0.20657535	0.20316023	
499.6	0.20732209	0.20311172	
499.8	0.20752166	0.20306322	
500	0.20664128	0.20301473	
500.2	0.20655216	0.20296626	
500.4	0.20644926	0.20291779	
500.6	0.20637898	0.20286934	
500.8	0.20647956	0.2028209	
501	0.20620795	0.20277247	
501.2	0.20571256	0.20272405	
501.4	0.20579208	0.20267564	
501.6	0.20536783	0.20262724	
501.8	0.20517402	0.20257886	
502	0.20445624	0.20253049	
502.2	0.2038044	0.20248213	
502.4	0.20384541	0.20243378	
502.6	0.20426578	0.20238544	
502.8	0.20431205	0.20233711	
503	0.20423291	0.2022888	
503.2	0.20420762	0.2022405	
503.4	0.20481498	0.20219221	
503.6	0.20594296	0.20214393	
503.8	0.20608985	0.20209566	
504	0.20593362	0.2020474	
504.2	0.20610316	0.20199916	
504.4	0.20601233	0.20195092	
504.6	0.20612525	0.2019027	
504.8	0.20674787	0.20185449	
505	0.20725061	0.20180629	
505.2	0.20720737	0.2017581	
505.4	0.20736442	0.20170992	
505.6	0.20701757	0.20166176	
505.8	0.20723919	0.20161361	
506	0.20670794	0.20156546	
506.2	0.2066218	0.20151733	
506.4	0.20673178	0.20146922	
506.6	0.20704262	0.20142111	
506.8	0.20712103	0.20137301	
507	0.20675713	0.20132493	
507.2	0.20679742	0.20127686	
507.4	0.20735931	0.20122879	
507.6	0.20700621	0.20118074	
507.8	0.20611282	0.20113271	
508	0.20605337	0.20108468	
508.2	0.20595355	0.20103666	
508.4	0.2054335	0.20098866	
508.6	0.20516107	0.20094067	
508.8	0.20474968	0.20089269	
509	0.20448791	0.20084472	
509.2	0.20364371	0.20079676	
509.4	0.20315769	0.20074881	
509.6	0.2030231	0.20070088	
509.8	0.20267134	0.20065295	
510	0.20222849	0.20060504	
510.2	0.2022226	0.20055714	
510.4	0.20240861	0.20050925	
510.6	0.20334133	0.20046137	
510.8	0.20359314	0.2004135	
511	0.20375824	0.20036565	
511.2	0.20367519	0.2003178	
511.4	0.20371203	0.20026997	
511.6	0.20339358	0.20022215	
511.8	0.20383487	0.20017434	
512	0.20477775	0.20012654	
512.2	0.20514428	0.20007876	
512.4	0.20552574	0.20003098	
512.6	0.20587615	0.19998322	
512.8	0.2059972	0.19993547	
513	0.2065937	0.19988772	
513.2	0.20646616	0.19983999	
513.4	0.20657148	0.19979228	
513.6	0.20694633	0.19974457	
513.8	0.20680011	0.19969687	
514	0.20675852	0.19964919	
514.2	0.20691967	0.19960152	
514.4	0.20731959	0.19955386	
514.6	0.20750107	0.19950621	
514.8	0.20703493	0.19945857	
515	0.20698545	0.19941094	
515.2	0.20666863	0.19936332	
515.4	0.20692798	0.19931572	
515.6	0.2066609	0.19926813	
515.8	0.20649115	0.19922054	
516	0.2062379	0.19917297	
516.2	0.20593054	0.19912542	
516.4	0.20584229	0.19907787	
516.6	0.20516963	0.19903033	
516.8	0.20514858	0.19898281	
517	0.20516454	0.19893529	
517.2	0.20447827	0.19888779	
517.4	0.20406415	0.1988403	
517.6	0.20415505	0.19879282	
517.8	0.20423078	0.19874535	
518	0.20440911	0.19869789	
518.2	0.2052912	0.19865045	
518.4	0.20504516	0.19860301	
518.6	0.20526523	0.19855559	
518.8	0.2050717	0.19850818	
519	0.20467809	0.19846078	
519.2	0.20472089	0.19841339	
519.4	0.20447848	0.19836601	
519.6	0.20389951	0.19831865	
519.8	0.20376249	0.19827129	
520	0.20338738	0.19822395	
520.2	0.20364165	0.19817662	
520.4	0.2038773	0.19812929	
520.6	0.20440038	0.19808199	
520.8	0.20524259	0.19803469	
521	0.20555057	0.1979874	
521.2	0.20584405	0.19794012	
521.4	0.20613397	0.19789286	
521.6	0.20679895	0.19784561	
521.8	0.20738993	0.19779836	
522	0.20763443	0.19775113	
522.2	0.20774454	0.19770391	
522.4	0.20687069	0.1976567	
522.6	0.20731908	0.19760951	
522.8	0.206388	0.19756232	
523	0.20591524	0.19751515	
523.2	0.20653715	0.19746798	
523.4	0.20601725	0.19742083	
523.6	0.20583092	0.19737369	
523.8	0.20534997	0.19732656	
524	0.20491027	0.19727944	
524.2	0.20533468	0.19723234	
524.4	0.20558307	0.19718524	
524.6	0.20599004	0.19713816	
524.8	0.20633514	0.19709108	
525	0.20633164	0.19704402	
525.2	0.20589673	0.19699697	
525.4	0.20523888	0.19694993	
525.6	0.2047696	0.1969029	
525.8	0.20469196	0.19685589	
526	0.2039528	0.19680888	
526.2	0.20357638	0.19676189	
526.4	0.20308199	0.1967149	
526.6	0.20293663	0.19666793	
526.8	0.20208323	0.19662097	
527	0.20198619	0.19657402	
527.2	0.20171901	0.19652708	
527.4	0.20090711	0.19648016	
527.6	0.20124712	0.19643324	
527.8	0.2013575	0.19638633	
528	0.20184007	0.19633944	
528.2	0.20272127	0.19629256	
528.4	0.20337976	0.19624569	
528.6	0.20400689	0.19619883	
528.8	0.20491028	0.19615198	
529	0.20556293	0.19610514	
529.2	0.20573779	0.19605831	
529.4	0.20584721	0.1960115	
529.6	0.20609785	0.19596469	
529.8	0.20667002	0.1959179	
530	0.20624515	0.19587112	
530.2	0.20626912	0.19582435	
530.4	0.20593645	0.19577759	
530.6	0.20572125	0.19573084	
530.8	0.20542194	0.1956841	
531	0.20504431	0.19563738	
531.2	0.20452786	0.19559066	
531.4	0.20399079	0.19554396	
531.6	0.20384958	0.19549727	
531.8	0.20347133	0.19545059	
532	0.20336444	0.19540392	
532.2	0.20302867	0.19535726	
532.4	0.20317924	0.19531061	
532.6	0.20359875	0.19526397	
532.8	0.20380232	0.19521735	
533	0.20406476	0.19517073	
533.2	0.20445213	0.19512413	
533.4	0.20433077	0.19507754	
533.6	0.20461957	0.19503096	
533.8	0.20505514	0.19498439	
534	0.2047946	0.19493783	
534.2	0.20488728	0.19489128	
534.4	0.20495128	0.19484474	
534.6	0.20522637	0.19479822	
534.8	0.205309	0.1947517	
535	0.20486952	0.1947052	
535.2	0.20440305	0.19465871	
535.4	0.20377361	0.19461223	
535.6	0.20381094	0.19456576	
535.8	0.20378151	0.1945193	
536	0.20370737	0.19447285	
536.2	0.20345695	0.19442641	
536.4	0.20399023	0.19437999	
536.6	0.20419238	0.19433357	
536.8	0.20409027	0.19428717	
537	0.20457509	0.19424078	
537.2	0.20505192	0.1941944	
537.4	0.20519705	0.19414803	
537.6	0.20510252	0.19410167	
537.8	0.20525197	0.19405532	
538	0.20507906	0.19400898	
538.2	0.20522084	0.19396266	
538.4	0.20538945	0.19391634	
538.6	0.20540845	0.19387004	
538.8	0.20520128	0.19382374	
539	0.20486206	0.19377746	
539.2	0.2045455	0.19373119	
539.4	0.20439937	0.19368493	
539.6	0.20416547	0.19363868	
539.8	0.20387926	0.19359245	
