Conc1	2.74E-08	
Start1	300	
Stop1	539.8	
Kobs	0.000638062978260801	
Error Kobs	2.40952193682383E-05	
Koff	0	
Error Koff	0	
Time1	Data1	Fit1	
300	0.00044452	0	
300.2	0.00261508	0.00270609	
300.4	0.00520705	0.00540939	
300.6	0.00842822	0.00810991	
300.8	0.01255859	0.01080765	
301	0.01705674	0.01350262	
301.2	0.02139946	0.01619482	
301.4	0.02596289	0.01888424	
301.6	0.03078903	0.0215709	
301.8	0.03524622	0.0242548	
302	0.03956308	0.02693593	
302.2	0.04350082	0.02961431	
302.4	0.0474445	0.03228993	
302.6	0.05126682	0.0349628	
302.8	0.05455191	0.03763291	
303	0.05783181	0.04030028	
303.2	0.06114283	0.04296491	
303.4	0.06450496	0.0456268	
303.6	0.06744932	0.04828594	
303.8	0.06997894	0.05094236	
304	0.07232399	0.05359604	
304.2	0.07496586	0.05624698	
304.4	0.07808754	0.05889521	
304.6	0.08141995	0.0615407	
304.8	0.08478536	0.06418348	
305	0.08789335	0.06682354	
305.2	0.09053827	0.06946088	
305.4	0.09353444	0.07209551	
305.6	0.09608923	0.07472742	
305.8	0.09851035	0.07735663	
306	0.10118409	0.07998314	
306.2	0.10339217	0.08260694	
306.4	0.10606238	0.08522804	
306.6	0.10858936	0.08784645	
306.8	0.11070623	0.09046217	
307	0.11267915	0.09307519	
307.2	0.11458718	0.09568552	
307.4	0.1163329	0.09829317	
307.6	0.11835194	0.10089814	
307.8	0.12051814	0.10350042	
308	0.12239202	0.10610003	
308.2	0.12522109	0.10869697	
308.4	0.12823737	0.11129123	
308.6	0.13100588	0.11388283	
308.8	0.13340512	0.11647176	
309	0.13650308	0.11905802	
309.2	0.1392176	0.12164162	
309.4	0.14201772	0.12422257	
309.6	0.144894	0.12680086	
309.8	0.14757223	0.1293765	
310	0.15048313	0.13194949	
310.2	0.15260764	0.13451983	
310.4	0.15565596	0.13708753	
310.6	0.15772537	0.13965259	
310.8	0.15994108	0.142215	
311	0.16187164	0.14477479	
311.2	0.16407375	0.14733193	
311.4	0.16617205	0.14988645	
311.6	0.16854947	0.15243834	
311.8	0.16997946	0.1549876	
312	0.17186153	0.15753425	
312.2	0.17500761	0.16007827	
312.4	0.1772435	0.16261967	
312.6	0.17931286	0.16515846	
312.8	0.18160419	0.16769464	
313	0.18380362	0.17022821	
313.2	0.18606499	0.17275917	
313.4	0.1889131	0.17528753	
313.6	0.19129628	0.17781329	
313.8	0.19345322	0.18033645	
314	0.19527505	0.18285701	
314.2	0.19700328	0.18537498	
314.4	0.1997621	0.18789036	
314.6	0.20173022	0.19040315	
314.8	0.20394602	0.19291336	
315	0.205891	0.19542099	
315.2	0.20799288	0.19792603	
315.4	0.21001991	0.2004285	
315.6	0.21195608	0.20292839	
315.8	0.21388122	0.20542572	
316	0.2167066	0.20792047	
316.2	0.21967404	0.21041265	
316.4	0.22196715	0.21290228	
316.6	0.22487017	0.21538934	
316.8	0.22729299	0.21787384	
317	0.22995152	0.22035579	
317.2	0.23297982	0.22283518	
317.4	0.23618722	0.22531202	
317.6	0.23855312	0.22778632	
317.8	0.24093335	0.23025807	
318	0.24257375	0.23272727	
318.2	0.24508005	0.23519394	
318.4	0.24726781	0.23765807	
318.6	0.24921968	0.24011966	
318.8	0.25140188	0.24257872	
319	0.25337533	0.24503525	
319.2	0.25561664	0.24748926	
319.4	0.25789811	0.24994074	
319.6	0.2600748	0.25238969	
319.8	0.26208943	0.25483613	
320	0.26453372	0.25728005	
320.2	0.26675442	0.25972146	
320.4	0.26909941	0.26216036	
320.6	0.27129052	0.26459674	
320.8	0.27310538	0.26703062	
321	0.27544883	0.269462	
321.2	0.27748381	0.27189087	
321.4	0.27994025	0.27431725	
321.6	0.28184563	0.27674113	
321.8	0.28378867	0.27916252	
322	0.28540798	0.28158141	
322.2	0.28747545	0.28399782	
322.4	0.28986553	0.28641174	
322.6	0.29199151	0.28882318	
322.8	0.29401725	0.29123213	
323	0.29625884	0.29363861	
323.2	0.29880459	0.29604262	
323.4	0.30079669	0.29844415	
323.6	0.30318216	0.3008432	
323.8	0.30544265	0.3032398	
324	0.3075946	0.30563392	
324.2	0.30976893	0.30802558	
324.4	0.31188952	0.31041479	
324.6	0.31427769	0.31280153	
324.8	0.31670471	0.31518582	
325	0.31897629	0.31756766	
325.2	0.32151301	0.31994704	
325.4	0.32398979	0.32232398	
325.6	0.32603111	0.32469847	
325.8	0.32788112	0.32707052	
326	0.32949043	0.32944013	
326.2	0.33166023	0.3318073	
326.4	0.33398923	0.33417204	
326.6	0.3352744	0.33653434	
326.8	0.33695534	0.33889422	
327	0.33928359	0.34125166	
327.2	0.34137417	0.34360668	
327.4	0.34341592	0.34595928	
327.6	0.34601997	0.34830946	
327.8	0.34795695	0.35065722	
328	0.34970897	0.35300256	
328.2	0.35236541	0.35534549	
328.4	0.3551005	0.35768602	
328.6	0.357861	0.36002413	
328.8	0.36014944	0.36235984	
329	0.36225292	0.36469314	
329.2	0.3645517	0.36702405	
329.4	0.36663437	0.36935256	
329.6	0.36839012	0.37167867	
329.8	0.37057273	0.37400239	
330	0.3724366	0.37632371	
330.2	0.37451752	0.37864265	
330.4	0.37664682	0.38095921	
330.6	0.3787705	0.38327338	
330.8	0.38096481	0.38558517	
331	0.3835477	0.38789458	
331.2	0.38557622	0.39020162	
331.4	0.38793485	0.39250628	
331.6	0.39039909	0.39480857	
331.8	0.39243634	0.3971085	
332	0.39495106	0.39940605	
332.2	0.39782796	0.40170125	
332.4	0.400206	0.40399408	
332.6	0.40221645	0.40628455	
332.8	0.40454764	0.40857267	
333	0.40633327	0.41085843	
333.2	0.40824789	0.41314185	
333.4	0.41021995	0.41542291	
333.6	0.41229109	0.41770162	
333.8	0.41416238	0.419978	
334	0.41535278	0.42225203	
334.2	0.41735271	0.42452372	
334.4	0.41942475	0.42679307	
334.6	0.42197699	0.42906009	
334.8	0.4237086	0.43132478	
335	0.42582986	0.43358713	
335.2	0.42739511	0.43584716	
335.4	0.4294429	0.43810487	
335.6	0.43192503	0.44036025	
335.8	0.43388993	0.44261331	
336	0.43608682	0.44486406	
336.2	0.43830262	0.44711248	
336.4	0.44037487	0.4493586	
336.6	0.44215503	0.4516024	
336.8	0.44414729	0.4538439	
337	0.44568295	0.45608309	
337.2	0.44818167	0.45831998	
337.4	0.45016361	0.46055456	
337.6	0.45226355	0.46278685	
337.8	0.45375515	0.46501684	
338	0.45565446	0.46724453	
338.2	0.4582292	0.46946994	
338.4	0.46002399	0.47169305	
338.6	0.46222603	0.47391388	
338.8	0.46413175	0.47613242	
339	0.4665577	0.47834869	
339.2	0.46903352	0.48056267	
339.4	0.47236175	0.48277437	
339.6	0.47491425	0.4849838	
339.8	0.47659632	0.48719095	
340	0.47861754	0.48939584	
340.2	0.4810629	0.49159845	
340.4	0.48333432	0.4937988	
340.6	0.48513777	0.49599689	
340.8	0.48736577	0.49819271	
341	0.48948304	0.50038628	
341.2	0.4918358	0.50257759	
341.4	0.49348485	0.50476664	
341.6	0.49583075	0.50695345	
341.8	0.49700449	0.509138	
342	0.49921365	0.51132031	
342.2	0.50148455	0.51350037	
342.4	0.50297524	0.51567818	
342.6	0.50520263	0.51785376	
342.8	0.50729759	0.5200271	
343	0.50976281	0.52219821	
343.2	0.51187818	0.52436708	
343.4	0.51392836	0.52653371	
343.6	0.51530595	0.52869812	
343.8	0.51686569	0.53086031	
344	0.51887128	0.53302027	
344.2	0.52112982	0.535178	
344.4	0.52304675	0.53733352	
344.6	0.52441315	0.53948682	
344.8	0.52666769	0.5416379	
345	0.5288791	0.54378678	
345.2	0.5311979	0.54593344	
345.4	0.53358366	0.54807789	
345.6	0.53627153	0.55022013	
345.8	0.53808345	0.55236018	
346	0.5409338	0.55449802	
346.2	0.5434503	0.55663366	
346.4	0.54535723	0.5587671	
346.6	0.5473802	0.56089835	
346.8	0.54906875	0.56302741	
347	0.55153598	0.56515428	
347.2	0.55309241	0.56727895	
347.4	0.55530752	0.56940145	
347.6	0.55681964	0.57152176	
347.8	0.55892912	0.57363989	
348	0.56137505	0.57575583	
348.2	0.56349653	0.57786961	
348.4	0.56552865	0.5799812	
348.6	0.56747748	0.58209063	
348.8	0.57022236	0.58419788	
349	0.57236745	0.58630297	
349.2	0.57540243	0.58840589	
349.4	0.57806056	0.59050665	
349.6	0.58009652	0.59260525	
349.8	0.58206108	0.59470169	
350	0.58447735	0.59679597	
350.2	0.58699748	0.5988881	
350.4	0.58887487	0.60097807	
350.6	0.59084282	0.6030659	
350.8	0.59277631	0.60515157	
351	0.59481478	0.6072351	
351.2	0.59654496	0.60931649	
351.4	0.59874473	0.61139574	
351.6	0.60042738	0.61347284	
351.8	0.6027966	0.61554781	
352	0.60477597	0.61762065	
352.2	0.60662812	0.61969135	
352.4	0.60888297	0.62175993	
352.6	0.61090148	0.62382637	
352.8	0.61297622	0.62589069	
353	0.61510228	0.62795289	
353.2	0.61739516	0.63001296	
353.4	0.61930555	0.63207092	
353.6	0.62074984	0.63412675	
353.8	0.62280652	0.63618048	
354	0.62537227	0.63823209	
354.2	0.627209	0.64028158	
354.4	0.62894033	0.64232898	
354.6	0.63115347	0.64437426	
354.8	0.63355213	0.64641744	
355	0.63585326	0.64845852	
355.2	0.63824024	0.6504975	
355.4	0.64042205	0.65253438	
355.6	0.64254119	0.65456916	
355.8	0.64463305	0.65660186	
356	0.64678111	0.65863246	
356.2	0.64915626	0.66066097	
356.4	0.65156935	0.66268739	
356.6	0.65372863	0.66471174	
356.8	0.65542509	0.66673399	
357	0.65738951	0.66875417	
357.2	0.65906408	0.67077227	
357.4	0.66091775	0.67278829	
357.6	0.66242866	0.67480224	
357.8	0.66434839	0.67681412	
358	0.66598111	0.67882393	
358.2	0.66744515	0.68083167	
358.4	0.67000644	0.68283734	
358.6	0.67229444	0.68484095	
358.8	0.67478684	0.6868425	
359	0.67632967	0.68884199	
359.2	0.67777334	0.69083943	
359.4	0.67981274	0.69283481	
359.6	0.68154104	0.69482813	
359.8	0.68293243	0.69681941	
360	0.6843764	0.69880863	
360.2	0.68654241	0.70079581	
360.4	0.68876264	0.70278095	
360.6	0.69054119	0.70476405	
360.8	0.69220364	0.7067451	
361	0.69479112	0.70872411	
361.2	0.69712811	0.71070109	
361.4	0.69958976	0.71267604	
361.6	0.70206805	0.71464895	
361.8	0.70433444	0.71661984	
362	0.70622983	0.7185887	
362.2	0.70948095	0.72055553	
362.4	0.7128389	0.72252034	
362.6	0.71518663	0.72448312	
362.8	0.71757675	0.72644389	
363	0.7194432	0.72840264	
363.2	0.72152202	0.73035938	
363.4	0.72399131	0.7323141	
363.6	0.72593976	0.73426681	
363.8	0.72737822	0.73621751	
364	0.72896274	0.73816621	
364.2	0.73128458	0.7401129	
364.4	0.7331626	0.74205759	
364.6	0.7349888	0.74400028	
364.8	0.73743819	0.74594096	
365	0.73971908	0.74787966	
365.2	0.74168972	0.74981636	
365.4	0.74359766	0.75175106	
365.6	0.74564141	0.75368378	
365.8	0.74755204	0.7556145	
366	0.7491504	0.75754325	
366.2	0.7518726	0.75947	
366.4	0.75377098	0.76139478	
366.6	0.75530313	0.76331757	
366.8	0.7571159	0.76523839	
367	0.75891072	0.76715723	
367.2	0.760519	0.76907409	
367.4	0.762264	0.77098899	
367.6	0.76346982	0.77290191	
367.8	0.76489119	0.77481287	
368	0.76630729	0.77672186	
368.2	0.76869644	0.77862889	
368.4	0.7708006	0.78053395	
368.6	0.77305834	0.78243705	
368.8	0.77531945	0.7843382	
369	0.77774597	0.78623739	
369.2	0.78013734	0.78813463	
369.4	0.78252436	0.79002992	
369.6	0.78427208	0.79192325	
369.8	0.7863206	0.79381464	
370	0.78854397	0.79570408	
370.2	0.79094025	0.79759158	
370.4	0.79278627	0.79947714	
370.6	0.79511176	0.80136075	
370.8	0.79751014	0.80324243	
371	0.79950527	0.80512218	
371.2	0.80156234	0.80699999	
371.4	0.80332311	0.80887586	
371.6	0.80515266	0.81074981	
371.8	0.80727437	0.81262183	
372	0.80921201	0.81449192	
372.2	0.81146626	0.81636009	
372.4	0.81384425	0.81822634	
372.6	0.81567072	0.82009067	
372.8	0.81719543	0.82195308	
373	0.81919187	0.82381358	
373.2	0.82054781	0.82567216	
373.4	0.82178492	0.82752883	
373.6	0.82309328	0.82938358	
373.8	0.82504503	0.83123643	
374	0.82716943	0.83308738	
374.2	0.82884024	0.83493642	
374.4	0.83090892	0.83678356	
374.6	0.83352648	0.83862879	
374.8	0.83569722	0.84047213	
375	0.83744331	0.84231358	
375.2	0.83931774	0.84415312	
375.4	0.84172006	0.84599078	
375.6	0.8437513	0.84782655	
375.8	0.84580332	0.84966042	
376	0.84842891	0.85149241	
376.2	0.85056372	0.85332252	
376.4	0.85340344	0.85515074	
376.6	0.85478567	0.85697708	
376.8	0.85693922	0.85880155	
377	0.85936336	0.86062413	
377.2	0.86165188	0.86244484	
377.4	0.8632755	0.86426368	
377.6	0.86542026	0.86608065	
377.8	0.86722616	0.86789575	
378	0.8697632	0.86970898	
378.2	0.87193822	0.87152034	
378.4	0.87393044	0.87332984	
378.6	0.87590954	0.87513748	
378.8	0.87757802	0.87694327	
379	0.87864284	0.87874719	
379.2	0.88026416	0.88054926	
379.4	0.88259643	0.88234947	
379.6	0.88368584	0.88414783	
379.8	0.88529383	0.88594434	
380	0.88754642	0.887739	
380.2	0.88913489	0.88953182	
380.4	0.89133553	0.89132279	
380.6	0.89262533	0.89311192	
380.8	0.89495778	0.89489921	
381	0.89696053	0.89668466	
381.2	0.8990979	0.89846828	
381.4	0.90036241	0.90025005	
381.6	0.90253792	0.90203	
381.8	0.90441596	0.90380811	
382	0.90638137	0.9055844	
382.2	0.90818618	0.90735886	
382.4	0.90988363	0.90913149	
382.6	0.91140202	0.9109023	
382.8	0.91314234	0.91267129	
383	0.91431249	0.91443845	
383.2	0.9165628	0.9162038	
383.4	0.91804031	0.91796734	
383.6	0.91957759	0.91972905	
383.8	0.92141155	0.92148896	
384	0.92311859	0.92324706	
384.2	0.92414485	0.92500334	
384.4	0.92574068	0.92675783	
384.6	0.92733914	0.9285105	
384.8	0.92936804	0.93026137	
385	0.93123804	0.93201044	
385.2	0.93285195	0.93375772	
385.4	0.93457971	0.93550319	
385.6	0.93679691	0.93724687	
385.8	0.9388922	0.93898875	
386	0.94087414	0.94072885	
386.2	0.94294608	0.94246715	
386.4	0.94514266	0.94420367	
386.6	0.94703505	0.94593839	
386.8	0.94938373	0.94767134	
387	0.95152815	0.9494025	
387.2	0.95359022	0.95113188	
387.4	0.95544486	0.95285948	
387.6	0.95789527	0.9545853	
387.8	0.95945861	0.95630935	
388	0.96069945	0.95803162	
388.2	0.96185488	0.95975213	
388.4	0.96386619	0.96147086	
388.6	0.96593622	0.96318782	
388.8	0.96754809	0.96490302	
389	0.96958879	0.96661645	
389.2	0.97122018	0.96832812	
389.4	0.97360685	0.97003803	
389.6	0.9752727	0.97174618	
389.8	0.97693133	0.97345258	
390	0.97858104	0.97515722	
390.2	0.98072015	0.9768601	
390.4	0.982634	0.97856123	
390.6	0.98433234	0.98026062	
390.8	0.98665884	0.98195825	
391	0.98868607	0.98365414	
391.2	0.99091366	0.98534828	
391.4	0.99351889	0.98704068	
391.6	0.99512598	0.98873134	
391.8	0.9967922	0.99042026	
392	0.99836682	0.99210744	
392.2	1.00040699	0.99379289	
392.4	1.00286835	0.9954766	
392.6	1.00474352	0.99715858	
392.8	1.00692063	0.99883883	
393	1.0088364	1.00051735	
393.2	1.01020519	1.00219415	
393.4	1.01162934	1.00386922	
393.6	1.01265227	1.00554256	
393.8	1.01415413	1.00721419	
394	1.01576382	1.00888409	
394.2	1.01701596	1.01055228	
394.4	1.01816162	1.01221875	
394.6	1.01932813	1.01388351	
394.8	1.02124055	1.01554655	
395	1.02322025	1.01720789	
395.2	1.02503688	1.01886751	
395.4	1.0267403	1.02052543	
395.6	1.02806967	1.02218164	
395.8	1.03005201	1.02383615	
396	1.03182547	1.02548895	
396.2	1.03380216	1.02714006	
396.4	1.03570313	1.02878946	
396.6	1.03793755	1.03043717	
396.8	1.04039745	1.03208319	
397	1.04183759	1.03372751	
397.2	1.04332444	1.03537014	
397.4	1.04482499	1.03701108	
397.6	1.046566	1.03865033	
397.8	1.048232	1.0402879	
398	1.0492143	1.04192378	
398.2	1.05016648	1.04355797	
398.4	1.05210504	1.04519049	
398.6	1.05381636	1.04682133	
398.8	1.056089	1.04845049	
399	1.05750795	1.05007797	
399.2	1.05880703	1.05170378	
399.4	1.06046339	1.05332792	
399.6	1.0623039	1.05495038	
399.8	1.06408389	1.05657118	
400	1.06570104	1.05819031	
400.2	1.0672257	1.05980777	
400.4	1.06931593	1.06142357	
400.6	1.07189678	1.06303771	
400.8	1.07374035	1.06465018	
401	1.07528605	1.066261	
401.2	1.07726967	1.06787016	
401.4	1.07927873	1.06947766	
401.6	1.08117346	1.07108352	
401.8	1.08277882	1.07268772	
402	1.08409013	1.07429026	
402.2	1.08638588	1.07589116	
402.4	1.08926166	1.07749042	
402.6	1.0909435	1.07908803	
402.8	1.09271709	1.08068399	
403	1.09422238	1.08227831	
403.2	1.09595365	1.083871	
403.4	1.09777794	1.08546204	
403.6	1.09952758	1.08705145	
403.8	1.10077092	1.08863922	
404	1.10128959	1.09022536	
404.2	1.10181313	1.09180986	
404.4	1.10336589	1.09339274	
404.6	1.10473226	1.09497399	
404.8	1.10583102	1.09655361	
405	1.10720156	1.09813161	
405.2	1.10891774	1.09970798	
405.4	1.11038145	1.10128273	
405.6	1.11202802	1.10285586	
405.8	1.11355435	1.10442738	
406	1.11505446	1.10599727	
406.2	1.1173353	1.10756555	
406.4	1.11874962	1.10913222	
406.6	1.12017225	1.11069728	
406.8	1.1221003	1.11226073	
407	1.1237383	1.11382256	
407.2	1.12567046	1.11538279	
407.4	1.12756526	1.11694142	
407.6	1.12878705	1.11849844	
407.8	1.12984378	1.12005386	
408	1.13061059	1.12160768	
408.2	1.1315526	1.12315991	
408.4	1.13350089	1.12471053	
408.6	1.13503408	1.12625956	
408.8	1.13702525	1.127807	
409	1.13886738	1.12935284	
409.2	1.14058798	1.1308971	
409.4	1.14238333	1.13243976	
409.6	1.14414995	1.13398084	
409.8	1.14547499	1.13552033	
410	1.14705412	1.13705824	
410.2	1.14894566	1.13859457	
410.4	1.15040233	1.14012932	
410.6	1.15277365	1.14166248	
410.8	1.15492987	1.14319407	
411	1.15740605	1.14472409	
411.2	1.15945477	1.14625253	
411.4	1.16074246	1.1477794	
411.6	1.16187243	1.1493047	
411.8	1.16330697	1.15082842	
412	1.16464341	1.15235058	
412.2	1.16596014	1.15387118	
412.4	1.16691009	1.15539021	
412.6	1.16865254	1.15690768	
412.8	1.1700218	1.15842358	
413	1.17101769	1.15993793	
413.2	1.17214401	1.16145072	
413.4	1.17375216	1.16296195	
413.6	1.17548625	1.16447163	
413.8	1.17678978	1.16597976	
414	1.17826022	1.16748633	
414.2	1.1796382	1.16899136	
414.4	1.18124022	1.17049483	
414.6	1.18353135	1.17199676	
414.8	1.18545653	1.17349714	
415	1.18695864	1.17499598	
415.2	1.18823304	1.17649328	
415.4	1.18954831	1.17798904	
415.6	1.19098702	1.17948326	
415.8	1.1928415	1.18097594	
416	1.19416085	1.18246709	
416.2	1.19517601	1.1839567	
416.4	1.19600411	1.18544478	
416.6	1.19771468	1.18693133	
416.8	1.19870491	1.18841635	
417	1.1996528	1.18989984	
417.2	1.20095747	1.19138181	
417.4	1.20239969	1.19286225	
417.6	1.20362183	1.19434117	
417.8	1.20407207	1.19581856	
418	1.20501967	1.19729444	
418.2	1.20646406	1.1987688	
418.4	1.20819692	1.20024164	
418.6	1.21024698	1.20171297	
418.8	1.21194506	1.20318278	
419	1.21365513	1.20465108	
419.2	1.21577509	1.20611787	
419.4	1.2175214	1.20758315	
419.6	1.21928939	1.20904693	
419.8	1.22094273	1.21050919	
420	1.23909948	1.21197018	
420.2	1.23679457	1.21181553	
420.4	1.2338332	1.2116609	
420.6	1.23085089	1.21150628	
420.8	1.22822246	1.21135169	
421	1.22585588	1.21119711	
421.2	1.22345762	1.21104256	
421.4	1.2213939	1.21088803	
421.6	1.21953511	1.21073351	
421.8	1.2182255	1.21057902	
422	1.21806484	1.21042454	
422.2	1.21804306	1.21027009	
422.4	1.21745061	1.21011565	
422.6	1.21665603	1.20996123	
422.8	1.21576121	1.20980684	
423	1.21525436	1.20965246	
423.2	1.2142049	1.2094981	
423.4	1.21315695	1.20934377	
423.6	1.2126135	1.20918945	
423.8	1.21193927	1.20903515	
424	1.21147821	1.20888087	
424.2	1.21119097	1.20872661	
424.4	1.21050852	1.20857237	
424.6	1.21014262	1.20841816	
424.8	1.21007319	1.20826396	
425	1.20972803	1.20810978	
425.2	1.20929401	1.20795562	
425.4	1.20882097	1.20780148	
425.6	1.20836504	1.20764735	
425.8	1.20826482	1.20749325	
426	1.20822627	1.20733917	
426.2	1.20757155	1.20718511	
426.4	1.20727309	1.20703107	
426.6	1.20679816	1.20687705	
426.8	1.20634677	1.20672304	
427	1.20595686	1.20656906	
427.2	1.2051435	1.2064151	
427.4	1.20453579	1.20626115	
427.6	1.2036624	1.20610723	
427.8	1.20261271	1.20595332	
428	1.20186814	1.20579944	
428.2	1.201123	1.20564557	
428.4	1.2008041	1.20549173	
428.6	1.19967819	1.2053379	
428.8	1.19867699	1.20518409	
429	1.19811106	1.20503031	
429.2	1.19731885	1.20487654	
429.4	1.19646439	1.20472279	
429.6	1.1960114	1.20456906	
429.8	1.19606352	1.20441536	
430	1.19579821	1.20426167	
430.2	1.19548831	1.204108	
430.4	1.19517162	1.20395435	
430.6	1.19494327	1.20380072	
430.8	1.19501227	1.20364711	
431	1.19517391	1.20349352	
431.2	1.19505418	1.20333995	
431.4	1.19536651	1.20318639	
431.6	1.19466605	1.20303286	
431.8	1.19472426	1.20287935	
432	1.19465839	1.20272586	
432.2	1.19475576	1.20257238	
432.4	1.19483355	1.20241893	
432.6	1.19439812	1.2022655	
432.8	1.19430518	1.20211208	
433	1.19441287	1.20195869	
433.2	1.19370835	1.20180531	
433.4	1.19383062	1.20165196	
433.6	1.19401736	1.20149862	
433.8	1.19419077	1.2013453	
434	1.19350066	1.20119201	
434.2	1.19242747	1.20103873	
434.4	1.19187564	1.20088547	
434.6	1.19166097	1.20073223	
434.8	1.19174435	1.20057901	
435	1.19142825	1.20042582	
435.2	1.19090672	1.20027264	
435.4	1.19071381	1.20011948	
435.6	1.18997068	1.19996633	
435.8	1.18973445	1.19981321	
436	1.18888656	1.19966011	
436.2	1.18844579	1.19950703	
436.4	1.18815077	1.19935397	
436.6	1.18792372	1.19920092	
436.8	1.18713007	1.1990479	
437	1.18668234	1.1988949	
437.2	1.18628283	1.19874191	
437.4	1.18637787	1.19858895	
437.6	1.18601315	1.198436	
437.8	1.18542733	1.19828308	
438	1.18503959	1.19813017	
438.2	1.18479099	1.19797728	
438.4	1.18443688	1.19782442	
438.6	1.1849175	1.19767157	
438.8	1.18498968	1.19751874	
439	1.18448233	1.19736593	
439.2	1.18447099	1.19721314	
439.4	1.1841327	1.19706037	
439.6	1.18382141	1.19690762	
439.8	1.18371524	1.19675489	
440	1.18323353	1.19660218	
440.2	1.18369463	1.19644949	
440.4	1.18414811	1.19629682	
440.6	1.18403304	1.19614416	
440.8	1.1833368	1.19599153	
441	1.18319004	1.19583892	
441.2	1.18319548	1.19568632	
441.4	1.18320504	1.19553375	
441.6	1.18318212	1.19538119	
441.8	1.18285431	1.19522866	
442	1.18322301	1.19507614	
442.2	1.18302331	1.19492364	
442.4	1.18221524	1.19477117	
442.6	1.18236944	1.19461871	
442.8	1.18132573	1.19446627	
443	1.18047941	1.19431385	
443.2	1.18038728	1.19416145	
443.4	1.17982797	1.19400907	
443.6	1.17967953	1.19385671	
443.8	1.17929894	1.19370437	
444	1.17918335	1.19355205	
444.2	1.17901445	1.19339974	
444.4	1.17863952	1.19324746	
444.6	1.17804543	1.1930952	
444.8	1.17782777	1.19294295	
445	1.17793624	1.19279073	
445.2	1.17851702	1.19263852	
445.4	1.17883289	1.19248634	
445.6	1.17971574	1.19233417	
445.8	1.17990358	1.19218202	
446	1.1809895	1.19202989	
446.2	1.18090492	1.19187779	
446.4	1.18115773	1.1917257	
446.6	1.18120917	1.19157363	
446.8	1.18035267	1.19142158	
447	1.18030025	1.19126955	
447.2	1.18014643	1.19111753	
447.4	1.17948541	1.19096554	
447.6	1.17894296	1.19081357	
447.8	1.1781358	1.19066162	
448	1.17776641	1.19050968	
448.2	1.17686505	1.19035777	
448.4	1.17630199	1.19020587	
448.6	1.1758241	1.190054	
448.8	1.17557774	1.18990214	
449	1.17528812	1.18975031	
449.2	1.17512336	1.18959849	
449.4	1.17497439	1.18944669	
449.6	1.17568389	1.18929491	
449.8	1.17534945	1.18914315	
450	1.17566243	1.18899141	
450.2	1.17538803	1.18883969	
450.4	1.17571995	1.18868799	
450.6	1.17510679	1.18853631	
450.8	1.1747966	1.18838465	
451	1.17497075	1.188233	
451.2	1.17485256	1.18808138	
451.4	1.17521489	1.18792977	
451.6	1.17568537	1.18777819	
451.8	1.17563838	1.18762662	
452	1.17585446	1.18747508	
452.2	1.17605128	1.18732355	
452.4	1.17607083	1.18717204	
452.6	1.17588884	1.18702055	
452.8	1.17548262	1.18686908	
453	1.17501374	1.18671764	
453.2	1.17464033	1.1865662	
453.4	1.17428815	1.18641479	
453.6	1.17410251	1.1862634	
453.8	1.17393627	1.18611203	
454	1.1738719	1.18596068	
454.2	1.17374857	1.18580934	
454.4	1.17344048	1.18565803	
454.6	1.17339921	1.18550673	
454.8	1.17346174	1.18535546	
455	1.17255541	1.1852042	
455.2	1.17276509	1.18505296	
455.4	1.17327239	1.18490174	
455.6	1.17291349	1.18475055	
455.8	1.17270167	1.18459937	
456	1.17230446	1.18444821	
456.2	1.17209332	1.18429707	
456.4	1.17158471	1.18414594	
456.6	1.1707055	1.18399484	
456.8	1.17038089	1.18384376	
457	1.16972468	1.18369269	
457.2	1.16957281	1.18354165	
457.4	1.16945201	1.18339062	
457.6	1.16961042	1.18323962	
457.8	1.1703197	1.18308863	
458	1.1705141	1.18293766	
458.2	1.17105707	1.18278672	
458.4	1.17149438	1.18263579	
458.6	1.1719946	1.18248488	
458.8	1.17232834	1.18233399	
459	1.17224701	1.18218312	
459.2	1.17326321	1.18203227	
459.4	1.17315814	1.18188143	
459.6	1.17244341	1.18173062	
459.8	1.17240965	1.18157983	
460	1.17144058	1.18142905	
460.2	1.1710849	1.18127829	
460.4	1.17038381	1.18112756	
460.6	1.16989713	1.18097684	
460.8	1.16958037	1.18082614	
461	1.16880228	1.18067546	
461.2	1.16883296	1.18052481	
461.4	1.16876591	1.18037416	
461.6	1.16850676	1.18022354	
461.8	1.16828709	1.18007294	
462	1.16789552	1.17992236	
462.2	1.16787538	1.1797718	
462.4	1.16741901	1.17962125	
462.6	1.16739656	1.17947073	
462.8	1.16779855	1.17932022	
463	1.1677793	1.17916973	
463.2	1.16788584	1.17901927	
463.4	1.16744343	1.17886882	
463.6	1.16781871	1.17871839	
463.8	1.16775312	1.17856798	
464	1.16786203	1.17841759	
464.2	1.16902601	1.17826722	
464.4	1.16964732	1.17811687	
464.6	1.17006063	1.17796653	
464.8	1.17021638	1.17781622	
465	1.17067424	1.17766593	
465.2	1.17078862	1.17751565	
465.4	1.1704038	1.17736539	
465.6	1.1700226	1.17721516	
465.8	1.16972409	1.17706494	
466	1.16951132	1.17691474	
466.2	1.16939784	1.17676456	
466.4	1.16943708	1.1766144	
466.6	1.16932814	1.17646426	
466.8	1.16918525	1.17631414	
467	1.16897982	1.17616403	
467.2	1.16843545	1.17601395	
467.4	1.16798635	1.17586389	
467.6	1.16783127	1.17571384	
467.8	1.16692227	1.17556381	
468	1.16696578	1.17541381	
468.2	1.16717226	1.17526382	
468.4	1.16652213	1.17511385	
468.6	1.16572581	1.1749639	
468.8	1.16542735	1.17481397	
469	1.16575832	1.17466406	
469.2	1.16511247	1.17451417	
469.4	1.16508789	1.17436429	
469.6	1.16506046	1.17421444	
469.8	1.16541703	1.1740646	
470	1.16529433	1.17391479	
470.2	1.16569663	1.17376499	
470.4	1.16574912	1.17361521	
470.6	1.16542048	1.17346545	
470.8	1.1656103	1.17331571	
471	1.16564576	1.17316599	
471.2	1.16492545	1.17301629	
471.4	1.16491605	1.17286661	
471.6	1.16505866	1.17271695	
471.8	1.16474395	1.1725673	
472	1.16462403	1.17241768	
472.2	1.16447041	1.17226807	
472.4	1.16441023	1.17211849	
472.6	1.16427613	1.17196892	
472.8	1.16425472	1.17181937	
473	1.16471471	1.17166984	
473.2	1.16393697	1.17152033	
473.4	1.16393542	1.17137084	
473.6	1.16400951	1.17122137	
473.8	1.16417056	1.17107192	
474	1.16403428	1.17092248	
474.2	1.16404866	1.17077307	
474.4	1.16360134	1.17062367	
474.6	1.16400643	1.17047429	
474.8	1.16379794	1.17032494	
475	1.16384945	1.1701756	
475.2	1.16394596	1.17002628	
475.4	1.16398651	1.16987698	
475.6	1.16395315	1.1697277	
475.8	1.16357974	1.16957843	
476	1.16335831	1.16942919	
476.2	1.16296795	1.16927997	
476.4	1.16314622	1.16913076	
476.6	1.16253953	1.16898157	
476.8	1.16213242	1.16883241	
477	1.16240406	1.16868326	
477.2	1.16176293	1.16853413	
477.4	1.16230555	1.16838502	
477.6	1.16283713	1.16823593	
477.8	1.16266949	1.16808686	
478	1.16253027	1.1679378	
478.2	1.1631504	1.16778877	
478.4	1.16345871	1.16763975	
478.6	1.16357697	1.16749076	
478.8	1.16359206	1.16734178	
479	1.16467609	1.16719282	
479.2	1.16519865	1.16704388	
479.4	1.16507308	1.16689496	
479.6	1.16518706	1.16674606	
479.8	1.1649814	1.16659718	
480	1.16486418	1.16644832	
480.2	1.16428845	1.16629947	
480.4	1.1637194	1.16615065	
480.6	1.16303452	1.16600184	
480.8	1.1623514	1.16585306	
481	1.1621343	1.16570429	
481.2	1.16128915	1.16555554	
481.4	1.16128411	1.16540681	
481.6	1.16045392	1.1652581	
481.8	1.15994503	1.1651094	
482	1.1599165	1.16496073	
482.2	1.16037943	1.16481208	
482.4	1.15973526	1.16466344	
482.6	1.15978266	1.16451483	
482.8	1.16068074	1.16436623	
483	1.16116698	1.16421765	
483.2	1.16147101	1.16406909	
483.4	1.16147362	1.16392055	
483.6	1.16131607	1.16377203	
483.8	1.16128074	1.16362353	
484	1.16117298	1.16347504	
484.2	1.16058887	1.16332658	
484.4	1.1601758	1.16317813	
484.6	1.16037439	1.16302971	
484.8	1.15989332	1.1628813	
485	1.15966783	1.16273291	
485.2	1.15961206	1.16258454	
485.4	1.15952042	1.16243619	
485.6	1.15921736	1.16228786	
485.8	1.15930918	1.16213954	
486	1.15924161	1.16199125	
486.2	1.15918546	1.16184297	
486.4	1.1587729	1.16169472	
486.6	1.15887717	1.16154648	
486.8	1.15954239	1.16139826	
487	1.15936638	1.16125006	
487.2	1.16008698	1.16110188	
487.4	1.1597083	1.16095372	
487.6	1.15932129	1.16080558	
487.8	1.15893027	1.16065745	
488	1.15821552	1.16050935	
488.2	1.15785738	1.16036126	
488.4	1.15801394	1.16021319	
488.6	1.15792077	1.16006515	
488.8	1.15742957	1.15991712	
489	1.15717495	1.15976911	
489.2	1.15718355	1.15962111	
489.4	1.15714096	1.15947314	
489.6	1.15728556	1.15932519	
489.8	1.15723291	1.15917725	
490	1.15712923	1.15902934	
490.2	1.15731535	1.15888144	
490.4	1.15762762	1.15873356	
490.6	1.15859188	1.1585857	
490.8	1.15933919	1.15843786	
491	1.15925529	1.15829004	
491.2	1.15936685	1.15814224	
491.4	1.15912944	1.15799445	
491.6	1.15902919	1.15784669	
491.8	1.15833476	1.15769894	
492	1.15785001	1.15755121	
492.2	1.15767479	1.1574035	
492.4	1.15764625	1.15725581	
492.6	1.15683843	1.15710814	
492.8	1.15643632	1.15696049	
493	1.15576052	1.15681286	
493.2	1.15548325	1.15666524	
493.4	1.15587932	1.15651765	
493.6	1.15571841	1.15637007	
493.8	1.15568954	1.15622251	
494	1.15566877	1.15607497	
494.2	1.15590191	1.15592745	
494.4	1.15609665	1.15577995	
494.6	1.15642666	1.15563247	
494.8	1.1564391	1.15548501	
495	1.15625338	1.15533756	
495.2	1.15623691	1.15519013	
495.4	1.15640403	1.15504273	
495.6	1.15649364	1.15489534	
495.8	1.15636399	1.15474797	
496	1.15654657	1.15460062	
496.2	1.15621457	1.15445328	
496.4	1.15603509	1.15430597	
496.6	1.15555175	1.15415868	
496.8	1.15578999	1.1540114	
497	1.15551549	1.15386414	
497.2	1.15518448	1.15371691	
497.4	1.15543588	1.15356969	
497.6	1.15532787	1.15342249	
497.8	1.15570412	1.1532753	
498	1.1555354	1.15312814	
498.2	1.15507242	1.152981	
498.4	1.1548934	1.15283387	
498.6	1.15507889	1.15268676	
498.8	1.15521007	1.15253968	
499	1.15522667	1.15239261	
499.2	1.15543617	1.15224556	
499.4	1.15608119	1.15209853	
499.6	1.1565779	1.15195151	
499.8	1.1571303	1.15180452	
500	1.15669	1.15165754	
500.2	1.15644178	1.15151059	
500.4	1.15594864	1.15136365	
500.6	1.15534952	1.15121673	
500.8	1.15527069	1.15106983	
501	1.15456927	1.15092295	
501.2	1.1540096	1.15077608	
501.4	1.15429652	1.15062924	
501.6	1.15392449	1.15048241	
501.8	1.1535865	1.15033561	
502	1.15274001	1.15018882	
502.2	1.1522979	1.15004205	
502.4	1.15191163	1.1498953	
502.6	1.15217347	1.14974857	
502.8	1.15250432	1.14960186	
503	1.15269963	1.14945516	
503.2	1.15268359	1.14930849	
503.4	1.15312802	1.14916183	
503.6	1.15328915	1.14901519	
503.8	1.15367876	1.14886857	
504	1.15300781	1.14872197	
504.2	1.15298658	1.14857539	
504.4	1.15271474	1.14842882	
504.6	1.15279611	1.14828228	
504.8	1.15315169	1.14813575	
505	1.15318092	1.14798925	
505.2	1.15308163	1.14784276	
505.4	1.15355917	1.14769629	
505.6	1.15309816	1.14754984	
505.8	1.15336176	1.14740341	
506	1.15333171	1.14725699	
506.2	1.1531403	1.1471106	
506.4	1.15256519	1.14696422	
506.6	1.15328514	1.14681786	
506.8	1.15351445	1.14667152	
507	1.15307137	1.1465252	
507.2	1.15303141	1.1463789	
507.4	1.15361227	1.14623262	
507.6	1.15337742	1.14608635	
507.8	1.15278211	1.14594011	
508	1.15217926	1.14579388	
508.2	1.15236581	1.14564767	
508.4	1.15215674	1.14550148	
508.6	1.15177648	1.14535531	
508.8	1.15148095	1.14520916	
509	1.15122772	1.14506303	
509.2	1.15074208	1.14491691	
509.4	1.15047126	1.14477081	
509.6	1.15006533	1.14462474	
509.8	1.14968817	1.14447868	
510	1.14874599	1.14433264	
510.2	1.1483453	1.14418661	
510.4	1.1484429	1.14404061	
510.6	1.14933338	1.14389463	
510.8	1.14906541	1.14374866	
511	1.14887802	1.14360271	
511.2	1.14882671	1.14345678	
511.4	1.14913432	1.14331087	
511.6	1.14837524	1.14316498	
511.8	1.14839415	1.14301911	
512	1.14860246	1.14287325	
512.2	1.1487834	1.14272742	
512.4	1.1486684	1.1425816	
512.6	1.14866704	1.1424358	
512.8	1.14892699	1.14229002	
513	1.14934505	1.14214426	
513.2	1.14915986	1.14199852	
513.4	1.14940806	1.1418528	
513.6	1.1498505	1.14170709	
513.8	1.14986689	1.1415614	
514	1.15006508	1.14141573	
514.2	1.15041116	1.14127008	
514.4	1.15121459	1.14112445	
514.6	1.15150038	1.14097884	
514.8	1.15108969	1.14083325	
515	1.15123427	1.14068767	
515.2	1.1510877	1.14054212	
515.4	1.15136869	1.14039658	
515.6	1.1507951	1.14025106	
515.8	1.15076694	1.14010556	
516	1.15021659	1.13996007	
516.2	1.14952972	1.13981461	
516.4	1.14936937	1.13966916	
516.6	1.14908452	1.13952374	
516.8	1.14922756	1.13937833	
517	1.14949765	1.13923294	
517.2	1.14928882	1.13908757	
517.4	1.14951836	1.13894222	
517.6	1.14977027	1.13879688	
517.8	1.14996457	1.13865157	
518	1.15031244	1.13850627	
518.2	1.15037163	1.13836099	
518.4	1.15074094	1.13821573	
518.6	1.15023263	1.13807049	
518.8	1.15003229	1.13792527	
519	1.14986907	1.13778006	
519.2	1.14960721	1.13763488	
519.4	1.14909581	1.13748971	
519.6	1.14844484	1.13734456	
519.8	1.14814037	1.13719943	
520	1.1477789	1.13705432	
520.2	1.14761324	1.13690922	
520.4	1.1477025	1.13676415	
520.6	1.14790874	1.13661909	
520.8	1.14823132	1.13647406	
521	1.14830062	1.13632904	
521.2	1.14834912	1.13618404	
521.4	1.14849798	1.13603905	
521.6	1.14894068	1.13589409	
521.8	1.14887693	1.13574915	
522	1.14895002	1.13560422	
522.2	1.14879147	1.13545931	
522.4	1.14859621	1.13531442	
522.6	1.14845281	1.13516955	
522.8	1.14853236	1.1350247	
523	1.14834471	1.13487986	
523.2	1.14868552	1.13473505	
523.4	1.14820403	1.13459025	
523.6	1.14843287	1.13444547	
523.8	1.14833846	1.13430071	
524	1.14861789	1.13415597	
524.2	1.14897668	1.13401125	
524.4	1.14884114	1.13386654	
524.6	1.14874343	1.13372185	
524.8	1.14845529	1.13357719	
525	1.14833981	1.13343254	
525.2	1.14799235	1.13328791	
525.4	1.14744639	1.13314329	
525.6	1.14727797	1.1329987	
525.8	1.14682598	1.13285412	
526	1.14644062	1.13270957	
526.2	1.14622958	1.13256503	
526.4	1.14544166	1.13242051	
526.6	1.1449774	1.13227601	
526.8	1.14449508	1.13213152	
527	1.14421931	1.13198706	
527.2	1.14393707	1.13184261	
527.4	1.14347015	1.13169818	
527.6	1.14383703	1.13155377	
527.8	1.14389446	1.13140938	
528	1.14455024	1.13126501	
528.2	1.1448744	1.13112065	
528.4	1.14496414	1.13097632	
528.6	1.14562073	1.130832	
528.8	1.14660889	1.1306877	
529	1.14732159	1.13054342	
529.2	1.14754561	1.13039916	
529.4	1.14784895	1.13025491	
529.6	1.14824776	1.13011069	
529.8	1.14837036	1.12996648	
530	1.14794693	1.12982229	
530.2	1.14778107	1.12967812	
530.4	1.14742866	1.12953397	
530.6	1.14728245	1.12938984	
530.8	1.14653596	1.12924572	
531	1.14596303	1.12910162	
531.2	1.14569178	1.12895755	
531.4	1.1453802	1.12881349	
531.6	1.14473799	1.12866944	
531.8	1.14496116	1.12852542	
532	1.14483519	1.12838142	
532.2	1.14474568	1.12823743	
532.4	1.1450953	1.12809346	
532.6	1.14563202	1.12794951	
532.8	1.1456288	1.12780558	
533	1.14573457	1.12766167	
533.2	1.14605226	1.12751777	
533.4	1.14547038	1.1273739	
533.6	1.14574255	1.12723004	
533.8	1.1460611	1.1270862	
534	1.14598449	1.12694238	
534.2	1.14595808	1.12679857	
534.4	1.14558221	1.12665479	
534.6	1.14534433	1.12651102	
534.8	1.14458325	1.12636728	
535	1.14436732	1.12622355	
535.2	1.14422953	1.12607984	
535.4	1.14381071	1.12593614	
535.6	1.14382181	1.12579247	
535.8	1.14451946	1.12564881	
536	1.14416422	1.12550517	
536.2	1.14425531	1.12536156	
536.4	1.14469151	1.12521795	
536.6	1.14468342	1.12507437	
536.8	1.1448037	1.12493081	
537	1.14543071	1.12478726	
537.2	1.14557489	1.12464373	
537.4	1.14528417	1.12450022	
537.6	1.14590059	1.12435673	
537.8	1.14608989	1.12421326	
538	1.1459634	1.1240698	
538.2	1.14571841	1.12392637	
538.4	1.14550043	1.12378295	
538.6	1.14555067	1.12363955	
538.8	1.1450923	1.12349617	
539	1.14491246	1.12335281	
539.2	1.14461437	1.12320946	
539.4	1.14450174	1.12306613	
539.6	1.14423432	1.12292283	
539.8	1.14388481	1.12277954	
