Conc1	1E-07	
Start1	240	
Stop1	479.8	
Kobs	7.13196876720899E-05	
Error Kobs	1.69025440704817E-05	
Koff	0	
Error Koff	0	
Time1	Data1	Fit1	
240	0.00963579	0	
240.2	0.01529941	0.01285904	
240.4	0.02212315	0.02563888	
240.6	0.0297148	0.03834	
240.8	0.0383711	0.0509629	
241	0.04756583	0.06350805	
241.2	0.05737153	0.07597594	
241.4	0.06786891	0.08836703	
241.6	0.07873533	0.10068181	
241.8	0.08979185	0.11292073	
242	0.10060845	0.12508428	
242.2	0.11074252	0.13717291	
242.4	0.12078888	0.14918708	
242.6	0.13093395	0.16112725	
242.8	0.1407662	0.17299389	
243	0.15102904	0.18478744	
243.2	0.16190397	0.19650834	
243.4	0.17234313	0.20815706	
243.6	0.18247166	0.21973403	
243.8	0.19281958	0.2312397	
244	0.20311704	0.24267451	
244.2	0.21390019	0.25403888	
244.4	0.22441968	0.26533326	
244.6	0.23444522	0.27655808	
244.8	0.24453286	0.28771376	
245	0.25432994	0.29880073	
245.2	0.26447954	0.30981941	
245.4	0.27447326	0.32077023	
245.6	0.28452291	0.33165361	
245.8	0.29437547	0.34246995	
246	0.30415227	0.35321967	
246.2	0.3136292	0.36390318	
246.4	0.32343811	0.37452089	
246.6	0.33303848	0.3850732	
246.8	0.34273354	0.39556053	
247	0.35259536	0.40598326	
247.2	0.36237098	0.41634179	
247.4	0.37226194	0.42663652	
247.6	0.38173585	0.43686785	
247.8	0.39171497	0.44703616	
248	0.40129351	0.45714185	
248.2	0.41148625	0.46718529	
248.4	0.42117282	0.47716687	
248.6	0.43071325	0.48708698	
248.8	0.44053571	0.49694598	
249	0.45036648	0.50674426	
249.2	0.46021542	0.5164822	
249.4	0.46958918	0.52616015	
249.6	0.47937341	0.5357785	
249.8	0.48882888	0.54533761	
250	0.49852965	0.55483784	
250.2	0.50785668	0.56427956	
250.4	0.51752983	0.57366313	
250.6	0.52698087	0.5829889	
250.8	0.53626849	0.59225723	
251	0.54534773	0.60146848	
251.2	0.55469205	0.61062299	
251.4	0.56386693	0.61972112	
251.6	0.57241784	0.62876322	
251.8	0.58184548	0.63774962	
252	0.59082135	0.64668067	
252.2	0.59984076	0.65555672	
252.4	0.60896086	0.6643781	
252.6	0.61820855	0.67314514	
252.8	0.62777316	0.68185819	
253	0.63687154	0.69051757	
253.2	0.64596477	0.69912362	
253.4	0.65521051	0.70767667	
253.6	0.66483721	0.71617703	
253.8	0.67404641	0.72462504	
254	0.68346591	0.73302102	
254.2	0.69240988	0.74136528	
254.4	0.70156815	0.74965815	
254.6	0.71055031	0.75789995	
254.8	0.71908781	0.76609098	
255	0.72745796	0.77423156	
255.2	0.73603562	0.78232201	
255.4	0.74480382	0.79036262	
255.6	0.75346297	0.79835371	
255.8	0.76234503	0.80629558	
256	0.77079098	0.81418854	
256.2	0.77932562	0.82203288	
256.4	0.78799718	0.82982891	
256.6	0.79643865	0.83757692	
256.8	0.80518105	0.84527721	
257	0.81386112	0.85293008	
257.2	0.82245692	0.8605358	
257.4	0.83109533	0.86809469	
257.6	0.83951739	0.87560702	
257.8	0.84750807	0.88307308	
258	0.85572916	0.89049315	
258.2	0.86406975	0.89786752	
258.4	0.87231124	0.90519648	
258.6	0.88065947	0.91248029	
258.8	0.88869327	0.91971924	
259	0.89688609	0.92691361	
259.2	0.90512253	0.93406366	
259.4	0.91366728	0.94116968	
259.6	0.9215703	0.94823193	
259.8	0.92983429	0.95525068	
260	0.93789502	0.9622262	
260.2	0.94607087	0.96915876	
260.4	0.95411608	0.97604862	
260.6	0.96217459	0.98289605	
260.8	0.97046609	0.9897013	
261	0.97873405	0.99646463	
261.2	0.98646449	1.00318631	
261.4	0.99428273	1.00986659	
261.6	1.00198222	1.01650573	
261.8	1.00930565	1.02310397	
262	1.01720835	1.02966158	
262.2	1.02470382	1.0361788	
262.4	1.03191338	1.04265587	
262.6	1.0395572	1.04909305	
262.8	1.04691072	1.05549059	
263	1.05417119	1.06184872	
263.2	1.06137843	1.06816769	
263.4	1.06887589	1.07444774	
263.6	1.07607017	1.08068911	
263.8	1.08401636	1.08689204	
264	1.09118682	1.09305677	
264.2	1.09842637	1.09918353	
264.4	1.10568176	1.10527255	
264.6	1.11325062	1.11132407	
264.8	1.12071709	1.11733831	
265	1.12806386	1.12331551	
265.2	1.135316	1.1292559	
265.4	1.1425492	1.1351597	
265.6	1.14943061	1.14102714	
265.8	1.15631184	1.14685844	
266	1.16322423	1.15265383	
266.2	1.16946648	1.15841352	
266.4	1.17633252	1.16413773	
266.6	1.18313616	1.16982669	
266.8	1.18970327	1.17548061	
267	1.19621304	1.18109971	
267.2	1.20298423	1.1866842	
267.4	1.20938626	1.19223429	
267.6	1.2157857	1.1977502	
267.8	1.22264502	1.20323214	
268	1.22886444	1.20868031	
268.2	1.23525637	1.21409492	
268.4	1.24233147	1.21947619	
268.6	1.24895329	1.22482431	
268.8	1.25521362	1.23013949	
269	1.26147384	1.23542194	
269.2	1.2680516	1.24067185	
269.4	1.27413978	1.24588943	
269.6	1.28018852	1.25107487	
269.8	1.286301	1.25622837	
270	1.29209535	1.26135013	
270.2	1.29808413	1.26644034	
270.4	1.30424465	1.27149921	
270.6	1.31029794	1.27652691	
270.8	1.31621293	1.28152365	
271	1.32201454	1.28648962	
271.2	1.3279839	1.29142499	
271.4	1.33410808	1.29632997	
271.6	1.34014606	1.30120474	
271.8	1.34630714	1.30604949	
272	1.35227337	1.31086439	
272.2	1.35831596	1.31564964	
272.4	1.36453558	1.32040542	
272.6	1.36986423	1.32513191	
272.8	1.37578718	1.32982928	
273	1.38112291	1.33449773	
273.2	1.38691827	1.33913741	
273.4	1.39174241	1.34374853	
273.6	1.39717397	1.34833124	
273.8	1.40251388	1.35288573	
274	1.40787718	1.35741216	
274.2	1.41300082	1.36191072	
274.4	1.41820938	1.36638157	
274.6	1.42394939	1.37082488	
274.8	1.4288935	1.37524083	
275	1.43393132	1.37962957	
275.2	1.43944742	1.38399129	
275.4	1.44470697	1.38832614	
275.6	1.44975452	1.39263429	
275.8	1.45475266	1.39691591	
276	1.45955097	1.40117116	
276.2	1.46448495	1.4054002	
276.4	1.46905901	1.40960319	
276.6	1.47372333	1.41378029	
276.8	1.47876451	1.41793167	
277	1.48329337	1.42205748	
277.2	1.48833483	1.42615788	
277.4	1.49267194	1.43023302	
277.6	1.49725752	1.43428306	
277.8	1.5017114	1.43830816	
278	1.50630019	1.44230847	
278.2	1.5108001	1.44628414	
278.4	1.51555573	1.45023532	
278.6	1.52018049	1.45416216	
278.8	1.52414262	1.45806482	
279	1.5285818	1.46194345	
279.2	1.53262295	1.46579818	
279.4	1.53636604	1.46962917	
279.6	1.54066941	1.47343657	
279.8	1.54462358	1.47722052	
280	1.54840406	1.48098116	
280.2	1.55258824	1.48471864	
280.4	1.55677971	1.48843309	
280.6	1.56125017	1.49212468	
280.8	1.5656452	1.49579352	
281	1.5697827	1.49943977	
281.2	1.57395571	1.50306356	
281.4	1.57800494	1.50666503	
281.6	1.58228429	1.51024431	
281.8	1.58670767	1.51380156	
282	1.59084054	1.51733689	
282.2	1.59489238	1.52085045	
282.4	1.59883293	1.52434237	
282.6	1.6025535	1.52781278	
282.8	1.6061766	1.53126181	
283	1.6094493	1.53468961	
283.2	1.61231689	1.53809629	
283.4	1.61562004	1.54148199	
283.6	1.61919914	1.54484683	
283.8	1.6220698	1.54819095	
284	1.62516749	1.55151448	
284.2	1.62882178	1.55481753	
284.4	1.63210785	1.55810024	
284.6	1.63530301	1.56136273	
284.8	1.63843279	1.56460513	
285	1.64163056	1.56782756	
285.2	1.64505479	1.57103014	
285.4	1.64843451	1.57421299	
285.6	1.65186565	1.57737624	
285.8	1.65499108	1.58052001	
286	1.65822447	1.58364442	
286.2	1.66157477	1.58674958	
286.4	1.66483433	1.58983561	
286.6	1.66791267	1.59290264	
286.8	1.67102174	1.59595078	
287	1.67396409	1.59898015	
287.2	1.67683727	1.60199085	
287.4	1.68014283	1.60498302	
287.6	1.68339429	1.60795675	
287.8	1.68629477	1.61091217	
288	1.68954852	1.61384939	
288.2	1.69266322	1.61676851	
288.4	1.69539589	1.61966966	
288.6	1.69842388	1.62255293	
288.8	1.70111702	1.62541845	
289	1.70398817	1.62826632	
289.2	1.70670059	1.63109665	
289.4	1.70931435	1.63390955	
289.6	1.71164314	1.63670512	
289.8	1.71404924	1.63948347	
290	1.71660696	1.64224472	
290.2	1.71890971	1.64498895	
290.4	1.721447	1.64771628	
290.6	1.72377594	1.65042682	
290.8	1.72644206	1.65312066	
291	1.72910852	1.65579791	
291.2	1.73180461	1.65845866	
291.4	1.73462184	1.66110303	
291.6	1.73693042	1.66373112	
291.8	1.73918099	1.66634301	
292	1.74141069	1.66893882	
292.2	1.74365993	1.67151865	
292.4	1.74606165	1.67408258	
292.6	1.74882253	1.67663072	
292.8	1.75113718	1.67916317	
293	1.75365595	1.68168002	
293.2	1.75602909	1.68418136	
293.4	1.75828826	1.6866673	
293.6	1.76062632	1.68913793	
293.8	1.76316493	1.69159335	
294	1.76552252	1.69403364	
294.2	1.76772819	1.6964589	
294.4	1.76988622	1.69886922	
294.6	1.77231429	1.70126469	
294.8	1.77479622	1.70364542	
295	1.77719613	1.70601148	
295.2	1.7795155	1.70836296	
295.4	1.78116065	1.71069997	
295.6	1.78282962	1.71302258	
295.8	1.78468789	1.71533088	
296	1.78629063	1.71762497	
296.2	1.78809393	1.71990492	
296.4	1.78959499	1.72217084	
296.6	1.79142148	1.7244228	
296.8	1.79315055	1.72666089	
297	1.7945918	1.72888519	
297.2	1.79643144	1.7310958	
297.4	1.7979624	1.73329278	
297.6	1.79982853	1.73547624	
297.8	1.80150491	1.73764625	
298	1.80307736	1.73980289	
298.2	1.80490153	1.74194626	
298.4	1.80652044	1.74407641	
298.6	1.80861736	1.74619345	
298.8	1.81038318	1.74829745	
299	1.81238791	1.7503885	
299.2	1.81417974	1.75246666	
299.4	1.81583592	1.75453202	
299.6	1.81787785	1.75658466	
299.8	1.81990063	1.75862466	
300	1.8216919	1.7606521	
300.2	1.82375407	1.76266705	
300.4	1.82518238	1.76466958	
300.6	1.82691893	1.76665979	
300.8	1.8286871	1.76863773	
301	1.82990479	1.77060349	
301.2	1.83161069	1.77255715	
301.4	1.83278224	1.77449877	
301.6	1.83440663	1.77642844	
301.8	1.83577852	1.77834622	
302	1.83690133	1.78025218	
302.2	1.8380624	1.78214641	
302.4	1.83910013	1.78402897	
302.6	1.84054524	1.78589994	
302.8	1.8419699	1.78775938	
303	1.84356887	1.78960737	
303.2	1.84522624	1.79144398	
303.4	1.84674567	1.79326928	
303.6	1.84876362	1.79508333	
303.8	1.85068001	1.79688621	
304	1.85229252	1.79867799	
304.2	1.85392943	1.80045873	
304.4	1.85542929	1.8022285	
304.6	1.85689347	1.80398738	
304.8	1.85860061	1.80573542	
305	1.86012309	1.80747269	
305.2	1.86172645	1.80919926	
305.4	1.86294319	1.8109152	
305.6	1.8642312	1.81262057	
305.8	1.86487364	1.81431544	
306	1.86576729	1.81599987	
306.2	1.86676467	1.81767392	
306.4	1.86818906	1.81933766	
306.6	1.86968247	1.82099116	
306.8	1.87125651	1.82263447	
307	1.87278167	1.82426766	
307.2	1.87404463	1.82589079	
307.4	1.87535175	1.82750392	
307.6	1.87706371	1.82910712	
307.8	1.87831173	1.83070045	
308	1.87957223	1.83228396	
308.2	1.88106031	1.83385772	
308.4	1.88235194	1.83542178	
308.6	1.88342729	1.83697621	
308.8	1.88468021	1.83852107	
309	1.88557479	1.84005641	
309.2	1.88653728	1.8415823	
309.4	1.88688154	1.84309878	
309.6	1.88764233	1.84460593	
309.8	1.88813369	1.8461038	
310	1.88931828	1.84759244	
310.2	1.8905729	1.84907191	
310.4	1.89179512	1.85054226	
310.6	1.89310622	1.85200357	
310.8	1.8943516	1.85345587	
311	1.89548462	1.85489922	
311.2	1.89640465	1.85633369	
311.4	1.89758435	1.85775932	
311.6	1.8990511	1.85917617	
311.8	1.90031686	1.8605843	
312	1.90176643	1.86198375	
312.2	1.90313147	1.86337458	
312.4	1.90451009	1.86475685	
312.6	1.90558694	1.8661306	
312.8	1.9064984	1.86749589	
313	1.90733932	1.86885278	
313.2	1.90801956	1.8702013	
313.4	1.90861591	1.87154152	
313.6	1.90976248	1.87287349	
313.8	1.91036763	1.87419725	
314	1.91170766	1.87551285	
314.2	1.91254441	1.87682036	
314.4	1.91298094	1.87811981	
314.6	1.91384631	1.87941126	
314.8	1.91501339	1.88069475	
315	1.91589086	1.88197034	
315.2	1.91687057	1.88323808	
315.4	1.91768162	1.884498	
315.6	1.91907554	1.88575016	
315.8	1.91961689	1.88699462	
316	1.92070682	1.8882314	
316.2	1.92165859	1.88946057	
316.4	1.92244468	1.89068217	
316.6	1.92291803	1.89189625	
316.8	1.92374803	1.89310284	
317	1.9243941	1.89430201	
317.2	1.92472432	1.89549379	
317.4	1.92570923	1.89667823	
317.6	1.92658851	1.89785537	
317.8	1.92753813	1.89902527	
318	1.92898659	1.90018796	
318.2	1.92974566	1.90134348	
318.4	1.93058968	1.9024919	
318.6	1.93170574	1.90363323	
318.8	1.93312328	1.90476754	
319	1.93393018	1.90589486	
319.2	1.93484491	1.90701524	
319.4	1.93536494	1.90812872	
319.6	1.93621474	1.90923534	
319.8	1.93661946	1.91033514	
320	1.93746157	1.91142817	
320.2	1.93822876	1.91251447	
320.4	1.93863961	1.91359407	
320.6	1.93938767	1.91466703	
320.8	1.93988356	1.91573338	
321	1.94061713	1.91679316	
321.2	1.94135988	1.91784642	
321.4	1.94233619	1.91889318	
321.6	1.943437	1.9199335	
321.8	1.94412277	1.92096742	
322	1.94495039	1.92199496	
322.2	1.94533179	1.92301617	
322.4	1.94567678	1.9240311	
322.6	1.9463543	1.92503978	
322.8	1.9472192	1.92604224	
323	1.94797122	1.92703852	
323.2	1.94855747	1.92802868	
323.4	1.94930271	1.92901273	
323.6	1.94968378	1.92999072	
323.8	1.95004163	1.93096269	
324	1.95083959	1.93192867	
324.2	1.95162759	1.9328887	
324.4	1.95187557	1.93384282	
324.6	1.9524996	1.93479107	
324.8	1.95326165	1.93573347	
325	1.95414732	1.93667007	
325.2	1.95466205	1.9376009	
325.4	1.95526428	1.93852599	
325.6	1.9561736	1.93944539	
325.8	1.95662015	1.94035913	
326	1.95713877	1.94126723	
326.2	1.95771571	1.94216975	
326.4	1.95842959	1.94306671	
326.6	1.9594701	1.94395814	
326.8	1.96029996	1.94484408	
327	1.96098245	1.94572456	
327.2	1.96158837	1.94659963	
327.4	1.96220942	1.9474693	
327.6	1.96263698	1.94833361	
327.8	1.96316057	1.9491926	
328	1.96412751	1.95004631	
328.2	1.96474138	1.95089475	
328.4	1.9654228	1.95173797	
328.6	1.96630789	1.95257599	
328.8	1.96685237	1.95340885	
329	1.96700784	1.95423659	
329.2	1.96762336	1.95505922	
329.4	1.96823619	1.95587679	
329.6	1.96899501	1.95668932	
329.8	1.96951703	1.95749685	
330	1.96998032	1.95829941	
330.2	1.97052138	1.95909702	
330.4	1.97092535	1.95988972	
330.6	1.97164687	1.96067753	
330.8	1.97196786	1.9614605	
331	1.97243382	1.96223864	
331.2	1.97307622	1.96301199	
331.4	1.97372592	1.96378057	
331.6	1.97453856	1.96454443	
331.8	1.97515165	1.96530357	
332	1.9757281	1.96605805	
332.2	1.9761784	1.96680787	
332.4	1.97668273	1.96755308	
332.6	1.97672016	1.96829369	
332.8	1.97678098	1.96902975	
333	1.97721674	1.96976127	
333.2	1.97813135	1.97048829	
333.4	1.97845628	1.97121083	
333.6	1.97871277	1.97192891	
333.8	1.97906034	1.97264258	
334	1.97941836	1.97335185	
334.2	1.97956143	1.97405675	
334.4	1.98026867	1.97475731	
334.6	1.98088375	1.97545356	
334.8	1.98125308	1.97614551	
335	1.98187638	1.97683321	
335.2	1.98257887	1.97751667	
335.4	1.98340351	1.97819592	
335.6	1.98409937	1.97887098	
335.8	1.98449013	1.97954189	
336	1.98473021	1.98020867	
336.2	1.98518858	1.98087134	
336.4	1.98580631	1.98152993	
336.6	1.98623611	1.98218446	
336.8	1.98674566	1.98283496	
337	1.98739294	1.98348145	
337.2	1.98789333	1.98412396	
337.4	1.98808658	1.98476252	
337.6	1.98833253	1.98539714	
337.8	1.9888963	1.98602785	
338	1.98959539	1.98665468	
338.2	1.99022129	1.98727765	
338.4	1.99035332	1.98789678	
338.6	1.99069681	1.9885121	
338.8	1.99091411	1.98912362	
339	1.99134565	1.98973138	
339.2	1.99175348	1.9903354	
339.4	1.99167516	1.9909357	
339.6	1.99202315	1.9915323	
339.8	1.99232858	1.99212522	
340	1.99305114	1.9927145	
340.2	1.99377226	1.99330014	
340.4	1.99411439	1.99388218	
340.6	1.9945187	1.99446063	
340.8	1.99486629	1.99503552	
341	1.9954772	1.99560687	
341.2	1.99572663	1.9961747	
341.4	1.99635964	1.99673903	
341.6	1.99692336	1.99729989	
341.8	1.99774821	1.99785729	
342	1.99848522	1.99841126	
342.2	1.99881124	1.99896182	
342.4	1.99883006	1.99950898	
342.6	1.99933548	2.00005278	
342.8	1.99900142	2.00059323	
343	1.99907367	2.00113035	
343.2	1.99942049	2.00166416	
343.4	1.99953916	2.00219468	
343.6	2.0001264	2.00272193	
343.8	2.00046328	2.00324594	
344	2.00118565	2.00376672	
344.2	2.00146716	2.00428429	
344.4	2.00169895	2.00479868	
344.6	2.00237737	2.00530989	
344.8	2.00287704	2.00581796	
345	2.00323703	2.0063229	
345.2	2.00361212	2.00682473	
345.4	2.0040295	2.00732346	
345.6	2.00450904	2.00781913	
345.8	2.00482733	2.00831174	
346	2.00517923	2.00880132	
346.2	2.00562429	2.00928789	
346.4	2.00581912	2.00977145	
346.6	2.00600069	2.01025204	
346.8	2.0061948	2.01072967	
347	2.00680389	2.01120435	
347.2	2.00729775	2.01167612	
347.4	2.00717148	2.01214497	
347.6	2.00725183	2.01261094	
347.8	2.00756878	2.01307404	
348	2.00824337	2.01353429	
348.2	2.00832091	2.0139917	
348.4	2.00874364	2.0144463	
348.6	2.00916274	2.01489809	
348.8	2.00935101	2.01534711	
349	2.00976982	2.01579335	
349.2	2.01039257	2.01623685	
349.4	2.01032392	2.01667762	
349.6	2.01115754	2.01711567	
349.8	2.01149821	2.01755103	
350	2.01215222	2.0179837	
350.2	2.0125208	2.01841371	
350.4	2.01288493	2.01884107	
350.6	2.01345985	2.01926579	
350.8	2.01397039	2.0196879	
351	2.01420118	2.02010742	
351.2	2.01423966	2.02052434	
351.4	2.01434911	2.0209387	
351.6	2.01455912	2.02135051	
351.8	2.01445357	2.02175978	
352	2.01471684	2.02216653	
352.2	2.01418928	2.02257078	
352.4	2.0146269	2.02297253	
352.6	2.01488331	2.02337181	
352.8	2.01517192	2.02376864	
353	2.01567927	2.02416301	
353.2	2.01591195	2.02455496	
353.4	2.0160005	2.0249445	
353.6	2.0169615	2.02533163	
353.8	2.01722133	2.02571638	
354	2.0175946	2.02609877	
354.2	2.01805702	2.02647879	
354.4	2.018881	2.02685648	
354.6	2.01954942	2.02723184	
354.8	2.02016477	2.02760488	
355	2.02052938	2.02797563	
355.2	2.02104179	2.0283441	
355.4	2.02113428	2.0287103	
355.6	2.02137441	2.02907424	
355.8	2.02150884	2.02943594	
356	2.02179175	2.02979541	
356.2	2.02187239	2.03015267	
356.4	2.02240647	2.03050773	
356.6	2.02248221	2.0308606	
356.8	2.02274485	2.03121129	
357	2.02291648	2.03155983	
357.2	2.02319672	2.03190622	
357.4	2.02350297	2.03225048	
357.6	2.0239256	2.03259262	
357.8	2.02409957	2.03293265	
358	2.02430697	2.03327058	
358.2	2.0247257	2.03360643	
358.4	2.02507988	2.03394022	
358.6	2.0253599	2.03427195	
358.8	2.02567502	2.03460164	
359	2.02593047	2.03492929	
359.2	2.02617434	2.03525493	
359.4	2.02616425	2.03557856	
359.6	2.02653313	2.0359002	
359.8	2.02666565	2.03621986	
360	2.02666565	2.03653755	
360.2	2.02644104	2.0365085	
360.4	2.02606449	2.03647945	
360.6	2.02595836	2.0364504	
360.8	2.0256684	2.03642135	
361	2.02570957	2.03639231	
361.2	2.02568977	2.03636326	
361.4	2.02568077	2.03633421	
361.6	2.02558399	2.03630517	
361.8	2.02558081	2.03627612	
362	2.02583336	2.03624708	
362.2	2.02612273	2.03621803	
362.4	2.02586974	2.03618899	
362.6	2.02592005	2.03615994	
362.8	2.02597472	2.0361309	
363	2.02621683	2.03610186	
363.2	2.02631262	2.03607282	
363.4	2.02672802	2.03604377	
363.6	2.02703306	2.03601473	
363.8	2.02696217	2.03598569	
364	2.02695709	2.03595665	
364.2	2.02694602	2.03592761	
364.4	2.02673174	2.03589857	
364.6	2.02705462	2.03586953	
364.8	2.02704883	2.03584049	
365	2.02704029	2.03581145	
365.2	2.02666366	2.03578241	
365.4	2.02681559	2.03575337	
365.6	2.0268207	2.03572434	
365.8	2.02702801	2.0356953	
366	2.02672407	2.03566626	
366.2	2.02666965	2.03563723	
366.4	2.02647097	2.03560819	
366.6	2.02685577	2.03557915	
366.8	2.02678792	2.03555012	
367	2.02652481	2.03552108	
367.2	2.026661	2.03549205	
367.4	2.02667367	2.03546302	
367.6	2.02649747	2.03543398	
367.8	2.02643078	2.03540495	
368	2.02607221	2.03537592	
368.2	2.02588322	2.03534688	
368.4	2.02573615	2.03531785	
368.6	2.02588515	2.03528882	
368.8	2.02551685	2.03525979	
369	2.02515415	2.03523076	
369.2	2.0253031	2.03520173	
369.4	2.02595243	2.0351727	
369.6	2.02599314	2.03514367	
369.8	2.02622219	2.03511464	
370	2.02591158	2.03508561	
370.2	2.02632508	2.03505658	
370.4	2.02647827	2.03502756	
370.6	2.02701452	2.03499853	
370.8	2.02679631	2.0349695	
371	2.02697952	2.03494048	
371.2	2.02717738	2.03491145	
371.4	2.02693577	2.03488242	
371.6	2.02695108	2.0348534	
371.8	2.02683116	2.03482437	
372	2.02642806	2.03479535	
372.2	2.02620587	2.03476633	
372.4	2.02566089	2.0347373	
372.6	2.02559848	2.03470828	
372.8	2.02521736	2.03467926	
373	2.0251188	2.03465023	
373.2	2.02511565	2.03462121	
373.4	2.02531258	2.03459219	
373.6	2.02497657	2.03456317	
373.8	2.02488775	2.03453415	
374	2.02505842	2.03450513	
374.2	2.02507915	2.03447611	
374.4	2.02528444	2.03444709	
374.6	2.02513157	2.03441807	
374.8	2.02480437	2.03438905	
375	2.02508162	2.03436003	
375.2	2.02471686	2.03433102	
375.4	2.02428962	2.034302	
375.6	2.02403654	2.03427298	
375.8	2.02372153	2.03424397	
376	2.02325588	2.03421495	
376.2	2.02325919	2.03418593	
376.4	2.02281509	2.03415692	
376.6	2.0226225	2.0341279	
376.8	2.02235181	2.03409889	
377	2.02220063	2.03406987	
377.2	2.02190939	2.03404086	
377.4	2.02189719	2.03401185	
377.6	2.02161569	2.03398284	
377.8	2.02183041	2.03395382	
378	2.02208302	2.03392481	
378.2	2.02177629	2.0338958	
378.4	2.02187021	2.03386679	
378.6	2.02155921	2.03383778	
378.8	2.02159941	2.03380877	
379	2.02176461	2.03377976	
379.2	2.02162932	2.03375075	
379.4	2.02176906	2.03372174	
379.6	2.02171613	2.03369273	
379.8	2.02157673	2.03366372	
380	2.02158799	2.03363471	
380.2	2.02151218	2.03360571	
380.4	2.02120141	2.0335767	
380.6	2.02128843	2.03354769	
380.8	2.0215441	2.03351869	
381	2.02143774	2.03348968	
381.2	2.02098547	2.03346068	
381.4	2.02091842	2.03343167	
381.6	2.02079054	2.03340267	
381.8	2.02090573	2.03337366	
382	2.02082394	2.03334466	
382.2	2.02036407	2.03331565	
382.4	2.02029393	2.03328665	
382.6	2.02033412	2.03325765	
382.8	2.02023687	2.03322865	
383	2.02038118	2.03319965	
383.2	2.02049676	2.03317064	
383.4	2.02012903	2.03314164	
383.6	2.02007825	2.03311264	
383.8	2.0200545	2.03308364	
384	2.02019266	2.03305464	
384.2	2.02011786	2.03302564	
384.4	2.02041357	2.03299665	
384.6	2.02064406	2.03296765	
384.8	2.0205651	2.03293865	
385	2.02040959	2.03290965	
385.2	2.02000748	2.03288066	
385.4	2.02012007	2.03285166	
385.6	2.02011766	2.03282266	
385.8	2.02033501	2.03279367	
386	2.0203101	2.03276467	
386.2	2.01970988	2.03273568	
386.4	2.01969707	2.03270668	
386.6	2.0197359	2.03267769	
386.8	2.0195641	2.03264869	
387	2.01954243	2.0326197	
387.2	2.0194359	2.03259071	
387.4	2.01923087	2.03256171	
387.6	2.01956466	2.03253272	
387.8	2.01939571	2.03250373	
388	2.01937527	2.03247474	
388.2	2.01939288	2.03244575	
388.4	2.01923918	2.03241676	
388.6	2.01912695	2.03238777	
388.8	2.01885606	2.03235878	
389	2.01860034	2.03232979	
389.2	2.01850256	2.0323008	
389.4	2.0184866	2.03227181	
389.6	2.0184596	2.03224282	
389.8	2.01828842	2.03221384	
390	2.01808638	2.03218485	
390.2	2.01751596	2.03215586	
390.4	2.01755255	2.03212688	
390.6	2.01731721	2.03209789	
390.8	2.01704096	2.0320689	
391	2.01692449	2.03203992	
391.2	2.01708427	2.03201093	
391.4	2.01720168	2.03198195	
391.6	2.01701016	2.03195297	
391.8	2.01680199	2.03192398	
392	2.01669774	2.031895	
392.2	2.01672672	2.03186602	
392.4	2.01632637	2.03183704	
392.6	2.01626331	2.03180805	
392.8	2.01603702	2.03177907	
393	2.01597334	2.03175009	
393.2	2.01625599	2.03172111	
393.4	2.01630128	2.03169213	
393.6	2.0163154	2.03166315	
393.8	2.01609781	2.03163417	
394	2.01619872	2.03160519	
394.2	2.0163312	2.03157621	
394.4	2.01612239	2.03154724	
394.6	2.01572417	2.03151826	
394.8	2.01626876	2.03148928	
395	2.01670811	2.0314603	
395.2	2.01686027	2.03143133	
395.4	2.01682981	2.03140235	
395.6	2.01659477	2.03137338	
395.8	2.01648573	2.0313444	
396	2.01653553	2.03131543	
396.2	2.01662913	2.03128645	
396.4	2.01647226	2.03125748	
396.6	2.01639106	2.0312285	
396.8	2.01604513	2.03119953	
397	2.01599432	2.03117056	
397.2	2.01619331	2.03114159	
397.4	2.01624731	2.03111261	
397.6	2.0159166	2.03108364	
397.8	2.01564388	2.03105467	
398	2.0153919	2.0310257	
398.2	2.01528019	2.03099673	
398.4	2.01509797	2.03096776	
398.6	2.01549617	2.03093879	
398.8	2.0156829	2.03090982	
399	2.01562929	2.03088085	
399.2	2.01501184	2.03085189	
399.4	2.01487666	2.03082292	
399.6	2.01480596	2.03079395	
399.8	2.0147945	2.03076498	
400	2.01493489	2.03073602	
400.2	2.01493229	2.03070705	
400.4	2.01480365	2.03067809	
400.6	2.01429831	2.03064912	
400.8	2.01410951	2.03062016	
401	2.01407546	2.03059119	
401.2	2.01422386	2.03056223	
401.4	2.01406089	2.03053326	
401.6	2.01366237	2.0305043	
401.8	2.01356416	2.03047534	
402	2.01346006	2.03044638	
402.2	2.01378135	2.03041741	
402.4	2.01400207	2.03038845	
402.6	2.01379823	2.03035949	
402.8	2.01342088	2.03033053	
403	2.01330478	2.03030157	
403.2	2.0129984	2.03027261	
403.4	2.01312837	2.03024365	
403.6	2.01305528	2.03021469	
403.8	2.01293548	2.03018573	
404	2.01297916	2.03015677	
404.2	2.01277442	2.03012782	
404.4	2.0126202	2.03009886	
404.6	2.01282365	2.0300699	
404.8	2.01289118	2.03004095	
405	2.01299106	2.03001199	
405.2	2.01289189	2.02998303	
405.4	2.01292204	2.02995408	
405.6	2.01287756	2.02992512	
405.8	2.01298388	2.02989617	
406	2.01307757	2.02986721	
406.2	2.01323934	2.02983826	
406.4	2.01333754	2.02980931	
406.6	2.01300126	2.02978036	
406.8	2.01297996	2.0297514	
407	2.01268353	2.02972245	
407.2	2.01271412	2.0296935	
407.4	2.01255726	2.02966455	
407.6	2.01253604	2.0296356	
407.8	2.01278873	2.02960665	
408	2.01289162	2.0295777	
408.2	2.01270903	2.02954875	
408.4	2.01298735	2.0295198	
408.6	2.01270696	2.02949085	
408.8	2.01228336	2.0294619	
409	2.01236116	2.02943295	
409.2	2.0120519	2.02940401	
409.4	2.01188511	2.02937506	
409.6	2.01159886	2.02934611	
409.8	2.01145816	2.02931717	
410	2.01159396	2.02928822	
410.2	2.01139077	2.02925927	
410.4	2.01126256	2.02923033	
410.6	2.01088421	2.02920138	
410.8	2.01069284	2.02917244	
411	2.010661	2.0291435	
411.2	2.01048789	2.02911455	
411.4	2.01058017	2.02908561	
411.6	2.01085476	2.02905667	
411.8	2.01123679	2.02902773	
412	2.01083866	2.02899878	
412.2	2.01080777	2.02896984	
412.4	2.010805	2.0289409	
412.6	2.01085115	2.02891196	
412.8	2.01125274	2.02888302	
413	2.01123783	2.02885408	
413.2	2.01117421	2.02882514	
413.4	2.01095609	2.0287962	
413.6	2.01091854	2.02876726	
413.8	2.01079955	2.02873833	
414	2.01096773	2.02870939	
414.2	2.01055467	2.02868045	
414.4	2.0102125	2.02865152	
414.6	2.00976191	2.02862258	
414.8	2.00931806	2.02859364	
415	2.00941844	2.02856471	
415.2	2.00923869	2.02853577	
415.4	2.00942393	2.02850684	
415.6	2.00991375	2.0284779	
415.8	2.00990532	2.02844897	
416	2.00949085	2.02842004	
416.2	2.00967907	2.0283911	
416.4	2.01001676	2.02836217	
416.6	2.01040256	2.02833324	
416.8	2.01039565	2.02830431	
417	2.01030198	2.02827538	
417.2	2.01038054	2.02824644	
417.4	2.01015663	2.02821751	
417.6	2.01014397	2.02818858	
417.8	2.00992261	2.02815965	
418	2.00963639	2.02813072	
418.2	2.00883638	2.0281018	
418.4	2.0086868	2.02807287	
418.6	2.00869817	2.02804394	
418.8	2.00874384	2.02801501	
419	2.00914675	2.02798608	
419.2	2.00897441	2.02795716	
419.4	2.00889175	2.02792823	
419.6	2.0089773	2.0278993	
419.8	2.00868984	2.02787038	
420	2.00836045	2.02784145	
420.2	2.00840375	2.02781253	
420.4	2.00866998	2.0277836	
420.6	2.00856319	2.02775468	
420.8	2.00856084	2.02772576	
421	2.008446	2.02769683	
421.2	2.00807501	2.02766791	
421.4	2.00814205	2.02763899	
421.6	2.00791815	2.02761007	
421.8	2.00759725	2.02758115	
422	2.00749821	2.02755222	
422.2	2.00755983	2.0275233	
422.4	2.00789714	2.02749438	
422.6	2.00790616	2.02746546	
422.8	2.00795303	2.02743654	
423	2.00796043	2.02740762	
423.2	2.00751641	2.02737871	
423.4	2.00775934	2.02734979	
423.6	2.00795373	2.02732087	
423.8	2.0078915	2.02729195	
424	2.00747514	2.02726304	
424.2	2.00763205	2.02723412	
424.4	2.00780966	2.0272052	
424.6	2.00766719	2.02717629	
424.8	2.00762245	2.02714737	
425	2.00775443	2.02711846	
425.2	2.00761823	2.02708954	
425.4	2.00785733	2.02706063	
425.6	2.0072776	2.02703172	
425.8	2.0073299	2.0270028	
426	2.00711214	2.02697389	
426.2	2.00717748	2.02694498	
426.4	2.00685448	2.02691606	
426.6	2.00639408	2.02688715	
426.8	2.00633141	2.02685824	
427	2.00616745	2.02682933	
427.2	2.00585733	2.02680042	
427.4	2.00607889	2.02677151	
427.6	2.00578828	2.0267426	
427.8	2.00522739	2.02671369	
428	2.00490019	2.02668478	
428.2	2.00493215	2.02665588	
428.4	2.00511331	2.02662697	
428.6	2.00524334	2.02659806	
428.8	2.00542994	2.02656915	
429	2.00572799	2.02654025	
429.2	2.00562721	2.02651134	
429.4	2.00575382	2.02648243	
429.6	2.00541698	2.02645353	
429.8	2.0059223	2.02642462	
430	2.00602355	2.02639572	
430.2	2.00618068	2.02636681	
430.4	2.00613798	2.02633791	
430.6	2.00594801	2.02630901	
430.8	2.00614072	2.0262801	
431	2.00614808	2.0262512	
431.2	2.00608392	2.0262223	
431.4	2.00615136	2.0261934	
431.6	2.00575092	2.0261645	
431.8	2.00566655	2.0261356	
432	2.0055197	2.0261067	
432.2	2.00538852	2.0260778	
432.4	2.00556568	2.0260489	
432.6	2.005322	2.02602	
432.8	2.00504161	2.0259911	
433	2.00488026	2.0259622	
433.2	2.00493903	2.0259333	
433.4	2.00470607	2.0259044	
433.6	2.00474102	2.02587551	
433.8	2.00497438	2.02584661	
434	2.00491033	2.02581771	
434.2	2.00446814	2.02578882	
434.4	2.00423453	2.02575992	
434.6	2.00376829	2.02573103	
434.8	2.00402421	2.02570213	
435	2.00414485	2.02567324	
435.2	2.00410199	2.02564434	
435.4	2.00402075	2.02561545	
435.6	2.00381784	2.02558656	
435.8	2.0038714	2.02555767	
436	2.00363696	2.02552877	
436.2	2.00341747	2.02549988	
436.4	2.00332388	2.02547099	
436.6	2.00312552	2.0254421	
436.8	2.00331156	2.02541321	
437	2.00337664	2.02538432	
437.2	2.00327928	2.02535543	
437.4	2.00287892	2.02532654	
437.6	2.00319149	2.02529765	
437.8	2.00318356	2.02526876	
438	2.00295396	2.02523987	
438.2	2.00248091	2.02521099	
438.4	2.00213712	2.0251821	
438.6	2.00223378	2.02515321	
438.8	2.00235325	2.02512433	
439	2.00212044	2.02509544	
439.2	2.00224345	2.02506655	
439.4	2.00245929	2.02503767	
439.6	2.00231492	2.02500878	
439.8	2.00220152	2.0249799	
440	2.00207935	2.02495102	
440.2	2.00191179	2.02492213	
440.4	2.00183991	2.02489325	
440.6	2.00192443	2.02486437	
440.8	2.00228071	2.02483548	
441	2.00228357	2.0248066	
441.2	2.00236676	2.02477772	
441.4	2.00230143	2.02474884	
441.6	2.00255077	2.02471996	
441.8	2.00219315	2.02469108	
442	2.00197978	2.0246622	
442.2	2.00151385	2.02463332	
442.4	2.00142389	2.02460444	
442.6	2.00147289	2.02457556	
442.8	2.0015178	2.02454668	
443	2.00146287	2.0245178	
443.2	2.00150475	2.02448893	
443.4	2.00135158	2.02446005	
443.6	2.00085971	2.02443117	
443.8	2.00073901	2.0244023	
444	2.0007605	2.02437342	
444.2	2.00104209	2.02434455	
444.4	2.00086894	2.02431567	
444.6	2.00101031	2.0242868	
444.8	2.00119214	2.02425792	
445	2.00132055	2.02422905	
445.2	2.00098163	2.02420018	
445.4	2.00065586	2.0241713	
445.6	2.0008186	2.02414243	
445.8	2.00045837	2.02411356	
446	2.00040436	2.02408469	
446.2	2.00029931	2.02405582	
446.4	2.00037992	2.02402695	
446.6	2.00019479	2.02399807	
446.8	2.00035271	2.0239692	
447	2.00025417	2.02394034	
447.2	2.00024546	2.02391147	
447.4	2.00021243	2.0238826	
447.6	2.00026834	2.02385373	
447.8	2.00046679	2.02382486	
448	2.00086129	2.02379599	
448.2	2.00078503	2.02376713	
448.4	2.00044111	2.02373826	
448.6	2.00046476	2.02370939	
448.8	2.0007086	2.02368053	
449	2.00065883	2.02365166	
449.2	2.00048152	2.0236228	
449.4	2.00072354	2.02359393	
449.6	2.00080005	2.02356507	
449.8	2.00062735	2.0235362	
450	2.00064241	2.02350734	
450.2	2.00072787	2.02347848	
450.4	2.00032776	2.02344962	
450.6	2.0001217	2.02342075	
450.8	1.99975135	2.02339189	
451	1.99944184	2.02336303	
451.2	1.99926038	2.02333417	
451.4	1.99916693	2.02330531	
451.6	1.99897374	2.02327645	
451.8	1.99882359	2.02324759	
452	1.99887425	2.02321873	
452.2	1.9985624	2.02318987	
452.4	1.99889706	2.02316101	
452.6	1.99913817	2.02313215	
452.8	1.99934875	2.0231033	
453	1.99943936	2.02307444	
453.2	1.99979222	2.02304558	
453.4	1.99985203	2.02301673	
453.6	2.00020836	2.02298787	
453.8	2.00046251	2.02295902	
454	2.00064517	2.02293016	
454.2	2.00042227	2.02290131	
454.4	2.00026405	2.02287245	
454.6	2.00000493	2.0228436	
454.8	1.99988966	2.02281474	
455	2.00021062	2.02278589	
455.2	2.00025161	2.02275704	
455.4	1.9998879	2.02272819	
455.6	1.99988957	2.02269933	
455.8	1.99979461	2.02267048	
456	1.99985408	2.02264163	
456.2	2.00000117	2.02261278	
456.4	2.00018465	2.02258393	
456.6	2.00012136	2.02255508	
456.8	1.9998549	2.02252623	
457	1.99964236	2.02249738	
457.2	1.99917886	2.02246853	
457.4	1.99869442	2.02243969	
457.6	1.99874564	2.02241084	
457.8	1.99863622	2.02238199	
458	1.99869061	2.02235314	
458.2	1.99868587	2.0223243	
458.4	1.99883411	2.02229545	
458.6	1.9986534	2.0222666	
458.8	1.99856413	2.02223776	
459	1.99851674	2.02220891	
459.2	1.99817526	2.02218007	
459.4	1.99801524	2.02215123	
459.6	1.99806934	2.02212238	
459.8	1.99771546	2.02209354	
460	1.99793962	2.0220647	
460.2	1.99791043	2.02203585	
460.4	1.99782398	2.02200701	
460.6	1.99768762	2.02197817	
460.8	1.99744401	2.02194933	
461	1.99710421	2.02192049	
461.2	1.99663697	2.02189165	
461.4	1.99644596	2.02186281	
461.6	1.99652768	2.02183397	
461.8	1.99607234	2.02180513	
462	1.99621108	2.02177629	
462.2	1.99628091	2.02174745	
462.4	1.99619567	2.02171861	
462.6	1.99606358	2.02168978	
462.8	1.99602711	2.02166094	
463	1.99612695	2.0216321	
463.2	1.99603132	2.02160327	
463.4	1.99621827	2.02157443	
463.6	1.99622015	2.0215456	
463.8	1.99661356	2.02151676	
464	1.9969687	2.02148793	
464.2	1.99705102	2.02145909	
464.4	1.99717852	2.02143026	
464.6	1.99746909	2.02140143	
464.8	1.99725176	2.02137259	
465	1.99684461	2.02134376	
465.2	1.9965324	2.02131493	
465.4	1.99623558	2.0212861	
465.6	1.99638141	2.02125726	
465.8	1.99628696	2.02122843	
466	1.99684361	2.0211996	
466.2	1.99659366	2.02117077	
466.4	1.9964801	2.02114194	
466.6	1.99645726	2.02111311	
466.8	1.99637906	2.02108429	
467	1.99636816	2.02105546	
467.2	1.9962675	2.02102663	
467.4	1.99628344	2.0209978	
467.6	1.99628407	2.02096897	
467.8	1.99645772	2.02094015	
468	1.99656418	2.02091132	
468.2	1.99635636	2.0208825	
468.4	1.99647236	2.02085367	
468.6	1.99643661	2.02082484	
468.8	1.99601662	2.02079602	
469	1.99571595	2.0207672	
469.2	1.99571588	2.02073837	
469.4	1.99553103	2.02070955	
469.6	1.9958677	2.02068073	
469.8	1.995723	2.0206519	
470	1.99547184	2.02062308	
470.2	1.99525467	2.02059426	
470.4	1.99518114	2.02056544	
470.6	1.99511746	2.02053662	
470.8	1.99497495	2.0205078	
471	1.99481337	2.02047898	
471.2	1.99447164	2.02045016	
471.4	1.99433037	2.02042134	
471.6	1.9945977	2.02039252	
471.8	1.99499099	2.0203637	
472	1.99534452	2.02033488	
472.2	1.99525076	2.02030606	
472.4	1.99541174	2.02027725	
472.6	1.99511147	2.02024843	
472.8	1.99491468	2.02021961	
473	1.99462136	2.0201908	
473.2	1.99461481	2.02016198	
473.4	1.99444665	2.02013317	
473.6	1.99444721	2.02010435	
473.8	1.99436933	2.02007554	
474	1.99422881	2.02004672	
474.2	1.99434335	2.02001791	
474.4	1.99395156	2.0199891	
474.6	1.99396965	2.01996028	
474.8	1.99389834	2.01993147	
475	1.99374518	2.01990266	
475.2	1.99382008	2.01987385	
475.4	1.99396322	2.01984504	
475.6	1.99439936	2.01981622	
475.8	1.99481535	2.01978741	
476	1.99475444	2.0197586	
476.2	1.9950373	2.01972979	
476.4	1.99507024	2.01970099	
476.6	1.99466847	2.01967218	
476.8	1.99447667	2.01964337	
477	1.99442897	2.01961456	
477.2	1.99440135	2.01958575	
477.4	1.99426634	2.01955695	
477.6	1.99402297	2.01952814	
477.8	1.99380684	2.01949933	
478	1.99360888	2.01947053	
478.2	1.9934716	2.01944172	
478.4	1.993216	2.01941292	
478.6	1.99332982	2.01938411	
478.8	1.99313607	2.01935531	
479	1.9931352	2.0193265	
479.2	1.99319075	2.0192977	
479.4	1.99314715	2.0192689	
479.6	1.9933235	2.0192401	
479.8	1.99343337	2.01921129	
