Conc1	3.33E-08	
Start1	240	
Stop1	479.8	
Kobs	7.13196876720899E-05	
Error Kobs	1.69025440704817E-05	
Koff	0	
Error Koff	0	
Time1	Data1	Fit1	
240	0.01884619	0	
240.2	0.02092843	0.00451275	
240.4	0.02348049	0.00901617	
240.6	0.02639344	0.0135103	
240.8	0.02949096	0.01799515	
241	0.03261537	0.02247074	
241.2	0.03615662	0.02693709	
241.4	0.0401223	0.03139422	
241.6	0.04401609	0.03584215	
241.8	0.04784323	0.04028089	
242	0.0515929	0.04471047	
242.2	0.05471042	0.0491309	
242.4	0.05798052	0.0535422	
242.6	0.06134955	0.0579444	
242.8	0.06504666	0.06233751	
243	0.06891799	0.06672154	
243.2	0.07243387	0.07109653	
243.4	0.07621787	0.07546248	
243.6	0.07994578	0.07981942	
243.8	0.08348835	0.08416736	
244	0.0872126	0.08850632	
244.2	0.09068564	0.09283633	
244.4	0.09453796	0.09715739	
244.6	0.09813036	0.10146954	
244.8	0.10129214	0.10577278	
245	0.10447842	0.11006713	
245.2	0.10835734	0.11435262	
245.4	0.11220741	0.11862926	
245.6	0.11580732	0.12289707	
245.8	0.11924066	0.12715607	
246	0.12245195	0.13140627	
246.2	0.12529425	0.1356477	
246.4	0.12840675	0.13988037	
246.6	0.13155963	0.14410431	
246.8	0.13527094	0.14831952	
247	0.13879106	0.15252603	
247.2	0.14230266	0.15672385	
247.4	0.14571736	0.16091301	
247.6	0.14921409	0.16509351	
247.8	0.15280411	0.16926539	
248	0.15622179	0.17342865	
248.2	0.15979505	0.17758331	
248.4	0.16343684	0.1817294	
248.6	0.16669515	0.18586693	
248.8	0.16976205	0.18999591	
249	0.17334907	0.19411637	
249.2	0.17680631	0.19822832	
249.4	0.18024617	0.20233178	
249.6	0.18399958	0.20642677	
249.8	0.18712486	0.2105133	
250	0.19032097	0.2145914	
250.2	0.19340068	0.21866107	
250.4	0.1964052	0.22272235	
250.6	0.19980605	0.22677524	
250.8	0.20313738	0.23081975	
251	0.20643527	0.23485592	
251.2	0.2097461	0.23888376	
251.4	0.21296154	0.24290328	
251.6	0.21641289	0.2469145	
251.8	0.21988445	0.25091744	
252	0.22309966	0.25491211	
252.2	0.2268031	0.25889853	
252.4	0.23041841	0.26287673	
252.6	0.23395219	0.26684671	
252.8	0.2372604	0.27080849	
253	0.24055255	0.2747621	
253.2	0.24396656	0.27870754	
253.4	0.24762103	0.28264483	
253.6	0.25088088	0.286574	
253.8	0.25427417	0.29049505	
254	0.25776579	0.29440801	
254.2	0.26115829	0.29831288	
254.4	0.26428471	0.3022097	
254.6	0.26751387	0.30609847	
254.8	0.27073214	0.30997921	
255	0.27411504	0.31385193	
255.2	0.27731676	0.31771667	
255.4	0.28093504	0.32157342	
255.6	0.28414329	0.32542221	
255.8	0.28755381	0.32926305	
256	0.29070214	0.33309596	
256.2	0.29433281	0.33692096	
256.4	0.29769807	0.34073806	
256.6	0.30086876	0.34454728	
256.8	0.30391261	0.34834863	
257	0.30688105	0.35214214	
257.2	0.31002358	0.35592781	
257.4	0.31306368	0.35970567	
257.6	0.31626546	0.36347572	
257.8	0.31990079	0.367238	
258	0.32300484	0.3709925	
258.2	0.32633424	0.37473925	
258.4	0.32944229	0.37847827	
258.6	0.33275464	0.38220957	
258.8	0.33612891	0.38593316	
259	0.33970096	0.38964906	
259.2	0.34314861	0.39335729	
259.4	0.34673279	0.39705787	
259.6	0.34996309	0.40075081	
259.8	0.35335186	0.40443612	
260	0.35659835	0.40811382	
260.2	0.36038911	0.41178392	
260.4	0.36384859	0.41544645	
260.6	0.36725858	0.41910142	
260.8	0.37063069	0.42274884	
261	0.37350705	0.42638873	
261.2	0.37678571	0.43002111	
261.4	0.3804389	0.43364598	
261.6	0.38372606	0.43726337	
261.8	0.38679618	0.4408733	
262	0.38994332	0.44447577	
262.2	0.39304651	0.4480708	
262.4	0.39616183	0.4516584	
262.6	0.39948335	0.4552386	
262.8	0.4025473	0.45881141	
263	0.4058482	0.46237684	
263.2	0.40875191	0.46593491	
263.4	0.4119098	0.46948564	
263.6	0.41514423	0.47302903	
263.8	0.41794948	0.47656511	
264	0.42141053	0.48009388	
264.2	0.42490657	0.48361537	
264.4	0.42800201	0.48712959	
264.6	0.43116144	0.49063655	
264.8	0.43404311	0.49413627	
265	0.43714891	0.49762877	
265.2	0.44091354	0.50111405	
265.4	0.44435475	0.50459214	
265.6	0.44732416	0.50806305	
265.8	0.45036406	0.51152679	
266	0.4534952	0.51498338	
266.2	0.45657718	0.51843283	
266.4	0.45969438	0.52187516	
266.6	0.46323846	0.52531039	
266.8	0.4664427	0.52873852	
267	0.46960841	0.53215957	
267.2	0.4725875	0.53557356	
267.4	0.47553552	0.5389805	
267.6	0.47875289	0.5423804	
267.8	0.48186841	0.54577329	
268	0.48535811	0.54915917	
268.2	0.48835594	0.55253806	
268.4	0.49117308	0.55590997	
268.6	0.49467971	0.55927492	
268.8	0.49771385	0.56263293	
269	0.501074	0.565984	
269.2	0.50428708	0.56932815	
269.4	0.50689599	0.57266539	
269.6	0.51020681	0.57599575	
269.8	0.51326769	0.57931923	
270	0.5166492	0.58263584	
270.2	0.51973154	0.58594561	
270.4	0.52279137	0.58924855	
270.6	0.52633137	0.59254467	
270.8	0.52948983	0.59583398	
271	0.53226559	0.5991165	
271.2	0.53525616	0.60239224	
271.4	0.5382303	0.60566122	
271.6	0.54122984	0.60892345	
271.8	0.5447679	0.61217894	
272	0.54764085	0.61542771	
272.2	0.55081458	0.61866977	
272.4	0.55389765	0.62190514	
272.6	0.55726295	0.62513383	
272.8	0.55991277	0.62835586	
273	0.5625495	0.63157123	
273.2	0.56538909	0.63477996	
273.4	0.56819554	0.63798207	
273.6	0.57137175	0.64117756	
273.8	0.57403373	0.64436646	
274	0.57764424	0.64754877	
274.2	0.58092653	0.65072452	
274.4	0.58416023	0.6538937	
274.6	0.58761985	0.65705635	
274.8	0.59068584	0.66021246	
275	0.59397932	0.66336205	
275.2	0.59712827	0.66650515	
275.4	0.60009477	0.66964175	
275.6	0.60347962	0.67277188	
275.8	0.60728058	0.67589554	
276	0.61033783	0.67901276	
276.2	0.61335599	0.68212354	
276.4	0.61602554	0.68522789	
276.6	0.61897564	0.68832584	
276.8	0.62174715	0.69141739	
277	0.62471674	0.69450256	
277.2	0.62811118	0.69758135	
277.4	0.63103113	0.70065379	
277.6	0.63397721	0.70371989	
277.8	0.63731584	0.70677966	
278	0.64100782	0.7098331	
278.2	0.64378649	0.71288025	
278.4	0.64698625	0.7159211	
278.6	0.65012427	0.71895567	
278.8	0.65303469	0.72198398	
279	0.65659179	0.72500604	
279.2	0.65938405	0.72802185	
279.4	0.66235584	0.73103144	
279.6	0.66554822	0.73403482	
279.8	0.66837202	0.73703199	
280	0.67116599	0.74002298	
280.2	0.67373509	0.74300779	
280.4	0.67687417	0.74598644	
280.6	0.67995285	0.74895893	
280.8	0.68278781	0.75192529	
281	0.68593191	0.75488553	
281.2	0.68883778	0.75783965	
281.4	0.69138641	0.76078768	
281.6	0.69425302	0.76372961	
281.8	0.69733006	0.76666548	
282	0.70020504	0.76959528	
282.2	0.70297215	0.77251903	
282.4	0.70642455	0.77543674	
282.6	0.70922468	0.77834844	
282.8	0.71201668	0.78125411	
283	0.71511898	0.78415379	
283.2	0.71782718	0.78704749	
283.4	0.72047352	0.78993521	
283.6	0.72344218	0.79281696	
283.8	0.72639144	0.79569277	
284	0.72976464	0.79856264	
284.2	0.73294314	0.80142658	
284.4	0.73611205	0.80428461	
284.6	0.73915088	0.80713674	
284.8	0.74231865	0.80998298	
285	0.74568133	0.81282334	
285.2	0.74862001	0.81565784	
285.4	0.75176213	0.81848648	
285.6	0.7550009	0.82130929	
285.8	0.75772289	0.82412627	
286	0.76053955	0.82693743	
286.2	0.7636249	0.82974278	
286.4	0.76669773	0.83254235	
286.6	0.769371	0.83533613	
286.8	0.7719578	0.83812415	
287	0.77474926	0.84090641	
287.2	0.77761881	0.84368292	
287.4	0.78016101	0.84645371	
287.6	0.7830699	0.84921877	
287.8	0.78591264	0.85197812	
288	0.78898244	0.85473177	
288.2	0.79186404	0.85747974	
288.4	0.79446238	0.86022204	
288.6	0.79733219	0.86295867	
288.8	0.79997916	0.86568966	
289	0.8028227	0.868415	
289.2	0.80560357	0.87113472	
289.4	0.808582	0.87384882	
289.6	0.81148258	0.87655732	
289.8	0.81403184	0.87926023	
290	0.81698332	0.88195755	
290.2	0.82008418	0.88464931	
290.4	0.8230072	0.88733551	
290.6	0.82560412	0.89001616	
290.8	0.82860357	0.89269127	
291	0.83169662	0.89536087	
291.2	0.83478001	0.89802495	
291.4	0.83788434	0.90068353	
291.6	0.84116194	0.90333662	
291.8	0.84413683	0.90598424	
292	0.84725507	0.90862639	
292.2	0.84999934	0.91126308	
292.4	0.85256328	0.91389433	
292.6	0.85530934	0.91652014	
292.8	0.85800077	0.91914054	
293	0.86136714	0.92175552	
293.2	0.86389391	0.92436511	
293.4	0.86641212	0.9269693	
293.6	0.86934522	0.92956812	
293.8	0.87192351	0.93216158	
294	0.87473994	0.93474968	
294.2	0.87732557	0.93733243	
294.4	0.88004951	0.93990985	
294.6	0.88259689	0.94248196	
294.8	0.8858969	0.94504875	
295	0.8887616	0.94761024	
295.2	0.89165427	0.95016644	
295.4	0.89431602	0.95271736	
295.6	0.89705079	0.95526302	
295.8	0.8997328	0.95780342	
296	0.90293626	0.96033858	
296.2	0.90600536	0.9628685	
296.4	0.90881067	0.9653932	
296.6	0.91148175	0.96791268	
296.8	0.91440784	0.97042697	
297	0.91727103	0.97293606	
297.2	0.91965031	0.97543997	
297.4	0.9224929	0.97793871	
297.6	0.92577929	0.9804323	
297.8	0.92865127	0.98292073	
298	0.9314572	0.98540403	
298.2	0.93408538	0.98788219	
298.4	0.93686906	0.99035525	
298.6	0.93997939	0.99282319	
298.8	0.94294589	0.99528604	
299	0.94503338	0.99774381	
299.2	0.94703816	1.0001965	
299.4	0.94930356	1.00264413	
299.6	0.95210769	1.0050867	
299.8	0.95478648	1.00752423	
300	0.95771471	1.00995672	
300.2	0.95992192	1.0123842	
300.4	0.96222142	1.01480666	
300.6	0.96479242	1.01722412	
300.8	0.96747574	1.01963659	
301	0.97012115	1.02204408	
301.2	0.97317987	1.0244466	
301.4	0.97577742	1.02684415	
301.6	0.97891114	1.02923676	
301.8	0.98167723	1.03162443	
302	0.9843774	1.03400717	
302.2	0.98732264	1.03638498	
302.4	0.99033187	1.03875789	
302.6	0.99357092	1.0411259	
302.8	0.99583543	1.04348902	
303	0.99804684	1.04584726	
303.2	1.00081602	1.04820063	
303.4	1.00357895	1.05054914	
303.6	1.00587371	1.0528928	
303.8	1.00833555	1.05523163	
304	1.01083849	1.05756562	
304.2	1.01301231	1.0598948	
304.4	1.01565525	1.06221916	
304.6	1.01808882	1.06453873	
304.8	1.02037479	1.06685351	
305	1.0229022	1.06916351	
305.2	1.02533955	1.07146874	
305.4	1.02741676	1.07376921	
305.6	1.0302015	1.07606493	
305.8	1.03234403	1.07835591	
306	1.03474663	1.08064216	
306.2	1.03724957	1.08292369	
306.4	1.03994748	1.08520051	
306.6	1.04227327	1.08747262	
306.8	1.04450636	1.08974005	
307	1.04716909	1.0920028	
307.2	1.05024657	1.09426087	
307.4	1.05286911	1.09651428	
307.6	1.05571524	1.09876304	
307.8	1.05864484	1.10100715	
308	1.06129151	1.10324663	
308.2	1.06407663	1.10548149	
308.4	1.06661583	1.10771173	
308.6	1.06945355	1.10993737	
308.8	1.07224821	1.11215842	
309	1.07487321	1.11437487	
309.2	1.07724555	1.11658675	
309.4	1.0801164	1.11879407	
309.6	1.08278721	1.12099682	
309.8	1.08490948	1.12319503	
310	1.08726148	1.1253887	
310.2	1.08934755	1.12757784	
310.4	1.09202342	1.12976246	
310.6	1.09398844	1.13194257	
310.8	1.09631659	1.13411818	
311	1.09855506	1.1362893	
311.2	1.10127398	1.13845593	
311.4	1.1036335	1.14061809	
311.6	1.10592246	1.14277579	
311.8	1.10816656	1.14492903	
312	1.11050862	1.14707783	
312.2	1.11306122	1.14922219	
312.4	1.11540689	1.15136212	
312.6	1.11823073	1.15349763	
312.8	1.12079869	1.15562873	
313	1.12321281	1.15775544	
313.2	1.12588331	1.15987775	
313.4	1.12854593	1.16199568	
313.6	1.13082061	1.16410924	
313.8	1.13308758	1.16621843	
314	1.13558097	1.16832327	
314.2	1.13791288	1.17042376	
314.4	1.14060312	1.17251992	
314.6	1.14275023	1.17461175	
314.8	1.14497541	1.17669926	
315	1.14747122	1.17878246	
315.2	1.15009759	1.18086135	
315.4	1.15244694	1.18293596	
315.6	1.1545733	1.18500628	
315.8	1.15705247	1.18707233	
316	1.15938047	1.18913411	
316.2	1.16173801	1.19119163	
316.4	1.16425398	1.19324491	
316.6	1.16665079	1.19529395	
316.8	1.16877661	1.19733875	
317	1.17116804	1.19937934	
317.2	1.17376346	1.20141571	
317.4	1.17598201	1.20344788	
317.6	1.17841559	1.20547585	
317.8	1.18074391	1.20749963	
318	1.18330026	1.20951924	
318.2	1.18577922	1.21153467	
318.4	1.18837285	1.21354594	
318.6	1.19090552	1.21555307	
318.8	1.19327488	1.21755604	
319	1.19582623	1.21955488	
319.2	1.19802804	1.2215496	
319.4	1.20011443	1.22354019	
319.6	1.20223688	1.22552668	
319.8	1.20462144	1.22750906	
320	1.20653103	1.22948736	
320.2	1.20876555	1.23146156	
320.4	1.21073456	1.23343169	
320.6	1.2124375	1.23539776	
320.8	1.21474958	1.23735976	
321	1.21676432	1.23931771	
321.2	1.21886176	1.24127162	
321.4	1.2207892	1.2432215	
321.6	1.22272212	1.24516735	
321.8	1.22462435	1.24710918	
322	1.22706854	1.249047	
322.2	1.22955248	1.25098082	
322.4	1.23189539	1.25291065	
322.6	1.23425429	1.2548365	
322.8	1.23652608	1.25675836	
323	1.23885362	1.25867626	
323.2	1.24135326	1.2605902	
323.4	1.24358535	1.26250019	
323.6	1.24617928	1.26440624	
323.8	1.24831157	1.26630835	
324	1.2504893	1.26820653	
324.2	1.25324019	1.27010079	
324.4	1.25552923	1.27199114	
324.6	1.2578073	1.27387759	
324.8	1.26054173	1.27576014	
325	1.26237292	1.27763881	
325.2	1.26480995	1.2795136	
325.4	1.26679985	1.28138452	
325.6	1.26868441	1.28325157	
325.8	1.2711504	1.28511477	
326	1.27363294	1.28697412	
326.2	1.27593837	1.28882963	
326.4	1.27815245	1.29068132	
326.6	1.28053875	1.29252917	
326.8	1.28270177	1.29437322	
327	1.2849931	1.29621345	
327.2	1.28724226	1.29804989	
327.4	1.28910381	1.29988253	
327.6	1.29110461	1.3017114	
327.8	1.29316754	1.30353648	
328	1.29534286	1.3053578	
328.2	1.29767049	1.30717535	
328.4	1.29974554	1.30898916	
328.6	1.30153167	1.31079921	
328.8	1.30323746	1.31260554	
329	1.30478086	1.31440813	
329.2	1.30655987	1.316207	
329.4	1.30795582	1.31800215	
329.6	1.31013127	1.3197936	
329.8	1.31244067	1.32158135	
330	1.31443497	1.32336541	
330.2	1.3164792	1.32514579	
330.4	1.31844522	1.32692248	
330.6	1.32058058	1.32869552	
330.8	1.3224901	1.33046489	
331	1.32450826	1.3322306	
331.2	1.32661854	1.33399267	
331.4	1.32855496	1.33575111	
331.6	1.33076979	1.33750591	
331.8	1.33320432	1.33925709	
332	1.33528468	1.34100465	
332.2	1.33750324	1.34274861	
332.4	1.33942815	1.34448896	
332.6	1.34112963	1.34622572	
332.8	1.34279086	1.3479589	
333	1.34480949	1.3496885	
333.2	1.3469915	1.35141452	
333.4	1.34919347	1.35313699	
333.6	1.35128032	1.35485589	
333.8	1.35346576	1.35657125	
334	1.35536197	1.35828306	
334.2	1.35756367	1.35999134	
334.4	1.35967367	1.3616961	
334.6	1.36175231	1.36339733	
334.8	1.36374702	1.36509505	
335	1.36592179	1.36678927	
335.2	1.3682273	1.36847998	
335.4	1.37021827	1.37016721	
335.6	1.37225291	1.37185095	
335.8	1.37410946	1.37353122	
336	1.37577487	1.37520802	
336.2	1.37752866	1.37688135	
336.4	1.37926733	1.37855123	
336.6	1.38100442	1.38021767	
336.8	1.38275948	1.38188066	
337	1.38425871	1.38354022	
337.2	1.38639659	1.38519635	
337.4	1.38813505	1.38684906	
337.6	1.38975651	1.38849836	
337.8	1.39189557	1.39014425	
338	1.39358482	1.39178675	
338.2	1.39593691	1.39342586	
338.4	1.39764576	1.39506158	
338.6	1.39942042	1.39669392	
338.8	1.40140767	1.39832289	
339	1.40324218	1.3999485	
339.2	1.4048345	1.40157076	
339.4	1.40634947	1.40318966	
339.6	1.40771985	1.40480522	
339.8	1.40950626	1.40641745	
340	1.41163113	1.40802634	
340.2	1.41369125	1.40963192	
340.4	1.41567908	1.41123418	
340.6	1.4180498	1.41283313	
340.8	1.41992531	1.41442878	
341	1.42182964	1.41602114	
341.2	1.42415597	1.4176102	
341.4	1.42606101	1.41919599	
341.6	1.42795607	1.4207785	
341.8	1.42997109	1.42235775	
342	1.43179298	1.42393373	
342.2	1.43389362	1.42550646	
342.4	1.43526891	1.42707595	
342.6	1.43652628	1.42864219	
342.8	1.43789047	1.4302052	
343	1.4390484	1.43176498	
343.2	1.44046664	1.43332154	
343.4	1.44188683	1.43487489	
343.6	1.44331068	1.43642503	
343.8	1.44542555	1.43797197	
344	1.44742104	1.43951572	
344.2	1.44931842	1.44105627	
344.4	1.45131674	1.44259365	
344.6	1.45344824	1.44412785	
344.8	1.45526369	1.44565889	
345	1.45721786	1.44718677	
345.2	1.45897482	1.44871148	
345.4	1.46106127	1.45023306	
345.6	1.46285539	1.45175149	
345.8	1.46506784	1.45326678	
346	1.4666544	1.45477895	
346.2	1.46788676	1.45628799	
346.4	1.46902736	1.45779392	
346.6	1.47055583	1.45929674	
346.8	1.47205911	1.46079646	
347	1.47343478	1.46229308	
347.2	1.47529	1.46378661	
347.4	1.47710103	1.46527705	
347.6	1.47868731	1.46676442	
347.8	1.4802542	1.46824872	
348	1.48173654	1.46972995	
348.2	1.4833148	1.47120812	
348.4	1.48486775	1.47268325	
348.6	1.48668773	1.47415532	
348.8	1.48865007	1.47562436	
349	1.49008837	1.47709037	
349.2	1.49150562	1.47855334	
349.4	1.4932037	1.4800133	
349.6	1.49489689	1.48147024	
349.8	1.4963029	1.48292418	
350	1.4977683	1.48437511	
350.2	1.49881916	1.48582305	
350.4	1.50046479	1.48726799	
350.6	1.50241776	1.48870996	
350.8	1.50394887	1.49014894	
351	1.50553061	1.49158496	
351.2	1.50762927	1.49301801	
351.4	1.50931492	1.4944481	
351.6	1.51081415	1.49587524	
351.8	1.51239498	1.49729943	
352	1.51417499	1.49872068	
352.2	1.51594801	1.500139	
352.4	1.51733614	1.50155439	
352.6	1.51856348	1.50296685	
352.8	1.52019944	1.5043764	
353	1.52145812	1.50578304	
353.2	1.52246783	1.50718678	
353.4	1.52416612	1.50858762	
353.6	1.52586427	1.50998556	
353.8	1.52730669	1.51138062	
354	1.52891172	1.5127728	
354.2	1.53016046	1.5141621	
354.4	1.53171886	1.51554854	
354.6	1.53306135	1.51693211	
354.8	1.5345211	1.51831282	
355	1.53614931	1.51969069	
355.2	1.53793755	1.52106571	
355.4	1.53970161	1.52243789	
355.6	1.5416029	1.52380724	
355.8	1.5428514	1.52517376	
356	1.5446288	1.52653746	
356.2	1.54629527	1.52789834	
356.4	1.54708986	1.52925641	
356.6	1.54832298	1.53061168	
356.8	1.55013471	1.53196415	
357	1.55168735	1.53331383	
357.2	1.5529902	1.53466073	
357.4	1.55476795	1.53600484	
357.6	1.55605622	1.53734617	
357.8	1.55738698	1.53868474	
358	1.55864172	1.54002054	
358.2	1.56021309	1.54135359	
358.4	1.5615833	1.54268388	
358.6	1.5630413	1.54401142	
358.8	1.56492758	1.54533623	
359	1.56655813	1.5466583	
359.2	1.56796093	1.54797764	
359.4	1.56947577	1.54929425	
359.6	1.57071055	1.55060815	
359.8	1.57171154	1.55191934	
360	1.57171154	1.55322781	
360.2	1.57182193	1.55320566	
360.4	1.57200745	1.5531835	
360.6	1.57201644	1.55316135	
360.8	1.5720403	1.55313919	
361	1.57232667	1.55311704	
361.2	1.57269802	1.55309489	
361.4	1.57281734	1.55307273	
361.6	1.57319575	1.55305058	
361.8	1.5730911	1.55302843	
362	1.57343069	1.55300628	
362.2	1.57359205	1.55298413	
362.4	1.57365463	1.55296197	
362.6	1.57393986	1.55293982	
362.8	1.57369711	1.55291767	
363	1.57348519	1.55289552	
363.2	1.573375	1.55287337	
363.4	1.57344235	1.55285122	
363.6	1.57331737	1.55282907	
363.8	1.57304948	1.55280692	
364	1.57314671	1.55278477	
364.2	1.57315114	1.55276262	
364.4	1.57309204	1.55274048	
364.6	1.57288262	1.55271833	
364.8	1.57286659	1.55269618	
365	1.5730777	1.55267403	
365.2	1.57325524	1.55265189	
365.4	1.57296301	1.55262974	
365.6	1.5727875	1.55260759	
365.8	1.57276667	1.55258545	
366	1.57321513	1.5525633	
366.2	1.57292258	1.55254115	
366.4	1.57299587	1.55251901	
366.6	1.57301846	1.55249686	
366.8	1.57286819	1.55247472	
367	1.57314335	1.55245258	
367.2	1.57320556	1.55243043	
367.4	1.57298372	1.55240829	
367.6	1.57249362	1.55238615	
367.8	1.57257212	1.552364	
368	1.57297327	1.55234186	
368.2	1.57322277	1.55231972	
368.4	1.57318945	1.55229758	
368.6	1.57311351	1.55227543	
368.8	1.57310837	1.55225329	
369	1.57312494	1.55223115	
369.2	1.57285317	1.55220901	
369.4	1.57258958	1.55218687	
369.6	1.57271779	1.55216473	
369.8	1.57276751	1.55214259	
370	1.57305677	1.55212045	
370.2	1.57307586	1.55209831	
370.4	1.57331278	1.55207617	
370.6	1.573288	1.55205403	
370.8	1.5730483	1.5520319	
371	1.57321588	1.55200976	
371.2	1.57292726	1.55198762	
371.4	1.57273833	1.55196548	
371.6	1.57267308	1.55194335	
371.8	1.57306555	1.55192121	
372	1.57335923	1.55189907	
372.2	1.57361022	1.55187694	
372.4	1.57340189	1.5518548	
372.6	1.57309698	1.55183267	
372.8	1.57310412	1.55181053	
373	1.57300253	1.5517884	
373.2	1.57286102	1.55176626	
373.4	1.57281289	1.55174413	
373.6	1.5727992	1.55172199	
373.8	1.57220438	1.55169986	
374	1.57228901	1.55167773	
374.2	1.5721051	1.55165559	
374.4	1.5716509	1.55163346	
374.6	1.57148891	1.55161133	
374.8	1.57097938	1.5515892	
375	1.57122797	1.55156707	
375.2	1.57084566	1.55154493	
375.4	1.5708048	1.5515228	
375.6	1.57107436	1.55150067	
375.8	1.57152036	1.55147854	
376	1.57156903	1.55145641	
376.2	1.57146906	1.55143428	
376.4	1.57135697	1.55141215	
376.6	1.57150147	1.55139002	
376.8	1.57199562	1.55136789	
377	1.5720746	1.55134577	
377.2	1.57214224	1.55132364	
377.4	1.57184364	1.55130151	
377.6	1.57150358	1.55127938	
377.8	1.57125006	1.55125726	
378	1.57136411	1.55123513	
378.2	1.57146327	1.551213	
378.4	1.5713284	1.55119088	
378.6	1.57137108	1.55116875	
378.8	1.57149341	1.55114662	
379	1.57183019	1.5511245	
379.2	1.57146897	1.55110237	
379.4	1.57180332	1.55108025	
379.6	1.57182538	1.55105813	
379.8	1.5715095	1.551036	
380	1.5709556	1.55101388	
380.2	1.5709047	1.55099175	
380.4	1.57099256	1.55096963	
380.6	1.57057644	1.55094751	
380.8	1.57036252	1.55092539	
381	1.5699587	1.55090326	
381.2	1.56949876	1.55088114	
381.4	1.56902977	1.55085902	
381.6	1.568615	1.5508369	
381.8	1.5687497	1.55081478	
382	1.56812064	1.55079266	
382.2	1.56788696	1.55077054	
382.4	1.56787342	1.55074842	
382.6	1.56775142	1.5507263	
382.8	1.56752864	1.55070418	
383	1.56730376	1.55068206	
383.2	1.56728258	1.55065994	
383.4	1.56758598	1.55063782	
383.6	1.56772665	1.5506157	
383.8	1.56788524	1.55059359	
384	1.56822616	1.55057147	
384.2	1.56846372	1.55054935	
384.4	1.56863074	1.55052724	
384.6	1.56836556	1.55050512	
384.8	1.56838556	1.550483	
385	1.5682329	1.55046089	
385.2	1.56817085	1.55043877	
385.4	1.56825125	1.55041666	
385.6	1.56806474	1.55039454	
385.8	1.56816844	1.55037243	
386	1.56768257	1.55035031	
386.2	1.56787344	1.5503282	
386.4	1.56802423	1.55030608	
386.6	1.56798999	1.55028397	
386.8	1.56769536	1.55026186	
387	1.56783149	1.55023975	
387.2	1.56805506	1.55021763	
387.4	1.56840558	1.55019552	
387.6	1.56882023	1.55017341	
387.8	1.56875294	1.5501513	
388	1.56858353	1.55012919	
388.2	1.56838966	1.55010708	
388.4	1.56834955	1.55008497	
388.6	1.56773862	1.55006286	
388.8	1.56753318	1.55004075	
389	1.56747426	1.55001864	
389.2	1.56717594	1.54999653	
389.4	1.56720725	1.54997442	
389.6	1.56677949	1.54995231	
389.8	1.56678903	1.5499302	
390	1.56658013	1.54990809	
390.2	1.56655743	1.54988599	
390.4	1.56668769	1.54986388	
390.6	1.5661382	1.54984177	
390.8	1.56586845	1.54981966	
391	1.56578678	1.54979756	
391.2	1.5660248	1.54977545	
391.4	1.56623603	1.54975335	
391.6	1.56653434	1.54973124	
391.8	1.56625259	1.54970914	
392	1.56609083	1.54968703	
392.2	1.56647314	1.54966493	
392.4	1.56649544	1.54964282	
392.6	1.56652039	1.54962072	
392.8	1.56699175	1.54959862	
393	1.56701303	1.54957651	
393.2	1.56674892	1.54955441	
393.4	1.56671531	1.54953231	
393.6	1.56659676	1.5495102	
393.8	1.566712	1.5494881	
394	1.56663916	1.549466	
394.2	1.56645815	1.5494439	
394.4	1.5662189	1.5494218	
394.6	1.56588086	1.5493997	
394.8	1.56596407	1.5493776	
395	1.56598259	1.5493555	
395.2	1.56621599	1.5493334	
395.4	1.5662309	1.5493113	
395.6	1.56608252	1.5492892	
395.8	1.56533756	1.5492671	
396	1.56533635	1.549245	
396.2	1.56556442	1.5492229	
396.4	1.56515209	1.54920081	
396.6	1.56533291	1.54917871	
396.8	1.56522254	1.54915661	
397	1.56536262	1.54913451	
397.2	1.56539494	1.54911242	
397.4	1.56521525	1.54909032	
397.6	1.56545599	1.54906823	
397.8	1.56553308	1.54904613	
398	1.56533978	1.54902403	
398.2	1.56534202	1.54900194	
398.4	1.56535016	1.54897984	
398.6	1.56550402	1.54895775	
398.8	1.56546471	1.54893566	
399	1.56552671	1.54891356	
399.2	1.56552197	1.54889147	
399.4	1.56539732	1.54886938	
399.6	1.56494681	1.54884728	
399.8	1.56472282	1.54882519	
400	1.56475398	1.5488031	
400.2	1.56471043	1.54878101	
400.4	1.56472623	1.54875891	
400.6	1.56506984	1.54873682	
400.8	1.56517769	1.54871473	
401	1.56544308	1.54869264	
401.2	1.565425	1.54867055	
401.4	1.56534482	1.54864846	
401.6	1.56538422	1.54862637	
401.8	1.56533545	1.54860428	
402	1.56473599	1.54858219	
402.2	1.56488988	1.5485601	
402.4	1.56409576	1.54853802	
402.6	1.56357957	1.54851593	
402.8	1.56312172	1.54849384	
403	1.56276306	1.54847175	
403.2	1.56251277	1.54844967	
403.4	1.56213103	1.54842758	
403.6	1.56150656	1.54840549	
403.8	1.56144495	1.54838341	
404	1.56121225	1.54836132	
404.2	1.5618483	1.54833923	
404.4	1.56229721	1.54831715	
404.6	1.56272107	1.54829506	
404.8	1.56296174	1.54827298	
405	1.56303432	1.5482509	
405.2	1.56351859	1.54822881	
405.4	1.56374565	1.54820673	
405.6	1.56356293	1.54818464	
405.8	1.56364873	1.54816256	
406	1.56356569	1.54814048	
406.2	1.56366423	1.5481184	
406.4	1.56295665	1.54809631	
406.6	1.56289992	1.54807423	
406.8	1.5628722	1.54805215	
407	1.56246624	1.54803007	
407.2	1.56245042	1.54800799	
407.4	1.56215052	1.54798591	
407.6	1.56201704	1.54796383	
407.8	1.56198483	1.54794175	
408	1.56208439	1.54791967	
408.2	1.56248401	1.54789759	
408.4	1.5622097	1.54787551	
408.6	1.56194384	1.54785343	
408.8	1.56190532	1.54783135	
409	1.56156378	1.54780928	
409.2	1.56162488	1.5477872	
409.4	1.5615302	1.54776512	
409.6	1.5613794	1.54774304	
409.8	1.56165361	1.54772097	
410	1.56139083	1.54769889	
410.2	1.56125071	1.54767681	
410.4	1.56110253	1.54765474	
410.6	1.56097395	1.54763266	
410.8	1.56109069	1.54761059	
411	1.56109247	1.54758851	
411.2	1.56161373	1.54756644	
411.4	1.56158047	1.54754436	
411.6	1.56168547	1.54752229	
411.8	1.56168702	1.54750022	
412	1.5616908	1.54747814	
412.2	1.56158229	1.54745607	
412.4	1.56158411	1.547434	
412.6	1.56158419	1.54741193	
412.8	1.56157359	1.54738985	
413	1.56114893	1.54736778	
413.2	1.5612296	1.54734571	
413.4	1.56126242	1.54732364	
413.6	1.56104796	1.54730157	
413.8	1.56110989	1.5472795	
414	1.56057284	1.54725743	
414.2	1.56090604	1.54723536	
414.4	1.56082045	1.54721329	
414.6	1.56080947	1.54719122	
414.8	1.56129335	1.54716915	
415	1.56123103	1.54714708	
415.2	1.56147971	1.54712501	
415.4	1.56179026	1.54710295	
415.6	1.56202344	1.54708088	
415.8	1.56192716	1.54705881	
416	1.56174332	1.54703674	
416.2	1.56189674	1.54701468	
416.4	1.56199648	1.54699261	
416.6	1.56181963	1.54697054	
416.8	1.56183033	1.54694848	
417	1.56183107	1.54692641	
417.2	1.56181761	1.54690435	
417.4	1.56167585	1.54688228	
417.6	1.56163185	1.54686022	
417.8	1.56182769	1.54683815	
418	1.56178951	1.54681609	
418.2	1.56184081	1.54679403	
418.4	1.56142174	1.54677196	
418.6	1.56105417	1.5467499	
418.8	1.56094054	1.54672784	
419	1.56044362	1.54670578	
419.2	1.56052177	1.54668371	
419.4	1.5605934	1.54666165	
419.6	1.56023491	1.54663959	
419.8	1.55991028	1.54661753	
420	1.55987177	1.54659547	
420.2	1.560004	1.54657341	
420.4	1.56016654	1.54655135	
420.6	1.55990199	1.54652929	
420.8	1.56001002	1.54650723	
421	1.55986293	1.54648517	
421.2	1.55994235	1.54646311	
421.4	1.55991196	1.54644105	
421.6	1.56030158	1.546419	
421.8	1.5604146	1.54639694	
422	1.56035046	1.54637488	
422.2	1.56032759	1.54635282	
422.4	1.55992062	1.54633077	
422.6	1.5597056	1.54630871	
422.8	1.55995945	1.54628665	
423	1.55982607	1.5462646	
423.2	1.55993242	1.54624254	
423.4	1.55985834	1.54622049	
423.6	1.55957803	1.54619843	
423.8	1.55944224	1.54617638	
424	1.55941385	1.54615432	
424.2	1.55919465	1.54613227	
424.4	1.55910971	1.54611021	
424.6	1.55891878	1.54608816	
424.8	1.55920226	1.54606611	
425	1.55908408	1.54604405	
425.2	1.55919941	1.546022	
425.4	1.55915256	1.54599995	
425.6	1.55921084	1.5459779	
425.8	1.55887851	1.54595585	
426	1.55902911	1.5459338	
426.2	1.55938693	1.54591174	
426.4	1.55894931	1.54588969	
426.6	1.55915307	1.54586764	
426.8	1.55926156	1.54584559	
427	1.55907696	1.54582354	
427.2	1.55904114	1.54580149	
427.4	1.55879534	1.54577945	
427.6	1.55852007	1.5457574	
427.8	1.55839918	1.54573535	
428	1.55841052	1.5457133	
428.2	1.55822613	1.54569125	
428.4	1.5582486	1.5456692	
428.6	1.55847278	1.54564716	
428.8	1.55855433	1.54562511	
429	1.55837138	1.54560306	
429.2	1.55836932	1.54558102	
429.4	1.55796348	1.54555897	
429.6	1.55768336	1.54553693	
429.8	1.55752792	1.54551488	
430	1.55789994	1.54549284	
430.2	1.55811803	1.54547079	
430.4	1.55824399	1.54544875	
430.6	1.55858682	1.5454267	
430.8	1.55858052	1.54540466	
431	1.55852825	1.54538262	
431.2	1.55869719	1.54536057	
431.4	1.5584444	1.54533853	
431.6	1.55824683	1.54531649	
431.8	1.55840649	1.54529445	
432	1.55819098	1.5452724	
432.2	1.55836705	1.54525036	
432.4	1.55865561	1.54522832	
432.6	1.55890364	1.54520628	
432.8	1.55854013	1.54518424	
433	1.55815126	1.5451622	
433.2	1.55788225	1.54514016	
433.4	1.55734548	1.54511812	
433.6	1.55744117	1.54509608	
433.8	1.55732331	1.54507404	
434	1.55746132	1.545052	
434.2	1.55746551	1.54502996	
434.4	1.55737126	1.54500793	
434.6	1.55700646	1.54498589	
434.8	1.55664026	1.54496385	
435	1.55657941	1.54494181	
435.2	1.55659028	1.54491978	
435.4	1.55626686	1.54489774	
435.6	1.55621602	1.5448757	
435.8	1.55656041	1.54485367	
436	1.55699437	1.54483163	
436.2	1.55721329	1.5448096	
436.4	1.5572254	1.54478756	
436.6	1.55709834	1.54476553	
436.8	1.55676059	1.54474349	
437	1.55669235	1.54472146	
437.2	1.55672153	1.54469943	
437.4	1.55671446	1.54467739	
437.6	1.5563744	1.54465536	
437.8	1.55650755	1.54463333	
438	1.55645732	1.5446113	
438.2	1.55612805	1.54458926	
438.4	1.55647517	1.54456723	
438.6	1.55673556	1.5445452	
438.8	1.55660952	1.54452317	
439	1.55675283	1.54450114	
439.2	1.5568131	1.54447911	
439.4	1.55670491	1.54445708	
439.6	1.55666147	1.54443505	
439.8	1.55708987	1.54441302	
440	1.55713459	1.54439099	
440.2	1.55696731	1.54436896	
440.4	1.5572526	1.54434693	
440.6	1.55714284	1.5443249	
440.8	1.55686923	1.54430287	
441	1.55689026	1.54428085	
441.2	1.55702433	1.54425882	
441.4	1.55702965	1.54423679	
441.6	1.55683397	1.54421477	
441.8	1.55733771	1.54419274	
442	1.55748932	1.54417071	
442.2	1.55788181	1.54414869	
442.4	1.5582228	1.54412666	
442.6	1.55746718	1.54410464	
442.8	1.55664783	1.54408261	
443	1.55668866	1.54406059	
443.2	1.55633508	1.54403856	
443.4	1.55587015	1.54401654	
443.6	1.55552888	1.54399452	
443.8	1.55524001	1.54397249	
444	1.55485429	1.54395047	
444.2	1.55487628	1.54392845	
444.4	1.55471543	1.54390642	
444.6	1.55410568	1.5438844	
444.8	1.55369143	1.54386238	
445	1.55382551	1.54384036	
445.2	1.55381615	1.54381834	
445.4	1.55383498	1.54379632	
445.6	1.553713	1.5437743	
445.8	1.55399077	1.54375228	
446	1.55472016	1.54373026	
446.2	1.55447077	1.54370824	
446.4	1.5543927	1.54368622	
446.6	1.55422971	1.5436642	
446.8	1.55436917	1.54364218	
447	1.5543587	1.54362016	
447.2	1.55439997	1.54359814	
447.4	1.55468704	1.54357613	
447.6	1.55460184	1.54355411	
447.8	1.55449781	1.54353209	
448	1.55470384	1.54351008	
448.2	1.55493386	1.54348806	
448.4	1.55481406	1.54346604	
448.6	1.55462613	1.54344403	
448.8	1.55457443	1.54342201	
449	1.55468701	1.5434	
449.2	1.55426427	1.54337798	
449.4	1.55400126	1.54335597	
449.6	1.55399003	1.54333395	
449.8	1.55423264	1.54331194	
450	1.5546004	1.54328993	
450.2	1.55440951	1.54326791	
450.4	1.55470453	1.5432459	
450.6	1.55436477	1.54322389	
450.8	1.55398112	1.54320188	
451	1.55398836	1.54317986	
451.2	1.55429114	1.54315785	
451.4	1.55436644	1.54313584	
451.6	1.55424407	1.54311383	
451.8	1.55408492	1.54309182	
452	1.55408353	1.54306981	
452.2	1.55401703	1.5430478	
452.4	1.55396097	1.54302579	
452.6	1.55396586	1.54300378	
452.8	1.55370511	1.54298177	
453	1.55361419	1.54295976	
453.2	1.55373903	1.54293775	
453.4	1.55407109	1.54291574	
453.6	1.55465597	1.54289374	
453.8	1.55479793	1.54287173	
454	1.55509951	1.54284972	
454.2	1.55497521	1.54282771	
454.4	1.55496237	1.54280571	
454.6	1.55475982	1.5427837	
454.8	1.55468192	1.5427617	
455	1.55470065	1.54273969	
455.2	1.55481692	1.54271768	
455.4	1.5548276	1.54269568	
455.6	1.55453518	1.54267367	
455.8	1.55378465	1.54265167	
456	1.55363642	1.54262967	
456.2	1.55321777	1.54260766	
456.4	1.55289001	1.54258566	
456.6	1.55239196	1.54256366	
456.8	1.55236889	1.54254165	
457	1.55213448	1.54251965	
457.2	1.55245302	1.54249765	
457.4	1.55265444	1.54247565	
457.6	1.55258412	1.54245364	
457.8	1.55258519	1.54243164	
458	1.55254416	1.54240964	
458.2	1.55235417	1.54238764	
458.4	1.55249759	1.54236564	
458.6	1.55262533	1.54234364	
458.8	1.55262666	1.54232164	
459	1.55289591	1.54229964	
459.2	1.55316426	1.54227764	
459.4	1.55305837	1.54225564	
459.6	1.55279885	1.54223365	
459.8	1.55271193	1.54221165	
460	1.55273275	1.54218965	
460.2	1.55242857	1.54216765	
460.4	1.55227568	1.54214565	
460.6	1.55224932	1.54212366	
460.8	1.55215125	1.54210166	
461	1.55214097	1.54207966	
461.2	1.55256525	1.54205767	
461.4	1.55259452	1.54203567	
461.6	1.55241344	1.54201368	
461.8	1.5524252	1.54199168	
462	1.55252001	1.54196969	
462.2	1.55266977	1.54194769	
462.4	1.55314948	1.5419257	
462.6	1.55333654	1.54190371	
462.8	1.55357833	1.54188171	
463	1.55372935	1.54185972	
463.2	1.55377527	1.54183773	
463.4	1.553706	1.54181573	
463.6	1.55367038	1.54179374	
463.8	1.55387772	1.54177175	
464	1.55376181	1.54174976	
464.2	1.55397176	1.54172777	
464.4	1.55402917	1.54170578	
464.6	1.55401878	1.54168379	
464.8	1.55343297	1.54166179	
465	1.5533038	1.5416398	
465.2	1.55287782	1.54161781	
465.4	1.55227986	1.54159583	
465.6	1.55199595	1.54157384	
465.8	1.5517748	1.54155185	
466	1.55197385	1.54152986	
466.2	1.55210386	1.54150787	
466.4	1.55207079	1.54148588	
466.6	1.55174774	1.5414639	
466.8	1.55187476	1.54144191	
467	1.55147735	1.54141992	
467.2	1.55149296	1.54139794	
467.4	1.55169006	1.54137595	
467.6	1.55203326	1.54135396	
467.8	1.55214106	1.54133198	
468	1.55220243	1.54130999	
468.2	1.5524427	1.54128801	
468.4	1.55252847	1.54126602	
468.6	1.55254828	1.54124404	
468.8	1.55182341	1.54122205	
469	1.55200102	1.54120007	
469.2	1.55183513	1.54117809	
469.4	1.55188394	1.5411561	
469.6	1.55204324	1.54113412	
469.8	1.55204183	1.54111214	
470	1.55226263	1.54109016	
470.2	1.55258496	1.54106817	
470.4	1.55244121	1.54104619	
470.6	1.55260576	1.54102421	
470.8	1.55284547	1.54100223	
471	1.55255566	1.54098025	
471.2	1.55265717	1.54095827	
471.4	1.55250122	1.54093629	
471.6	1.55208245	1.54091431	
471.8	1.55149654	1.54089233	
472	1.55117116	1.54087035	
472.2	1.55104639	1.54084837	
472.4	1.55103883	1.54082639	
472.6	1.55077128	1.54080442	
472.8	1.55021461	1.54078244	
473	1.55042867	1.54076046	
473.2	1.550697	1.54073848	
473.4	1.55055769	1.54071651	
473.6	1.55060244	1.54069453	
473.8	1.5505411	1.54067255	
474	1.55071031	1.54065058	
474.2	1.55129027	1.5406286	
474.4	1.55124247	1.54060663	
474.6	1.55135735	1.54058465	
474.8	1.55139279	1.54056268	
475	1.55102134	1.5405407	
475.2	1.55073312	1.54051873	
475.4	1.55039502	1.54049676	
475.6	1.55043661	1.54047478	
475.8	1.55034759	1.54045281	
476	1.55036036	1.54043084	
476.2	1.55059283	1.54040886	
476.4	1.55068187	1.54038689	
476.6	1.55069236	1.54036492	
476.8	1.55083078	1.54034295	
477	1.55107222	1.54032098	
477.2	1.55116424	1.54029901	
477.4	1.55036376	1.54027704	
477.6	1.55059743	1.54025507	
477.8	1.55037397	1.5402331	
478	1.55038332	1.54021113	
478.2	1.55047814	1.54018916	
478.4	1.55019238	1.54016719	
478.6	1.55010282	1.54014522	
478.8	1.54998826	1.54012325	
479	1.54968904	1.54010128	
479.2	1.54959775	1.54007932	
479.4	1.5496855	1.54005735	
479.6	1.54985005	1.54003538	
479.8	1.54980817	1.54001341	
