Conc1	1.44E-08	
Start1	300	
Stop1	539.8	
Kobs	0.000261058723431444	
Error Kobs	1.63808770511959E-05	
Koff	0	
Error Koff	0	
Time1	Data1	Fit1	
300	0.00135381	0	
300.2	0.00139778	0.00106052	
300.4	0.00169708	0.00212075	
300.6	0.00208163	0.0031807	
300.8	0.00297161	0.00424037	
301	0.00363318	0.00529975	
301.2	0.00523892	0.00635884	
301.4	0.00580775	0.00741765	
301.6	0.0068561	0.00847618	
301.8	0.00823267	0.00953443	
302	0.00906544	0.01059238	
302.2	0.01047563	0.01165006	
302.4	0.01147463	0.01270745	
302.6	0.01260349	0.01376456	
302.8	0.01384356	0.01482138	
303	0.01427178	0.01587792	
303.2	0.01509025	0.01693418	
303.4	0.01569195	0.01799015	
303.6	0.01599188	0.01904584	
303.8	0.01666464	0.02010125	
304	0.01707702	0.02115637	
304.2	0.01824273	0.02221121	
304.4	0.01931714	0.02326576	
304.6	0.02048516	0.02432004	
304.8	0.02161251	0.02537403	
305	0.02217464	0.02642773	
305.2	0.02323148	0.02748116	
305.4	0.02357693	0.0285343	
305.6	0.02519058	0.02958716	
305.8	0.02658054	0.03063973	
306	0.02732864	0.03169203	
306.2	0.02886587	0.03274404	
306.4	0.0302464	0.03379577	
306.6	0.03146229	0.03484721	
306.8	0.03217812	0.03589838	
307	0.03289868	0.03694926	
307.2	0.03376549	0.03799986	
307.4	0.03427964	0.03905018	
307.6	0.03553876	0.04010021	
307.8	0.03676702	0.04114997	
308	0.03798362	0.04219944	
308.2	0.03877112	0.04324863	
308.4	0.03911547	0.04429754	
308.6	0.0398682	0.04534617	
308.8	0.04080642	0.04639451	
309	0.04127024	0.04744258	
309.2	0.04203775	0.04849036	
309.4	0.04302223	0.04953786	
309.6	0.04444387	0.05058508	
309.8	0.04509725	0.05163202	
310	0.04609179	0.05267868	
310.2	0.0474245	0.05372506	
310.4	0.04846966	0.05477115	
310.6	0.04940084	0.05581697	
310.8	0.04974348	0.0568625	
311	0.05070333	0.05790776	
311.2	0.05083277	0.05895273	
311.4	0.05205911	0.05999742	
311.6	0.05391907	0.06104184	
311.8	0.05496533	0.06208597	
312	0.05613958	0.06312982	
312.2	0.05697258	0.06417339	
312.4	0.05815095	0.06521668	
312.6	0.05970015	0.0662597	
312.8	0.0610482	0.06730243	
313	0.06215977	0.06834488	
313.2	0.06293561	0.06938705	
313.4	0.06391432	0.07042894	
313.6	0.06525179	0.07147056	
313.8	0.06564271	0.07251189	
314	0.06674807	0.07355294	
314.2	0.06692205	0.07459371	
314.4	0.06750853	0.07563421	
314.6	0.06813079	0.07667442	
314.8	0.06867959	0.07771436	
315	0.0694183	0.07875402	
315.2	0.06995464	0.07979339	
315.4	0.07155292	0.08083249	
315.6	0.07279888	0.08187131	
315.8	0.0737088	0.08290985	
316	0.07466261	0.08394812	
316.2	0.07583908	0.0849861	
316.4	0.07750491	0.0860238	
316.6	0.07915223	0.08706123	
316.8	0.08051826	0.08809838	
317	0.08203139	0.08913525	
317.2	0.08333215	0.09017184	
317.4	0.08449276	0.09120815	
317.6	0.08543615	0.09224418	
317.8	0.08617058	0.09327994	
318	0.0876076	0.09431542	
318.2	0.08757978	0.09535062	
318.4	0.08823881	0.09638554	
318.6	0.08856673	0.09742018	
318.8	0.089921	0.09845455	
319	0.09065742	0.09948864	
319.2	0.09178898	0.10052245	
319.4	0.09256225	0.10155599	
319.6	0.09278702	0.10258924	
319.8	0.09361014	0.10362222	
320	0.09516982	0.10465492	
320.2	0.09659203	0.10568735	
320.4	0.09833176	0.1067195	
320.6	0.09942722	0.10775137	
320.8	0.09994976	0.10878296	
321	0.10128503	0.10981428	
321.2	0.10222993	0.11084532	
321.4	0.1029078	0.11187608	
321.6	0.10356213	0.11290656	
321.8	0.10442498	0.11393677	
322	0.10516182	0.11496671	
322.2	0.10561812	0.11599636	
322.4	0.10648389	0.11702574	
322.6	0.10798494	0.11805485	
322.8	0.10958368	0.11908367	
323	0.11080056	0.12011223	
323.2	0.11170905	0.1211405	
323.4	0.1120883	0.1221685	
323.6	0.11237887	0.12319622	
323.8	0.11376281	0.12422367	
324	0.11479563	0.12525084	
324.2	0.1155587	0.12627774	
324.4	0.11654402	0.12730436	
324.6	0.11678878	0.1283307	
324.8	0.11726137	0.12935677	
325	0.1186426	0.13038257	
325.2	0.11884477	0.13140808	
325.4	0.12008692	0.13243333	
325.6	0.12089481	0.13345829	
325.8	0.12230201	0.13448299	
326	0.12352173	0.1355074	
326.2	0.12505481	0.13653155	
326.4	0.12588225	0.13755541	
326.6	0.12743331	0.13857901	
326.8	0.12910619	0.13960232	
327	0.1307147	0.14062537	
327.2	0.13150481	0.14164814	
327.4	0.13232986	0.14267063	
327.6	0.13264411	0.14369285	
327.8	0.13425065	0.14471479	
328	0.13505715	0.14573647	
328.2	0.13628612	0.14675786	
328.4	0.13718661	0.14777898	
328.6	0.13786333	0.14879983	
328.8	0.13912342	0.14982041	
329	0.13964799	0.15084071	
329.2	0.13998486	0.15186073	
329.4	0.14153678	0.15288049	
329.6	0.14301459	0.15389996	
329.8	0.14431359	0.15491917	
330	0.14510363	0.1559381	
330.2	0.14606081	0.15695676	
330.4	0.14692317	0.15797514	
330.6	0.14799766	0.15899325	
330.8	0.1490629	0.16001109	
331	0.15002136	0.16102866	
331.2	0.15105013	0.16204595	
331.4	0.1515808	0.16306297	
331.6	0.15193703	0.16407971	
331.8	0.15323968	0.16509618	
332	0.15380999	0.16611238	
332.2	0.15495473	0.16712831	
332.4	0.15550254	0.16814397	
332.6	0.15559799	0.16915935	
332.8	0.1562762	0.17017446	
333	0.15626348	0.17118929	
333.2	0.15764892	0.17220386	
333.4	0.15923209	0.17321815	
333.6	0.16094308	0.17423217	
333.8	0.1621233	0.17524591	
334	0.16312152	0.17625939	
334.2	0.16405563	0.17727259	
334.4	0.16547195	0.17828552	
334.6	0.16679094	0.17929818	
334.8	0.16839832	0.18031057	
335	0.16955621	0.18132268	
335.2	0.1704268	0.18233453	
335.4	0.17075756	0.1833461	
335.6	0.17123803	0.1843574	
335.8	0.17233334	0.18536843	
336	0.17333655	0.18637919	
336.2	0.1742968	0.18738967	
336.4	0.17473559	0.18839989	
336.6	0.17534303	0.18940983	
336.8	0.17717394	0.1904195	
337	0.17841836	0.19142891	
337.2	0.17946193	0.19243804	
337.4	0.18073246	0.1934469	
337.6	0.18158775	0.19445548	
337.8	0.18245685	0.1954638	
338	0.18332985	0.19647185	
338.2	0.18449279	0.19747963	
338.4	0.18575669	0.19848713	
338.6	0.18663032	0.19949437	
338.8	0.18783934	0.20050133	
339	0.18804885	0.20150803	
339.2	0.188442	0.20251446	
339.4	0.18908307	0.20352061	
339.6	0.18973851	0.20452649	
339.8	0.19087674	0.20553211	
340	0.19180852	0.20653745	
340.2	0.19255222	0.20754253	
340.4	0.1931332	0.20854733	
340.6	0.1943913	0.20955187	
340.8	0.19584168	0.21055613	
341	0.19656255	0.21156013	
341.2	0.1970491	0.21256386	
341.4	0.19824189	0.21356731	
341.6	0.19894061	0.2145705	
341.8	0.20008619	0.21557342	
342	0.20096531	0.21657607	
342.2	0.20185563	0.21757845	
342.4	0.20298717	0.21858056	
342.6	0.20402923	0.2195824	
342.8	0.20578756	0.22058398	
343	0.20657894	0.22158528	
343.2	0.20779978	0.22258632	
343.4	0.209309	0.22358708	
343.6	0.21056889	0.22458758	
343.8	0.21174126	0.22558781	
344	0.21279309	0.22658777	
344.2	0.21374339	0.22758746	
344.4	0.21457707	0.22858689	
344.6	0.21592022	0.22958604	
344.8	0.21660711	0.23058493	
345	0.21708089	0.23158355	
345.2	0.21822215	0.2325819	
345.4	0.21896046	0.23357998	
345.6	0.21973321	0.2345778	
345.8	0.22062658	0.23557535	
346	0.22122063	0.23657263	
346.2	0.22233718	0.23756964	
346.4	0.22295365	0.23856638	
346.6	0.2236758	0.23956286	
346.8	0.22529049	0.24055907	
347	0.22644606	0.24155501	
347.2	0.22752423	0.24255069	
347.4	0.22868389	0.24354609	
347.6	0.22997736	0.24454123	
347.8	0.23122793	0.24553611	
348	0.23175372	0.24653071	
348.2	0.23241435	0.24752505	
348.4	0.2332523	0.24851912	
348.6	0.23418251	0.24951293	
348.8	0.23511922	0.25050647	
349	0.23573323	0.25149974	
349.2	0.23699409	0.25249274	
349.4	0.23772342	0.25348548	
349.6	0.23924071	0.25447796	
349.8	0.24041461	0.25547016	
350	0.24105229	0.2564621	
350.2	0.24246387	0.25745377	
350.4	0.24303884	0.25844518	
350.6	0.24455347	0.25943632	
350.8	0.24562369	0.26042719	
351	0.24653675	0.2614178	
351.2	0.24705716	0.26240815	
351.4	0.24810861	0.26339822	
351.6	0.24883654	0.26438803	
351.8	0.24963495	0.26537758	
352	0.24995486	0.26636686	
352.2	0.25111351	0.26735587	
352.4	0.25248004	0.26834462	
352.6	0.25314194	0.2693331	
352.8	0.25397294	0.27032132	
353	0.25524983	0.27130927	
353.2	0.25735394	0.27229696	
353.4	0.25864894	0.27328438	
353.6	0.26021769	0.27427154	
353.8	0.2616231	0.27525843	
354	0.26276741	0.27624506	
354.2	0.26431535	0.27723142	
354.4	0.26514881	0.27821752	
354.6	0.26626145	0.27920335	
354.8	0.2667221	0.28018892	
355	0.26732728	0.28117422	
355.2	0.26772264	0.28215926	
355.4	0.26821696	0.28314404	
355.6	0.26884325	0.28412855	
355.8	0.26983008	0.28511279	
356	0.26985079	0.28609678	
356.2	0.27108423	0.28708049	
356.4	0.27180931	0.28806395	
356.6	0.27260097	0.28904714	
356.8	0.27385444	0.29003006	
357	0.27536596	0.29101272	
357.2	0.27632531	0.29199512	
357.4	0.27700971	0.29297726	
357.6	0.2779541	0.29395913	
357.8	0.27950234	0.29494073	
358	0.28065987	0.29592208	
358.2	0.28167572	0.29690316	
358.4	0.2825449	0.29788397	
358.6	0.28328148	0.29886453	
358.8	0.28366184	0.29984482	
359	0.28475781	0.30082484	
359.2	0.28556956	0.30180461	
359.4	0.2865046	0.30278411	
359.6	0.28768365	0.30376335	
359.8	0.28872909	0.30474232	
360	0.28959751	0.30572104	
360.2	0.29133679	0.30669948	
360.4	0.29205813	0.30767767	
360.6	0.29304861	0.3086556	
360.8	0.29369455	0.30963326	
361	0.29459299	0.31061066	
361.2	0.29569283	0.31158779	
361.4	0.2968251	0.31256467	
361.6	0.29821921	0.31354128	
361.8	0.29945189	0.31451763	
362	0.30011954	0.31549372	
362.2	0.30114195	0.31646955	
362.4	0.30171478	0.31744511	
362.6	0.30219019	0.31842041	
362.8	0.30326347	0.31939545	
363	0.30439438	0.32037023	
363.2	0.30468211	0.32134475	
363.4	0.30533874	0.32231901	
363.6	0.3063301	0.323293	
363.8	0.30752664	0.32426673	
364	0.30864165	0.3252402	
364.2	0.3095258	0.32621341	
364.4	0.31032501	0.32718636	
364.6	0.31139312	0.32815905	
364.8	0.31223688	0.32913147	
365	0.3135987	0.33010364	
365.2	0.31435367	0.33107554	
365.4	0.3156141	0.33204719	
365.6	0.31671321	0.33301857	
365.8	0.31719179	0.33398969	
366	0.31824036	0.33496055	
366.2	0.31934781	0.33593115	
366.4	0.319999	0.33690149	
366.6	0.32073831	0.33787157	
366.8	0.32191569	0.33884139	
367	0.32287703	0.33981095	
367.2	0.32339863	0.34078025	
367.4	0.32386648	0.34174929	
367.6	0.32496769	0.34271807	
367.8	0.32567386	0.34368658	
368	0.32656567	0.34465484	
368.2	0.32737436	0.34562284	
368.4	0.3288585	0.34659058	
368.6	0.33001242	0.34755806	
368.8	0.33039136	0.34852527	
369	0.33149171	0.34949223	
369.2	0.33158463	0.35045893	
369.4	0.33249792	0.35142537	
369.6	0.33338485	0.35239155	
369.8	0.33417496	0.35335748	
370	0.33529244	0.35432314	
370.2	0.33652852	0.35528854	
370.4	0.33784926	0.35625368	
370.6	0.33902899	0.35721857	
370.8	0.34060914	0.35818319	
371	0.34175403	0.35914756	
371.2	0.34247631	0.36011167	
371.4	0.34340754	0.36107552	
371.6	0.34457363	0.36203911	
371.8	0.34500749	0.36300244	
372	0.34626661	0.36396551	
372.2	0.3472571	0.36492832	
372.4	0.34843355	0.36589088	
372.6	0.3492294	0.36685318	
372.8	0.34989745	0.36781522	
373	0.35103628	0.368777	
373.2	0.35185913	0.36973852	
373.4	0.35329231	0.37069978	
373.6	0.35440228	0.37166079	
373.8	0.35551112	0.37262154	
374	0.35689156	0.37358203	
374.2	0.35765156	0.37454226	
374.4	0.35868307	0.37550224	
374.6	0.3598486	0.37646196	
374.8	0.36080159	0.37742141	
375	0.36128111	0.37838062	
375.2	0.36194198	0.37933956	
375.4	0.36293687	0.38029825	
375.6	0.3638579	0.38125668	
375.8	0.36460404	0.38221485	
376	0.36578564	0.38317277	
376.2	0.36644873	0.38413042	
376.4	0.3671029	0.38508783	
376.6	0.36833752	0.38604497	
376.8	0.36891341	0.38700186	
377	0.37008475	0.38795849	
377.2	0.3710094	0.38891486	
377.4	0.37178148	0.38987098	
377.6	0.37261082	0.39082684	
377.8	0.37372068	0.39178244	
378	0.37449419	0.39273779	
378.2	0.37525667	0.39369288	
378.4	0.37685728	0.39464771	
378.6	0.37802469	0.39560229	
378.8	0.37938123	0.39655661	
379	0.38052475	0.39751068	
379.2	0.3820306	0.39846449	
379.4	0.38411194	0.39941804	
379.6	0.38545294	0.40037134	
379.8	0.3870672	0.40132438	
380	0.38853255	0.40227716	
380.2	0.38921926	0.40322969	
380.4	0.38954712	0.40418197	
380.6	0.39059068	0.40513399	
380.8	0.39117342	0.40608575	
381	0.39168549	0.40703726	
381.2	0.39189229	0.40798851	
381.4	0.39240866	0.4089395	
381.6	0.39281573	0.40989025	
381.8	0.39379526	0.41084073	
382	0.39456276	0.41179096	
382.2	0.39520014	0.41274094	
382.4	0.3961112	0.41369066	
382.6	0.39697678	0.41464013	
382.8	0.39831701	0.41558934	
383	0.39924722	0.41653829	
383.2	0.40038256	0.41748699	
383.4	0.40161814	0.41843544	
383.6	0.40288044	0.41938363	
383.8	0.40482837	0.42033157	
384	0.4060183	0.42127925	
384.2	0.40663814	0.42222668	
384.4	0.40745406	0.42317386	
384.6	0.40918046	0.42412078	
384.8	0.40972604	0.42506744	
385	0.40991063	0.42601385	
385.2	0.41056203	0.42696001	
385.4	0.41103919	0.42790592	
385.6	0.41180751	0.42885157	
385.8	0.41309651	0.42979696	
386	0.41392115	0.4307421	
386.2	0.41415312	0.43168699	
386.4	0.41553178	0.43263163	
386.6	0.41631927	0.43357601	
386.8	0.41766921	0.43452014	
387	0.4187491	0.43546401	
387.2	0.42015941	0.43640763	
387.4	0.42142484	0.437351	
387.6	0.42269349	0.43829411	
387.8	0.42405788	0.43923697	
388	0.42493272	0.44017958	
388.2	0.42634216	0.44112194	
388.4	0.42754323	0.44206404	
388.6	0.4282804	0.44300589	
388.8	0.42837678	0.44394748	
389	0.42890462	0.44488883	
389.2	0.42956868	0.44582992	
389.4	0.43024854	0.44677076	
389.6	0.4313141	0.44771134	
389.8	0.43181626	0.44865168	
390	0.43271618	0.44959176	
390.2	0.43291644	0.45053159	
390.4	0.433952	0.45147116	
390.6	0.43445915	0.45241049	
390.8	0.43551454	0.45334956	
391	0.43636378	0.45428838	
391.2	0.4376667	0.45522694	
391.4	0.43835536	0.45616526	
391.6	0.43949712	0.45710332	
391.8	0.44101389	0.45804114	
392	0.44208566	0.4589787	
392.2	0.44351402	0.459916	
392.4	0.4440429	0.46085306	
392.6	0.44449413	0.46178987	
392.8	0.44549728	0.46272642	
393	0.44643209	0.46366272	
393.2	0.44759875	0.46459877	
393.4	0.4480568	0.46553457	
393.6	0.44923234	0.46647012	
393.8	0.44990289	0.46740542	
394	0.45127815	0.46834047	
394.2	0.45199992	0.46927526	
394.4	0.45326857	0.47020981	
394.6	0.45451225	0.4711441	
394.8	0.45555041	0.47207814	
395	0.45723107	0.47301194	
395.2	0.45858495	0.47394548	
395.4	0.45954477	0.47487877	
395.6	0.46064033	0.47581181	
395.8	0.46113911	0.4767446	
396	0.46224651	0.47767714	
396.2	0.46253477	0.47860943	
396.4	0.46301008	0.47954146	
396.6	0.46374807	0.48047325	
396.8	0.46451892	0.48140479	
397	0.46545778	0.48233608	
397.2	0.46632171	0.48326712	
397.4	0.46747378	0.48419791	
397.6	0.46912467	0.48512845	
397.8	0.46996971	0.48605873	
398	0.4711787	0.48698877	
398.2	0.47230734	0.48791856	
398.4	0.473644	0.4888481	
398.6	0.47451714	0.48977739	
398.8	0.47569916	0.49070643	
399	0.47679978	0.49163522	
399.2	0.47675989	0.49256377	
399.4	0.47735565	0.49349206	
399.6	0.47811398	0.4944201	
399.8	0.47912171	0.4953479	
400	0.48027108	0.49627544	
400.2	0.48095845	0.49720274	
400.4	0.48216693	0.49812979	
400.6	0.48309487	0.49905659	
400.8	0.48398377	0.49998314	
401	0.48512375	0.50090944	
401.2	0.48650386	0.50183549	
401.4	0.48774895	0.50276129	
401.6	0.48853014	0.50368685	
401.8	0.48922675	0.50461216	
402	0.4903003	0.50553721	
402.2	0.4910352	0.50646202	
402.4	0.49163267	0.50738659	
402.6	0.49226227	0.5083109	
402.8	0.49354347	0.50923497	
403	0.49438345	0.51015878	
403.2	0.49493017	0.51108235	
403.4	0.49612358	0.51200567	
403.6	0.4972657	0.51292875	
403.8	0.49850082	0.51385157	
404	0.4992042	0.51477415	
404.2	0.50026084	0.51569648	
404.4	0.50060151	0.51661857	
404.6	0.50123377	0.5175404	
404.8	0.50218557	0.51846199	
405	0.50327535	0.51938333	
405.2	0.50416774	0.52030442	
405.4	0.50500235	0.52122527	
405.6	0.50600602	0.52214587	
405.8	0.50655181	0.52306622	
406	0.50720239	0.52398632	
406.2	0.50797324	0.52490618	
406.4	0.50882826	0.52582579	
406.6	0.51043004	0.52674516	
406.8	0.51210119	0.52766427	
407	0.51358788	0.52858314	
407.2	0.5146674	0.52950177	
407.4	0.51553559	0.53042014	
407.6	0.51658183	0.53133827	
407.8	0.51777989	0.53225616	
408	0.51900796	0.5331738	
408.2	0.51989246	0.53409119	
408.4	0.52080069	0.53500833	
408.6	0.52198656	0.53592523	
408.8	0.52331477	0.53684188	
409	0.52406867	0.53775829	
409.2	0.52477432	0.53867445	
409.4	0.52565996	0.53959037	
409.6	0.5261174	0.54050604	
409.8	0.52686712	0.54142146	
410	0.52729056	0.54233664	
410.2	0.52791704	0.54325157	
410.4	0.52834872	0.54416625	
410.6	0.52964813	0.54508069	
410.8	0.53046113	0.54599489	
411	0.53134489	0.54690884	
411.2	0.53241893	0.54782254	
411.4	0.53262864	0.548736	
411.6	0.53394555	0.54964921	
411.8	0.53535213	0.55056218	
412	0.5371313	0.55147491	
412.2	0.53840651	0.55238739	
412.4	0.53992796	0.55329962	
412.6	0.54166198	0.55421161	
412.8	0.54301959	0.55512335	
413	0.54385874	0.55603485	
413.2	0.54553418	0.5569461	
413.4	0.5465136	0.55785711	
413.6	0.54763453	0.55876788	
413.8	0.54871077	0.5596784	
414	0.54867377	0.56058868	
414.2	0.5487122	0.56149871	
414.4	0.54893592	0.5624085	
414.6	0.54996758	0.56331804	
414.8	0.55061685	0.56422734	
415	0.55136207	0.56513639	
415.2	0.55184168	0.56604521	
415.4	0.55222432	0.56695377	
415.6	0.55325302	0.5678621	
415.8	0.55405033	0.56877018	
416	0.55560004	0.56967801	
416.2	0.55662437	0.5705856	
416.4	0.55741611	0.57149295	
416.6	0.55829837	0.57240006	
416.8	0.55875923	0.57330692	
417	0.55988733	0.57421353	
417.2	0.5614348	0.57511991	
417.4	0.56215637	0.57602604	
417.6	0.56327919	0.57693193	
417.8	0.56430467	0.57783757	
418	0.56502987	0.57874297	
418.2	0.56602182	0.57964813	
418.4	0.56732696	0.58055305	
418.6	0.56892918	0.58145772	
418.8	0.56991531	0.58236215	
419	0.57074582	0.58326634	
419.2	0.57141384	0.58417028	
419.4	0.57228886	0.58507398	
419.6	0.57267075	0.58597744	
419.8	0.57317075	0.58688066	
420	0.58133749	0.58778818	
420.2	0.5818257	0.58775749	
420.4	0.58263016	0.5877268	
420.6	0.58315677	0.58769612	
420.8	0.58374025	0.58766543	
421	0.58416412	0.58763475	
421.2	0.58463661	0.58760407	
421.4	0.58450831	0.58757339	
421.6	0.5849059	0.58754272	
421.8	0.584661	0.58751204	
422	0.58462256	0.58748137	
422.2	0.58439996	0.58745069	
422.4	0.58410424	0.58742002	
422.6	0.58451434	0.58738935	
422.8	0.58537455	0.58735868	
423	0.58532671	0.58732802	
423.2	0.58478278	0.58729735	
423.4	0.58448228	0.58726669	
423.6	0.58436697	0.58723603	
423.8	0.58479862	0.58720537	
424	0.58491974	0.58717471	
424.2	0.58515962	0.58714405	
424.4	0.58541673	0.5871134	
424.6	0.5851852	0.58708275	
424.8	0.58542077	0.58705209	
425	0.58548159	0.58702144	
425.2	0.58546183	0.5869908	
425.4	0.58530327	0.58696015	
425.6	0.58596211	0.5869295	
425.8	0.58521187	0.58689886	
426	0.58516278	0.58686822	
426.2	0.58493193	0.58683758	
426.4	0.5850551	0.58680694	
426.6	0.58517516	0.5867763	
426.8	0.58504506	0.58674566	
427	0.5839535	0.58671503	
427.2	0.58376156	0.5866844	
427.4	0.58383623	0.58665377	
427.6	0.58370261	0.58662314	
427.8	0.58381143	0.58659251	
428	0.5837597	0.58656188	
428.2	0.58401999	0.58653126	
428.4	0.58428697	0.58650064	
428.6	0.58395544	0.58647001	
428.8	0.58441007	0.58643939	
429	0.5848868	0.58640878	
429.2	0.58592079	0.58637816	
429.4	0.58621481	0.58634754	
429.6	0.58687689	0.58631693	
429.8	0.58685859	0.58628632	
430	0.5876306	0.58625571	
430.2	0.58773084	0.5862251	
430.4	0.58788066	0.58619449	
430.6	0.5871825	0.58616389	
430.8	0.58743719	0.58613328	
431	0.58699516	0.58610268	
431.2	0.58699421	0.58607208	
431.4	0.58688761	0.58604148	
431.6	0.58643669	0.58601088	
431.8	0.58651817	0.58598029	
432	0.58672091	0.58594969	
432.2	0.58670419	0.5859191	
432.4	0.58621054	0.58588851	
432.6	0.58549334	0.58585792	
432.8	0.58577629	0.58582733	
433	0.58596987	0.58579675	
433.2	0.58654753	0.58576616	
433.4	0.5863802	0.58573558	
433.6	0.58681751	0.585705	
433.8	0.58689781	0.58567442	
434	0.58707735	0.58564384	
434.2	0.58680132	0.58561326	
434.4	0.58683784	0.58558269	
434.6	0.58699614	0.58555211	
434.8	0.58784374	0.58552154	
435	0.58775741	0.58549097	
435.2	0.58822693	0.5854604	
435.4	0.58841592	0.58542984	
435.6	0.58847184	0.58539927	
435.8	0.58857963	0.58536871	
436	0.58914796	0.58533814	
436.2	0.58895852	0.58530758	
436.4	0.58858362	0.58527702	
436.6	0.58828226	0.58524647	
436.8	0.58778835	0.58521591	
437	0.5875229	0.58518536	
437.2	0.5874659	0.5851548	
437.4	0.58717479	0.58512425	
437.6	0.58708099	0.5850937	
437.8	0.58709472	0.58506316	
438	0.58743112	0.58503261	
438.2	0.58767991	0.58500206	
438.4	0.58793561	0.58497152	
438.6	0.5882953	0.58494098	
438.8	0.58852395	0.58491044	
439	0.58908394	0.5848799	
439.2	0.58923422	0.58484936	
439.4	0.58937084	0.58481883	
439.6	0.58908396	0.5847883	
439.8	0.58921326	0.58475776	
440	0.58945381	0.58472723	
440.2	0.58926085	0.5846967	
440.4	0.58912885	0.58466618	
440.6	0.5887912	0.58463565	
440.8	0.58871458	0.58460513	
441	0.58866803	0.5845746	
441.2	0.58829604	0.58454408	
441.4	0.58854485	0.58451356	
441.6	0.58856714	0.58448305	
441.8	0.58852709	0.58445253	
442	0.58861168	0.58442202	
442.2	0.58881567	0.5843915	
442.4	0.58875939	0.58436099	
442.6	0.58861582	0.58433048	
442.8	0.5886573	0.58429997	
443	0.58889	0.58426947	
443.2	0.58822664	0.58423896	
443.4	0.58790138	0.58420846	
443.6	0.58731198	0.58417796	
443.8	0.58705272	0.58414746	
444	0.58678605	0.58411696	
444.2	0.58697737	0.58408646	
444.4	0.58684176	0.58405597	
444.6	0.58709274	0.58402547	
444.8	0.58703958	0.58399498	
445	0.58691256	0.58396449	
445.2	0.58661118	0.583934	
445.4	0.5871901	0.58390351	
445.6	0.58717648	0.58387303	
445.8	0.58774532	0.58384254	
446	0.58772645	0.58381206	
446.2	0.58832328	0.58378158	
446.4	0.58864213	0.5837511	
446.6	0.58869306	0.58372062	
446.8	0.58832392	0.58369015	
447	0.58780438	0.58365967	
447.2	0.58723107	0.5836292	
447.4	0.5871373	0.58359873	
447.6	0.58663831	0.58356826	
447.8	0.58632915	0.58353779	
448	0.58631354	0.58350732	
448.2	0.58622845	0.58347686	
448.4	0.58609471	0.58344639	
448.6	0.58649088	0.58341593	
448.8	0.58651411	0.58338547	
449	0.58732463	0.58335501	
449.2	0.58739356	0.58332456	
449.4	0.58829616	0.5832941	
449.6	0.58874748	0.58326365	
449.8	0.58909584	0.58323319	
450	0.58921746	0.58320274	
450.2	0.59000454	0.58317229	
450.4	0.58994715	0.58314185	
450.6	0.5893886	0.5831114	
450.8	0.58887252	0.58308095	
451	0.5885437	0.58305051	
451.2	0.58828118	0.58302007	
451.4	0.58772658	0.58298963	
451.6	0.58733142	0.58295919	
451.8	0.58738541	0.58292876	
452	0.58673824	0.58289832	
452.2	0.58667096	0.58286789	
452.4	0.58649347	0.58283746	
452.6	0.58665856	0.58280703	
452.8	0.58726303	0.5827766	
453	0.58761847	0.58274617	
453.2	0.58774445	0.58271575	
453.4	0.58821657	0.58268532	
453.6	0.58829339	0.5826549	
453.8	0.58867438	0.58262448	
454	0.58923787	0.58259406	
454.2	0.58987204	0.58256364	
454.4	0.58977268	0.58253323	
454.6	0.58978988	0.58250281	
454.8	0.59014258	0.5824724	
455	0.59029009	0.58244199	
455.2	0.59051318	0.58241158	
455.4	0.59015398	0.58238117	
455.6	0.59026742	0.58235076	
455.8	0.58985369	0.58232036	
456	0.58932597	0.58228996	
456.2	0.58881499	0.58225955	
456.4	0.58826335	0.58222915	
456.6	0.58820783	0.58219876	
456.8	0.58799762	0.58216836	
457	0.5871106	0.58213796	
457.2	0.58704357	0.58210757	
457.4	0.5864746	0.58207718	
457.6	0.58682036	0.58204679	
457.8	0.58690722	0.5820164	
458	0.58717955	0.58198601	
458.2	0.58794314	0.58195563	
458.4	0.58805515	0.58192524	
458.6	0.58833711	0.58189486	
458.8	0.58914254	0.58186448	
459	0.58935329	0.5818341	
459.2	0.58918205	0.58180372	
459.4	0.58890085	0.58177335	
459.6	0.58873678	0.58174297	
459.8	0.58891999	0.5817126	
460	0.58855443	0.58168223	
460.2	0.58774707	0.58165186	
460.4	0.58821275	0.58162149	
460.6	0.58763879	0.58159112	
460.8	0.58737579	0.58156076	
461	0.58688578	0.58153039	
461.2	0.58691878	0.58150003	
461.4	0.58707036	0.58146967	
461.6	0.58742012	0.58143931	
461.8	0.58670097	0.58140895	
462	0.58687334	0.5813786	
462.2	0.58692421	0.58134825	
462.4	0.58680041	0.58131789	
462.6	0.5866729	0.58128754	
462.8	0.58615133	0.58125719	
463	0.58581511	0.58122684	
463.2	0.58537921	0.5811965	
463.4	0.58527575	0.58116615	
463.6	0.58542952	0.58113581	
463.8	0.58601327	0.58110547	
464	0.58589278	0.58107513	
464.2	0.58629476	0.58104479	
464.4	0.58680825	0.58101446	
464.6	0.5867533	0.58098412	
464.8	0.58703685	0.58095379	
465	0.58736309	0.58092346	
465.2	0.58785341	0.58089313	
465.4	0.58860065	0.5808628	
465.6	0.58891502	0.58083247	
465.8	0.58860943	0.58080214	
466	0.58898526	0.58077182	
466.2	0.58899697	0.5807415	
466.4	0.58953979	0.58071118	
466.6	0.58957458	0.58068086	
466.8	0.58931458	0.58065054	
467	0.58931112	0.58062022	
467.2	0.58923291	0.58058991	
467.4	0.58915546	0.5805596	
467.6	0.58966355	0.58052929	
467.8	0.589529	0.58049898	
468	0.58904178	0.58046867	
468.2	0.5884372	0.58043836	
468.4	0.58794815	0.58040806	
468.6	0.58763842	0.58037775	
468.8	0.58739573	0.58034745	
469	0.58707195	0.58031715	
469.2	0.58721322	0.58028685	
469.4	0.58719593	0.58025656	
469.6	0.58735349	0.58022626	
469.8	0.5873827	0.58019597	
470	0.58770566	0.58016567	
470.2	0.58757355	0.58013538	
470.4	0.58812842	0.58010509	
470.6	0.5883666	0.58007481	
470.8	0.58834628	0.58004452	
471	0.58834276	0.58001424	
471.2	0.58828359	0.57998395	
471.4	0.58820841	0.57995367	
471.6	0.58820779	0.57992339	
471.8	0.58766047	0.57989312	
472	0.58763784	0.57986284	
472.2	0.58771003	0.57983256	
472.4	0.58786626	0.57980229	
472.6	0.58762827	0.57977202	
472.8	0.58732367	0.57974175	
473	0.58701893	0.57971148	
473.2	0.58740317	0.57968121	
473.4	0.58744433	0.57965095	
473.6	0.58801746	0.57962068	
473.8	0.58807285	0.57959042	
474	0.58773844	0.57956016	
474.2	0.58702792	0.5795299	
474.4	0.5876796	0.57949964	
474.6	0.58770566	0.57946939	
474.8	0.58752299	0.57943913	
475	0.58742015	0.57940888	
475.2	0.58697261	0.57937863	
475.4	0.58676947	0.57934838	
475.6	0.58667517	0.57931813	
475.8	0.58637541	0.57928789	
476	0.5863704	0.57925764	
476.2	0.58655235	0.5792274	
476.4	0.58614451	0.57919716	
476.6	0.58621426	0.57916692	
476.8	0.58640191	0.57913668	
477	0.58683684	0.57910644	
477.2	0.58700631	0.57907621	
477.4	0.5871293	0.57904597	
477.6	0.5874146	0.57901574	
477.8	0.58692632	0.57898551	
478	0.58675387	0.57895528	
478.2	0.58654713	0.57892505	
478.4	0.58717762	0.57889483	
478.6	0.58704841	0.5788646	
478.8	0.58725353	0.57883438	
479	0.5873476	0.57880416	
479.2	0.5871172	0.57877394	
479.4	0.58690287	0.57874372	
479.6	0.58670268	0.5787135	
479.8	0.58644378	0.57868329	
480	0.58676739	0.57865308	
480.2	0.58673095	0.57862286	
480.4	0.58652117	0.57859265	
480.6	0.58725337	0.57856245	
480.8	0.58737112	0.57853224	
481	0.58780589	0.57850203	
481.2	0.58784938	0.57847183	
481.4	0.58771165	0.57844163	
481.6	0.58774707	0.57841143	
481.8	0.58701884	0.57838123	
482	0.58747326	0.57835103	
482.2	0.58692443	0.57832083	
482.4	0.58674957	0.57829064	
482.6	0.58695741	0.57826045	
482.8	0.58704121	0.57823026	
483	0.58749136	0.57820007	
483.2	0.58770174	0.57816988	
483.4	0.58713858	0.57813969	
483.6	0.58688335	0.57810951	
483.8	0.5869058	0.57807932	
484	0.58640164	0.57804914	
484.2	0.58587077	0.57801896	
484.4	0.58531442	0.57798878	
484.6	0.58528195	0.57795861	
484.8	0.58491929	0.57792843	
485	0.58530924	0.57789826	
485.2	0.58522963	0.57786808	
485.4	0.58485979	0.57783791	
485.6	0.58539489	0.57780774	
485.8	0.58577161	0.57777758	
486	0.58620854	0.57774741	
486.2	0.58617385	0.57771725	
486.4	0.58666374	0.57768708	
486.6	0.58724644	0.57765692	
486.8	0.58782672	0.57762676	
487	0.5883097	0.57759661	
487.2	0.58809502	0.57756645	
487.4	0.58811361	0.57753629	
487.6	0.5886758	0.57750614	
487.8	0.58882443	0.57747599	
488	0.58856251	0.57744584	
488.2	0.58813853	0.57741569	
488.4	0.58766314	0.57738554	
488.6	0.58771106	0.5773554	
488.8	0.58751766	0.57732525	
489	0.58770609	0.57729511	
489.2	0.58718599	0.57726497	
489.4	0.58713208	0.57723483	
489.6	0.58713264	0.57720469	
489.8	0.58667175	0.57717456	
490	0.58678931	0.57714442	
490.2	0.5868586	0.57711429	
490.4	0.58650274	0.57708416	
490.6	0.58608393	0.57705403	
490.8	0.5860761	0.5770239	
491	0.58595788	0.57699377	
491.2	0.58640533	0.57696365	
491.4	0.58748369	0.57693352	
491.6	0.58764493	0.5769034	
491.8	0.58805348	0.57687328	
492	0.58850594	0.57684316	
492.2	0.58840721	0.57681305	
492.4	0.58921749	0.57678293	
492.6	0.58907219	0.57675282	
492.8	0.58907602	0.5767227	
493	0.58890267	0.57669259	
493.2	0.58846198	0.57666248	
493.4	0.58828376	0.57663238	
493.6	0.58732469	0.57660227	
493.8	0.58744263	0.57657217	
494	0.5874538	0.57654206	
494.2	0.58685411	0.57651196	
494.4	0.58621349	0.57648186	
494.6	0.58542466	0.57645176	
494.8	0.58564173	0.57642167	
495	0.5855904	0.57639157	
495.2	0.58545715	0.57636148	
495.4	0.58504504	0.57633139	
495.6	0.58515229	0.57630129	
495.8	0.58539169	0.57627121	
496	0.58563339	0.57624112	
496.2	0.5856704	0.57621103	
496.4	0.58577714	0.57618095	
496.6	0.58603171	0.57615087	
496.8	0.58641196	0.57612078	
497	0.58635234	0.57609071	
497.2	0.58636097	0.57606063	
497.4	0.58600239	0.57603055	
497.6	0.58586348	0.57600048	
497.8	0.58623446	0.5759704	
498	0.58605608	0.57594033	
498.2	0.58581026	0.57591026	
498.4	0.58538959	0.57588019	
498.6	0.58565586	0.57585013	
498.8	0.58597217	0.57582006	
499	0.58533276	0.57579	
499.2	0.58474208	0.57575993	
499.4	0.58466081	0.57572987	
499.6	0.58507322	0.57569981	
499.8	0.58452814	0.57566976	
500	0.58476617	0.5756397	
500.2	0.5849153	0.57560965	
500.4	0.58474541	0.57557959	
500.6	0.58512256	0.57554954	
500.8	0.58549269	0.57551949	
501	0.58569735	0.57548945	
501.2	0.58568738	0.5754594	
501.4	0.58554651	0.57542935	
501.6	0.58573983	0.57539931	
501.8	0.58561271	0.57536927	
502	0.58568678	0.57533923	
502.2	0.58545676	0.57530919	
502.4	0.58529175	0.57527915	
502.6	0.58552205	0.57524912	
502.8	0.58499421	0.57521908	
503	0.5848647	0.57518905	
503.2	0.58488802	0.57515902	
503.4	0.58539061	0.57512899	
503.6	0.58560489	0.57509896	
503.8	0.58564404	0.57506894	
504	0.58634584	0.57503891	
504.2	0.58650967	0.57500889	
504.4	0.58646705	0.57497887	
504.6	0.58687477	0.57494885	
504.8	0.58756338	0.57491883	
505	0.58763362	0.57488881	
505.2	0.58734556	0.5748588	
505.4	0.58743953	0.57482878	
505.6	0.58757061	0.57479877	
505.8	0.58705851	0.57476876	
506	0.58721021	0.57473875	
506.2	0.58707465	0.57470875	
506.4	0.58634264	0.57467874	
506.6	0.58602608	0.57464874	
506.8	0.58532508	0.57461873	
507	0.58531799	0.57458873	
507.2	0.58540572	0.57455873	
507.4	0.5852648	0.57452873	
507.6	0.5847917	0.57449874	
507.8	0.58477588	0.57446874	
508	0.58466135	0.57443875	
508.2	0.58441351	0.57440876	
508.4	0.58439535	0.57437877	
508.6	0.5849088	0.57434878	
508.8	0.58445078	0.57431879	
509	0.58412554	0.57428881	
509.2	0.58392391	0.57425882	
509.4	0.58430998	0.57422884	
509.6	0.58448767	0.57419886	
509.8	0.58430328	0.57416888	
510	0.58480351	0.5741389	
510.2	0.5847041	0.57410893	
510.4	0.58435387	0.57407895	
510.6	0.58469366	0.57404898	
510.8	0.58484188	0.57401901	
511	0.58512573	0.57398904	
511.2	0.58563009	0.57395907	
511.4	0.58548781	0.5739291	
511.6	0.58553419	0.57389914	
511.8	0.58580152	0.57386918	
512	0.58577286	0.57383921	
512.2	0.5856839	0.57380925	
512.4	0.58597854	0.57377929	
512.6	0.585946	0.57374934	
512.8	0.58491759	0.57371938	
513	0.584676	0.57368943	
513.2	0.58479779	0.57365948	
513.4	0.58450428	0.57362952	
513.6	0.5844996	0.57359957	
513.8	0.58416327	0.57356963	
514	0.58403677	0.57353968	
514.2	0.58387642	0.57350974	
514.4	0.58371448	0.57347979	
514.6	0.58427255	0.57344985	
514.8	0.58460288	0.57341991	
515	0.58493754	0.57338997	
515.2	0.58541839	0.57336004	
515.4	0.58557332	0.5733301	
515.6	0.586016	0.57330017	
515.8	0.58599052	0.57327023	
516	0.58649342	0.5732403	
516.2	0.58673661	0.57321037	
516.4	0.58708056	0.57318045	
516.6	0.5869379	0.57315052	
516.8	0.58655297	0.5731206	
517	0.58655741	0.57309067	
517.2	0.58655818	0.57306075	
517.4	0.5860701	0.57303083	
517.6	0.58624193	0.57300091	
517.8	0.58585386	0.572971	
518	0.58604367	0.57294108	
518.2	0.58601077	0.57291117	
518.4	0.58543283	0.57288126	
518.6	0.58566845	0.57285135	
518.8	0.58562707	0.57282144	
519	0.58563015	0.57279153	
519.2	0.58536491	0.57276163	
519.4	0.58509495	0.57273172	
519.6	0.58504701	0.57270182	
519.8	0.58457274	0.57267192	
520	0.58461656	0.57264202	
520.2	0.58458082	0.57261212	
520.4	0.58440373	0.57258222	
520.6	0.58458616	0.57255233	
520.8	0.5844319	0.57252244	
521	0.58411932	0.57249254	
521.2	0.58416834	0.57246265	
521.4	0.58465468	0.57243277	
521.6	0.58530002	0.57240288	
521.8	0.58571721	0.57237299	
522	0.58633255	0.57234311	
522.2	0.58652615	0.57231323	
522.4	0.58658597	0.57228335	
522.6	0.58746051	0.57225347	
522.8	0.58768484	0.57222359	
523	0.58835527	0.57219371	
523.2	0.5885423	0.57216384	
523.4	0.5883492	0.57213397	
523.6	0.58759469	0.5721041	
523.8	0.58736747	0.57207423	
524	0.58749748	0.57204436	
524.2	0.58791291	0.57201449	
524.4	0.58791239	0.57198463	
524.6	0.58761242	0.57195476	
524.8	0.58687689	0.5719249	
525	0.58676441	0.57189504	
525.2	0.58688975	0.57186518	
525.4	0.58669388	0.57183532	
525.6	0.58626677	0.57180547	
525.8	0.58589297	0.57177561	
526	0.585946	0.57174576	
526.2	0.58647756	0.57171591	
526.4	0.58681301	0.57168606	
526.6	0.58719022	0.57165621	
526.8	0.58667091	0.57162637	
527	0.58723128	0.57159652	
527.2	0.58667799	0.57156668	
527.4	0.58605096	0.57153684	
527.6	0.58558804	0.571507	
527.8	0.58637521	0.57147716	
528	0.58643157	0.57144732	
528.2	0.58659219	0.57141749	
528.4	0.58637813	0.57138765	
528.6	0.58635663	0.57135782	
528.8	0.58599588	0.57132799	
529	0.58557551	0.57129816	
529.2	0.58504682	0.57126833	
529.4	0.58517116	0.57123851	
529.6	0.58532372	0.57120868	
529.8	0.58568479	0.57117886	
530	0.5860762	0.57114904	
530.2	0.58623965	0.57111922	
530.4	0.58527616	0.5710894	
530.6	0.58448233	0.57105958	
530.8	0.58415457	0.57102977	
531	0.58419162	0.57099995	
531.2	0.58446438	0.57097014	
531.4	0.58485953	0.57094033	
531.6	0.58504104	0.57091052	
531.8	0.58524536	0.57088071	
532	0.5849315	0.57085091	
532.2	0.58500882	0.5708211	
532.4	0.58504341	0.5707913	
532.6	0.58504197	0.5707615	
532.8	0.58466574	0.5707317	
533	0.584495	0.5707019	
533.2	0.58517854	0.5706721	
533.4	0.58558873	0.57064231	
533.6	0.58553671	0.57061252	
533.8	0.58542445	0.57058272	
534	0.58500776	0.57055293	
534.2	0.58482832	0.57052315	
534.4	0.5843503	0.57049336	
534.6	0.58443153	0.57046357	
534.8	0.5851593	0.57043379	
535	0.58529775	0.57040401	
535.2	0.58577374	0.57037422	
535.4	0.58615996	0.57034444	
535.6	0.58596915	0.57031467	
535.8	0.58596308	0.57028489	
536	0.58612616	0.57025512	
536.2	0.5858095	0.57022534	
536.4	0.58578912	0.57019557	
536.6	0.58542575	0.5701658	
536.8	0.58491212	0.57013603	
537	0.58443225	0.57010627	
537.2	0.58449197	0.5700765	
537.4	0.58432516	0.57004674	
537.6	0.58426425	0.57001697	
537.8	0.58416941	0.56998721	
538	0.58440844	0.56995745	
538.2	0.5847385	0.5699277	
538.4	0.58474687	0.56989794	
538.6	0.58489249	0.56986819	
538.8	0.58528687	0.56983843	
539	0.58529202	0.56980868	
539.2	0.58565018	0.56977893	
539.4	0.58623367	0.56974918	
539.6	0.58607974	0.56971944	
539.8	0.58635443	0.56968969	
