Conc1	3E-07	
Start1	240	
Stop1	479.8	
Kobs	0.00876706432728739	
Error Kobs	0.000105182779450335	
Koff	0	
Error Koff	0	
Time1	Data1	Fit1	
240	0.06764714	0	
240.2	0.07708225	0.02337322	
240.4	0.08874719	0.04638136	
240.6	0.1023296	0.06903013	
240.8	0.11737217	0.09132514	
241	0.13410063	0.11327191	
241.2	0.15187004	0.13487588	
241.4	0.17070668	0.15614241	
241.6	0.18988486	0.17707678	
241.8	0.20938633	0.19768415	
242	0.22826229	0.21796966	
242.2	0.2463916	0.23793831	
242.4	0.2642041	0.25759507	
242.6	0.28124839	0.27694479	
242.8	0.29844743	0.29599229	
243	0.31579835	0.31474227	
243.2	0.33233081	0.33319939	
243.4	0.34876127	0.35136822	
243.6	0.36525156	0.36925327	
243.8	0.38160961	0.38685896	
244	0.39776613	0.40418966	
244.2	0.41416624	0.42124966	
244.4	0.43046176	0.43804319	
244.6	0.44618477	0.45457442	
244.8	0.46142106	0.47084744	
245	0.47654054	0.48686629	
245.2	0.49163102	0.50263492	
245.4	0.5066609	0.51815727	
245.6	0.52161736	0.53343716	
245.8	0.53646992	0.54847839	
246	0.55076006	0.56328468	
246.2	0.56557186	0.57785971	
246.4	0.58010246	0.59220708	
246.6	0.59382128	0.60633035	
246.8	0.60785768	0.62023303	
247	0.62161374	0.63391856	
247.2	0.63475777	0.64739032	
247.4	0.64801864	0.66065167	
247.6	0.6612298	0.67370587	
247.8	0.67396447	0.68655618	
248	0.68699963	0.69920578	
248.2	0.69944782	0.71165779	
248.4	0.71177352	0.72391532	
248.6	0.72373502	0.73598138	
248.8	0.73550021	0.74785898	
249	0.7476503	0.75955106	
249.2	0.75999849	0.77106052	
249.4	0.77172349	0.7823902	
249.6	0.78349204	0.79354292	
249.8	0.79474196	0.80452144	
250	0.80618751	0.81532849	
250.2	0.81750357	0.82596673	
250.4	0.82848178	0.83643881	
250.6	0.83928841	0.84674732	
250.8	0.85022309	0.85689482	
251	0.86099375	0.86688382	
251.2	0.87126008	0.8767168	
251.4	0.88127889	0.88639619	
251.6	0.89115533	0.8959244	
251.8	0.90094763	0.90530378	
252	0.91091213	0.91453666	
252.2	0.92062025	0.92362532	
252.4	0.93031493	0.93257203	
252.6	0.93968262	0.941379	
252.8	0.94888468	0.9500484	
253	0.95857159	0.95858239	
253.2	0.96723389	0.96698309	
253.4	0.97577689	0.97525257	
253.6	0.98429075	0.98339289	
253.8	0.99265878	0.99140606	
254	1.00102591	0.99929407	
254.2	1.0090305	1.00705888	
254.4	1.01743791	1.0147024	
254.6	1.02570166	1.02222653	
254.8	1.0336267	1.02963315	
255	1.04125497	1.03692407	
255.2	1.04921294	1.04410111	
255.4	1.05660343	1.05116606	
255.6	1.0642045	1.05812065	
255.8	1.07165537	1.06496661	
256	1.07929277	1.07170565	
256.2	1.08664886	1.07833942	
256.4	1.09348954	1.08486958	
256.6	1.10053311	1.09129775	
256.8	1.10759883	1.0976255	
257	1.11476519	1.10385443	
257.2	1.12123831	1.10998605	
257.4	1.12823405	1.11602191	
257.6	1.13501338	1.12196349	
257.8	1.14139034	1.12781227	
258	1.14803364	1.13356969	
258.2	1.15427256	1.13923718	
258.4	1.16048168	1.14481615	
258.6	1.16663526	1.15030798	
258.8	1.17244354	1.15571403	
259	1.17840381	1.16103564	
259.2	1.18418264	1.16627414	
259.4	1.18912499	1.1714308	
259.6	1.19414258	1.17650693	
259.8	1.1989946	1.18150377	
260	1.2041715	1.18642256	
260.2	1.20895329	1.19126452	
260.4	1.21367372	1.19603085	
260.6	1.21875485	1.20072273	
260.8	1.22359855	1.20534134	
261	1.22846257	1.2098878	
261.2	1.23350519	1.21436324	
261.4	1.23850766	1.21876879	
261.6	1.24324542	1.22310552	
261.8	1.24753855	1.22737451	
262	1.25256904	1.23157683	
262.2	1.25688497	1.2357135	
262.4	1.26152216	1.23978557	
262.6	1.26619018	1.24379403	
262.8	1.27025287	1.24773988	
263	1.27447561	1.2516241	
263.2	1.27840593	1.25544765	
263.4	1.28220442	1.25921148	
263.6	1.28644728	1.26291652	
263.8	1.29048592	1.26656368	
264	1.29436993	1.27015389	
264.2	1.29764478	1.27368801	
264.4	1.30110706	1.27716693	
264.6	1.30448015	1.28059152	
264.8	1.30805007	1.28396261	
265	1.31164109	1.28728105	
265.2	1.315227	1.29054766	
265.4	1.3187427	1.29376325	
265.6	1.32201112	1.29692861	
265.8	1.32525692	1.30004452	
266	1.32874387	1.30311177	
266.2	1.33181916	1.30613112	
266.4	1.33496184	1.3091033	
266.6	1.33775558	1.31202905	
266.8	1.34094555	1.31490911	
267	1.3442931	1.31774418	
267.2	1.34743915	1.32053497	
267.4	1.35096165	1.32328217	
267.6	1.35409636	1.32598647	
267.8	1.35669196	1.32864852	
268	1.3589454	1.33126899	
268.2	1.36143207	1.33384853	
268.4	1.36421242	1.33638778	
268.6	1.36705676	1.33888737	
268.8	1.37008736	1.34134791	
269	1.37289943	1.34377003	
269.2	1.37591461	1.34615431	
269.4	1.37877271	1.34850135	
269.6	1.38141591	1.35081173	
269.8	1.38394733	1.35308602	
270	1.3867277	1.3553248	
270.2	1.38925452	1.3575286	
270.4	1.39164672	1.35969798	
270.6	1.39362092	1.36183347	
270.8	1.39603919	1.36393562	
271	1.39826307	1.36600492	
271.2	1.40039091	1.36804191	
271.4	1.4025431	1.37004708	
271.6	1.40425275	1.37202092	
271.8	1.40591864	1.37396394	
272	1.40743492	1.37587661	
272.2	1.40923679	1.37775941	
272.4	1.41076829	1.37961279	
272.6	1.41272588	1.38143723	
272.8	1.41474955	1.38323317	
273	1.41634859	1.38500106	
273.2	1.41845131	1.38674134	
273.4	1.42013048	1.38845443	
273.6	1.42208009	1.39014077	
273.8	1.42388214	1.39180077	
274	1.42615102	1.39343483	
274.2	1.42786382	1.39504338	
274.4	1.42983459	1.3966268	
274.6	1.4314049	1.39818549	
274.8	1.43337457	1.39971983	
275	1.43541934	1.40123021	
275.2	1.43745431	1.40271699	
275.4	1.43962528	1.40418056	
275.6	1.44108689	1.40562126	
275.8	1.44236626	1.40703946	
276	1.44386156	1.40843551	
276.2	1.44507289	1.40980975	
276.4	1.44626912	1.41116253	
276.6	1.44770017	1.41249418	
276.8	1.44885671	1.41380503	
277	1.44986604	1.4150954	
277.2	1.45117819	1.41636562	
277.4	1.45200067	1.417616	
277.6	1.45344649	1.41884685	
277.8	1.45474454	1.42005847	
278	1.45620887	1.42125117	
278.2	1.45713698	1.42242524	
278.4	1.45839613	1.42358097	
278.6	1.45961276	1.42471865	
278.8	1.46101075	1.42583856	
279	1.46234929	1.42694098	
279.2	1.46377943	1.42802618	
279.4	1.46501021	1.42909442	
279.6	1.46607438	1.43014599	
279.8	1.46743641	1.43118112	
280	1.46871351	1.43220009	
280.2	1.46961341	1.43320315	
280.4	1.47085436	1.43419053	
280.6	1.47261795	1.4351625	
280.8	1.47380603	1.43611928	
281	1.47473821	1.43706112	
281.2	1.47580772	1.43798824	
281.4	1.47686115	1.43890089	
281.6	1.47838625	1.43979928	
281.8	1.47958718	1.44068364	
282	1.4804854	1.44155418	
282.2	1.48118692	1.44241113	
282.4	1.48229995	1.44325469	
282.6	1.48346053	1.44408508	
282.8	1.48445624	1.4449025	
283	1.48531741	1.44570715	
283.2	1.48671038	1.44649923	
283.4	1.48785344	1.44727894	
283.6	1.48891624	1.44804647	
283.8	1.48982734	1.44880201	
284	1.490639	1.44954575	
284.2	1.49142457	1.45027787	
284.4	1.49284246	1.45099856	
284.6	1.49397456	1.451708	
284.8	1.49438618	1.45240635	
285	1.49508582	1.45309379	
285.2	1.4961145	1.45377049	
285.4	1.49733435	1.45443663	
285.6	1.49857106	1.45509236	
285.8	1.49928367	1.45573785	
286	1.49991711	1.45637326	
286.2	1.50054992	1.45699874	
286.4	1.50121648	1.45761445	
286.6	1.50198978	1.45822055	
286.8	1.50267881	1.45881718	
287	1.50359177	1.45940449	
287.2	1.5046035	1.45998262	
287.4	1.5052154	1.46055173	
287.6	1.5059841	1.46111194	
287.8	1.50684795	1.46166341	
288	1.50728824	1.46220626	
288.2	1.50773763	1.46274064	
288.4	1.50869001	1.46326667	
288.6	1.50917174	1.46378448	
288.8	1.50988837	1.4642942	
289	1.510669	1.46479596	
289.2	1.51140035	1.46528989	
289.4	1.51228976	1.46577609	
289.6	1.51281996	1.46625471	
289.8	1.51322346	1.46672585	
290	1.5139124	1.46718963	
290.2	1.51406908	1.46764617	
290.4	1.5142213	1.46809557	
290.6	1.51458779	1.46853796	
290.8	1.51531534	1.46897343	
291	1.51583229	1.46940211	
291.2	1.51626764	1.46982409	
291.4	1.5167574	1.47023948	
291.6	1.51749406	1.47064838	
291.8	1.51796822	1.47105089	
292	1.51843729	1.47144711	
292.2	1.51905699	1.47183715	
292.4	1.52003108	1.4722211	
292.6	1.52057787	1.47259904	
292.8	1.52123499	1.47297109	
293	1.52201487	1.47333732	
293.2	1.52266352	1.47369783	
293.4	1.52351465	1.47405272	
293.6	1.52421023	1.47440206	
293.8	1.52499334	1.47474594	
294	1.52556967	1.47508445	
294.2	1.52591733	1.47541767	
294.4	1.5260782	1.47574569	
294.6	1.52653059	1.47606859	
294.8	1.526951	1.47638644	
295	1.52707577	1.47669933	
295.2	1.52767005	1.47700733	
295.4	1.52802653	1.47731052	
295.6	1.52881418	1.47760897	
295.8	1.5290176	1.47790276	
296	1.52968986	1.47819197	
296.2	1.52986755	1.47847665	
296.4	1.53013793	1.47875689	
296.6	1.53033307	1.47903275	
296.8	1.53062751	1.47930431	
297	1.53145369	1.47957162	
297.2	1.5318387	1.47983476	
297.4	1.53244432	1.48009378	
297.6	1.53286598	1.48034876	
297.8	1.53362221	1.48059976	
298	1.53405413	1.48084684	
298.2	1.53422538	1.48109006	
298.4	1.53440189	1.48132948	
298.6	1.53496435	1.48156516	
298.8	1.53530556	1.48179716	
299	1.53545781	1.48202553	
299.2	1.53600478	1.48225034	
299.4	1.53602166	1.48247164	
299.6	1.53662349	1.48268948	
299.8	1.53690486	1.48290391	
300	1.53738391	1.483115	
300.2	1.53758404	1.48332279	
300.4	1.53806606	1.48352734	
300.6	1.5385603	1.48372869	
300.8	1.5391307	1.4839269	
301	1.54013282	1.484122	
301.2	1.54053247	1.48431407	
301.4	1.54125768	1.48450313	
301.6	1.54182622	1.48468924	
301.8	1.54235252	1.48487244	
302	1.54263479	1.48505278	
302.2	1.54286592	1.48523031	
302.4	1.54345239	1.48540506	
302.6	1.54373155	1.48557708	
302.8	1.54376558	1.48574641	
303	1.54388874	1.4859131	
303.2	1.5445548	1.48607719	
303.4	1.54465787	1.48623871	
303.6	1.54514784	1.48639771	
303.8	1.5452601	1.48655423	
304	1.54571317	1.4867083	
304.2	1.54571596	1.48685997	
304.4	1.54607035	1.48700927	
304.6	1.54630705	1.48715623	
304.8	1.54651111	1.4873009	
305	1.54696549	1.48744331	
305.2	1.54699917	1.48758349	
305.4	1.54707606	1.48772149	
305.6	1.54712845	1.48785733	
305.8	1.54713049	1.48799105	
306	1.54724398	1.48812268	
306.2	1.54738283	1.48825225	
306.4	1.54754079	1.4883798	
306.6	1.54805352	1.48850536	
306.8	1.54830262	1.48862896	
307	1.54880256	1.48875062	
307.2	1.54919513	1.48887039	
307.4	1.54903181	1.48898829	
307.6	1.54959367	1.48910434	
307.8	1.549781	1.48921858	
308	1.55037764	1.48933104	
308.2	1.5505546	1.48944174	
308.4	1.55157986	1.48955071	
308.6	1.55157072	1.48965798	
308.8	1.55210751	1.48976357	
309	1.55270595	1.48986751	
309.2	1.55283536	1.48996983	
309.4	1.55288823	1.49007056	
309.6	1.55319578	1.49016971	
309.8	1.55300149	1.49026731	
310	1.55323235	1.49036338	
310.2	1.55361193	1.49045796	
310.4	1.55403111	1.49055106	
310.6	1.55442009	1.4906427	
310.8	1.55470197	1.49073291	
311	1.55473831	1.49082172	
311.2	1.55488265	1.49090913	
311.4	1.55470289	1.49099518	
311.6	1.55525976	1.49107989	
311.8	1.5551378	1.49116328	
312	1.55563593	1.49124536	
312.2	1.55609333	1.49132616	
312.4	1.55620969	1.49140569	
312.6	1.55604554	1.49148399	
312.8	1.55686159	1.49156106	
313	1.55699796	1.49163693	
313.2	1.5570344	1.49171161	
313.4	1.55709646	1.49178513	
313.6	1.55755395	1.4918575	
313.8	1.5578358	1.49192874	
314	1.5586751	1.49199886	
314.2	1.55896673	1.49206789	
314.4	1.55939178	1.49213584	
314.6	1.55932646	1.49220273	
314.8	1.5597023	1.49226858	
315	1.55952836	1.4923334	
315.2	1.55974536	1.4923972	
315.4	1.55983276	1.49246001	
315.6	1.56003414	1.49252184	
315.8	1.5602266	1.4925827	
316	1.56083774	1.49264261	
316.2	1.56107548	1.49270159	
316.4	1.56120647	1.49275964	
316.6	1.56181322	1.49281679	
316.8	1.56221768	1.49287304	
317	1.56247282	1.49292842	
317.2	1.56282609	1.49298293	
317.4	1.5632712	1.49303659	
317.6	1.5634543	1.49308941	
317.8	1.56385706	1.49314141	
318	1.56399834	1.49319259	
318.2	1.56376053	1.49324298	
318.4	1.56381857	1.49329257	
318.6	1.56346526	1.4933414	
318.8	1.56383018	1.49338946	
319	1.56367616	1.49343677	
319.2	1.56369207	1.49348334	
319.4	1.56319586	1.49352918	
319.6	1.56322866	1.49357431	
319.8	1.56353351	1.49361873	
320	1.56377933	1.49366246	
320.2	1.56404274	1.49370551	
320.4	1.56421728	1.49374788	
320.6	1.56430509	1.49378959	
320.8	1.56420389	1.49383065	
321	1.56451082	1.49387107	
321.2	1.56437451	1.49391086	
321.4	1.56468307	1.49395002	
321.6	1.56469737	1.49398858	
321.8	1.56547201	1.49402653	
322	1.56567763	1.49406389	
322.2	1.56615597	1.49410066	
322.4	1.56652578	1.49413686	
322.6	1.56692148	1.4941725	
322.8	1.56717474	1.49420758	
323	1.5672173	1.49424211	
323.2	1.56764375	1.4942761	
323.4	1.56769907	1.49430956	
323.6	1.56870326	1.4943425	
323.8	1.56896985	1.49437493	
324	1.56932836	1.49440684	
324.2	1.56931306	1.49443826	
324.4	1.56909214	1.49446919	
324.6	1.56899001	1.49449963	
324.8	1.56909101	1.4945296	
325	1.56865775	1.49455911	
325.2	1.56851715	1.49458815	
325.4	1.56916283	1.49461673	
325.6	1.56932434	1.49464487	
325.8	1.56964282	1.49467257	
326	1.57010092	1.49469984	
326.2	1.57054912	1.49472668	
326.4	1.57036073	1.49475311	
326.6	1.57032688	1.49477912	
326.8	1.57024653	1.49480472	
327	1.57080944	1.49482993	
327.2	1.5715397	1.49485474	
327.4	1.57168232	1.49487916	
327.6	1.57171125	1.4949032	
327.8	1.57142673	1.49492687	
328	1.57138567	1.49495016	
328.2	1.57103987	1.4949731	
328.4	1.57108824	1.49499567	
328.6	1.57087481	1.49501789	
328.8	1.57076261	1.49503977	
329	1.5704826	1.4950613	
329.2	1.57068222	1.4950825	
329.4	1.57117458	1.49510336	
329.6	1.57093387	1.4951239	
329.8	1.57121762	1.49514412	
330	1.5717923	1.49516402	
330.2	1.57194809	1.49518362	
330.4	1.57190968	1.4952029	
330.6	1.57202504	1.49522189	
330.8	1.57232145	1.49524057	
331	1.57258232	1.49525897	
331.2	1.57302505	1.49527708	
331.4	1.57260841	1.49529491	
331.6	1.57290081	1.49531245	
331.8	1.57284714	1.49532973	
332	1.57317369	1.49534673	
332.2	1.5733617	1.49536347	
332.4	1.57374965	1.49537995	
332.6	1.57380747	1.49539617	
332.8	1.57390998	1.49541213	
333	1.57426555	1.49542785	
333.2	1.57397292	1.49544332	
333.4	1.57434835	1.49545855	
333.6	1.57398893	1.49547354	
333.8	1.5743622	1.4954883	
334	1.57434936	1.49550283	
334.2	1.57438083	1.49551713	
334.4	1.57436997	1.4955312	
334.6	1.57431459	1.49554506	
334.8	1.57421655	1.4955587	
335	1.57415247	1.49557213	
335.2	1.57455399	1.49558535	
335.4	1.57440019	1.49559836	
335.6	1.57473989	1.49561117	
335.8	1.57457009	1.49562377	
336	1.57511301	1.49563618	
336.2	1.57528305	1.4956484	
336.4	1.57555094	1.49566043	
336.6	1.57558817	1.49567227	
336.8	1.5756692	1.49568392	
337	1.57575518	1.49569539	
337.2	1.57585009	1.49570668	
337.4	1.57627867	1.4957178	
337.6	1.57612773	1.49572874	
337.8	1.57623894	1.49573951	
338	1.5762248	1.49575012	
338.2	1.57663011	1.49576056	
338.4	1.5767814	1.49577083	
338.6	1.57716462	1.49578094	
338.8	1.57741466	1.4957909	
339	1.57798574	1.4958007	
339.2	1.57833663	1.49581035	
339.4	1.57826672	1.49581985	
339.6	1.57849744	1.49582919	
339.8	1.57864691	1.4958384	
340	1.57851121	1.49584746	
340.2	1.57828	1.49585637	
340.4	1.57821047	1.49586515	
340.6	1.57810178	1.49587379	
340.8	1.57797615	1.4958823	
341	1.57794143	1.49589067	
341.2	1.57805311	1.49589891	
341.4	1.57763419	1.49590703	
341.6	1.57749778	1.49591501	
341.8	1.57761471	1.49592288	
342	1.5777716	1.49593061	
342.2	1.57812367	1.49593823	
342.4	1.57846266	1.49594573	
342.6	1.57903418	1.49595311	
342.8	1.57899764	1.49596038	
343	1.57932571	1.49596753	
343.2	1.57930989	1.49597458	
343.4	1.57896111	1.49598151	
343.6	1.57911754	1.49598833	
343.8	1.57892818	1.49599505	
344	1.57866144	1.49600166	
344.2	1.57888314	1.49600817	
344.4	1.57885993	1.49601458	
344.6	1.57892381	1.49602088	
344.8	1.57902415	1.49602709	
345	1.57887192	1.4960332	
345.2	1.57889557	1.49603922	
345.4	1.57931967	1.49604514	
345.6	1.57995162	1.49605097	
345.8	1.58004837	1.49605671	
346	1.5800389	1.49606236	
346.2	1.58020853	1.49606792	
346.4	1.58000318	1.49607339	
346.6	1.5797859	1.49607878	
346.8	1.57941515	1.49608408	
347	1.57956642	1.49608931	
347.2	1.57971542	1.49609445	
347.4	1.57962308	1.49609951	
347.6	1.57978988	1.49610449	
347.8	1.57971237	1.49610939	
348	1.58012316	1.49611421	
348.2	1.58032666	1.49611896	
348.4	1.58039009	1.49612364	
348.6	1.58079196	1.49612824	
348.8	1.58118754	1.49613278	
349	1.58145796	1.49613724	
349.2	1.5820812	1.49614163	
349.4	1.58225192	1.49614595	
349.6	1.58210948	1.49615021	
349.8	1.58209695	1.49615439	
350	1.58213181	1.49615852	
350.2	1.58220737	1.49616258	
350.4	1.58215446	1.49616657	
350.6	1.58221408	1.4961705	
350.8	1.5820153	1.49617438	
351	1.58224377	1.49617819	
351.2	1.58260081	1.49618194	
351.4	1.58213249	1.49618563	
351.6	1.58179096	1.49618927	
351.8	1.58176901	1.49619284	
352	1.58239494	1.49619637	
352.2	1.5824574	1.49619983	
352.4	1.58273406	1.49620325	
352.6	1.58313423	1.49620661	
352.8	1.58347702	1.49620991	
353	1.58325732	1.49621317	
353.2	1.58350405	1.49621638	
353.4	1.5831384	1.49621953	
353.6	1.58309771	1.49622264	
353.8	1.58322067	1.49622569	
354	1.58313548	1.4962287	
354.2	1.58334656	1.49623167	
354.4	1.58333609	1.49623458	
354.6	1.5831776	1.49623745	
354.8	1.58319596	1.49624028	
355	1.58353516	1.49624306	
355.2	1.58330831	1.4962458	
355.4	1.58307632	1.49624849	
355.6	1.58318586	1.49625115	
355.8	1.58350487	1.49625376	
356	1.58397216	1.49625633	
356.2	1.58376112	1.49625886	
356.4	1.58386103	1.49626135	
356.6	1.58379261	1.4962638	
356.8	1.58335978	1.49626622	
357	1.58312841	1.49626859	
357.2	1.58336767	1.49627093	
357.4	1.58285315	1.49627324	
357.6	1.58276923	1.4962755	
357.8	1.58293924	1.49627773	
358	1.58321475	1.49627993	
358.2	1.58362851	1.49628209	
358.4	1.58386157	1.49628422	
358.6	1.58415681	1.49628632	
358.8	1.58454634	1.49628838	
359	1.58470484	1.49629041	
359.2	1.58464166	1.49629241	
359.4	1.58494914	1.49629438	
359.6	1.58501587	1.49629631	
359.8	1.58507382	1.49629822	
360	1.58507382	1.49630011	
360.2	1.58008763	1.49367877	
360.4	1.57400018	1.49106203	
360.6	1.56733924	1.48844987	
360.8	1.55965033	1.48584229	
361	1.55104923	1.48323928	
361.2	1.54215666	1.48064083	
361.4	1.53303603	1.47804693	
361.6	1.52370545	1.47545757	
361.8	1.51495336	1.47287275	
362	1.50635938	1.47029246	
362.2	1.49857746	1.46771669	
362.4	1.49106657	1.46514543	
362.6	1.48368522	1.46257868	
362.8	1.4763445	1.46001642	
363	1.46899963	1.45745865	
363.2	1.46167749	1.45490537	
363.4	1.45453947	1.45235655	
363.6	1.44741511	1.4498122	
363.8	1.44037261	1.44727231	
364	1.43373077	1.44473687	
364.2	1.42685072	1.44220587	
364.4	1.42033524	1.4396793	
364.6	1.41361309	1.43715716	
364.8	1.40676978	1.43463944	
365	1.40033027	1.43212613	
365.2	1.3941295	1.42961722	
365.4	1.38791389	1.42711271	
365.6	1.38175422	1.42461258	
365.8	1.37578927	1.42211684	
366	1.36935576	1.41962546	
366.2	1.36351025	1.41713845	
366.4	1.35756358	1.4146558	
366.6	1.35128906	1.4121775	
366.8	1.34534885	1.40970354	
367	1.33944314	1.40723391	
367.2	1.33364432	1.40476861	
367.4	1.3281546	1.40230763	
367.6	1.32262562	1.39985096	
367.8	1.3173066	1.3973986	
368	1.31182372	1.39495053	
368.2	1.3068517	1.39250675	
368.4	1.30207312	1.39006725	
368.6	1.29698687	1.38763202	
368.8	1.29235869	1.38520106	
369	1.28776749	1.38277436	
369.2	1.28304318	1.38035191	
369.4	1.27855583	1.3779337	
369.6	1.27385097	1.37551973	
369.8	1.26925284	1.37310999	
370	1.26471792	1.37070447	
370.2	1.26039937	1.36830317	
370.4	1.25598447	1.36590607	
370.6	1.2518	1.36351317	
370.8	1.24767667	1.36112446	
371	1.24371013	1.35873994	
371.2	1.23993881	1.3563596	
371.4	1.2356096	1.35398342	
371.6	1.23142042	1.35161141	
371.8	1.22742976	1.34924355	
372	1.22292879	1.34687985	
372.2	1.21894769	1.34452028	
372.4	1.21479794	1.34216485	
372.6	1.21075811	1.33981354	
372.8	1.20635888	1.33746635	
373	1.20225107	1.33512327	
373.2	1.1983359	1.3327843	
373.4	1.19469241	1.33044943	
373.6	1.19054576	1.32811865	
373.8	1.18683324	1.32579195	
374	1.18318255	1.32346932	
374.2	1.17934526	1.32115077	
374.4	1.17586268	1.31883628	
374.6	1.17229609	1.31652584	
374.8	1.16862227	1.31421945	
375	1.16507023	1.3119171	
375.2	1.16149157	1.30961878	
375.4	1.15751879	1.30732449	
375.6	1.15396369	1.30503422	
375.8	1.15052621	1.30274796	
376	1.14716836	1.30046571	
376.2	1.14405382	1.29818745	
376.4	1.14081337	1.29591319	
376.6	1.13767278	1.29364291	
376.8	1.13434997	1.2913766	
377	1.13150714	1.28911427	
377.2	1.12876803	1.2868559	
377.4	1.12594076	1.28460149	
377.6	1.12267915	1.28235103	
377.8	1.11958126	1.28010451	
378	1.1167983	1.27786192	
378.2	1.11380375	1.27562326	
378.4	1.11095835	1.27338853	
378.6	1.10815435	1.27115771	
378.8	1.105293	1.2689308	
379	1.10205537	1.26670779	
379.2	1.09909353	1.26448867	
379.4	1.09583041	1.26227344	
379.6	1.09288501	1.2600621	
379.8	1.0899713	1.25785462	
380	1.0876091	1.25565102	
380.2	1.08439605	1.25345127	
380.4	1.08147519	1.25125538	
380.6	1.07866785	1.24906334	
380.8	1.07590477	1.24687513	
381	1.07330713	1.24469076	
381.2	1.07091272	1.24251022	
381.4	1.06823389	1.24033349	
381.6	1.06561501	1.23816058	
381.8	1.06319714	1.23599148	
382	1.06141242	1.23382617	
382.2	1.05910994	1.23166466	
382.4	1.05662421	1.22950694	
382.6	1.05420677	1.22735299	
382.8	1.05188424	1.22520282	
383	1.04942	1.22305642	
383.2	1.04704442	1.22091377	
383.4	1.04434049	1.21877488	
383.6	1.04181278	1.21663974	
383.8	1.0393099	1.21450834	
384	1.03737144	1.21238067	
384.2	1.03437307	1.21025673	
384.4	1.0323687	1.20813651	
384.6	1.03019956	1.20602	
384.8	1.02776089	1.2039072	
385	1.02557708	1.20179811	
385.2	1.0233555	1.1996927	
385.4	1.02084766	1.19759099	
385.6	1.01856326	1.19549296	
385.8	1.01665203	1.1933986	
386	1.01487204	1.19130792	
386.2	1.01247833	1.18922089	
386.4	1.01028384	1.18713752	
386.6	1.00827325	1.1850578	
386.8	1.0065622	1.18298173	
387	1.00467561	1.18090929	
387.2	1.00236559	1.17884048	
387.4	0.99994964	1.1767753	
387.6	0.99816508	1.17471374	
387.8	0.99631597	1.17265578	
388	0.99461058	1.17060143	
388.2	0.99258656	1.16855069	
388.4	0.99059034	1.16650353	
388.6	0.98847538	1.16445996	
388.8	0.98636392	1.16241997	
389	0.98437766	1.16038355	
389.2	0.9820408	1.1583507	
389.4	0.97979922	1.15632142	
389.6	0.97780352	1.15429568	
389.8	0.97622252	1.1522735	
390	0.97440217	1.15025486	
390.2	0.9723318	1.14823975	
390.4	0.97052341	1.14622818	
390.6	0.9688914	1.14422013	
390.8	0.96696603	1.1422156	
391	0.9655539	1.14021458	
391.2	0.96372956	1.13821706	
391.4	0.96197243	1.13622305	
391.6	0.96057065	1.13423252	
391.8	0.95868322	1.13224549	
392	0.9569065	1.13026193	
392.2	0.95509811	1.12828185	
392.4	0.95308083	1.12630524	
392.6	0.95162928	1.1243321	
392.8	0.94970111	1.12236241	
393	0.94796509	1.12039617	
393.2	0.94587529	1.11843337	
393.4	0.94444877	1.11647401	
393.6	0.94292231	1.11451809	
393.8	0.94165118	1.11256559	
394	0.93970322	1.11061651	
394.2	0.93852861	1.10867085	
394.4	0.93676521	1.10672859	
394.6	0.9350907	1.10478974	
394.8	0.9334362	1.10285429	
395	0.93205593	1.10092222	
395.2	0.93049194	1.09899354	
395.4	0.92860223	1.09706824	
395.6	0.92709089	1.09514631	
395.8	0.92529599	1.09322775	
396	0.92358504	1.09131255	
396.2	0.92220469	1.08940071	
396.4	0.92096477	1.08749221	
396.6	0.9193638	1.08558706	
396.8	0.9175809	1.08368525	
397	0.91627656	1.08178676	
397.2	0.91467248	1.07989161	
397.4	0.9132792	1.07799977	
397.6	0.91179628	1.07611125	
397.8	0.91041381	1.07422603	
398	0.90861643	1.07234412	
398.2	0.90763312	1.07046551	
398.4	0.90594508	1.06859018	
398.6	0.90433437	1.06671815	
398.8	0.90309682	1.06484939	
399	0.90152862	1.0629839	
399.2	0.90024566	1.06112169	
399.4	0.89854981	1.05926273	
399.6	0.89719073	1.05740703	
399.8	0.89551405	1.05555459	
400	0.89419294	1.05370539	
400.2	0.89283348	1.05185942	
400.4	0.89145795	1.0500167	
400.6	0.88971172	1.0481772	
400.8	0.88837159	1.04634092	
401	0.88686631	1.04450786	
401.2	0.88522032	1.04267801	
401.4	0.88374319	1.04085137	
401.6	0.88293828	1.03902792	
401.8	0.88175198	1.03720768	
402	0.88079457	1.03539062	
402.2	0.88001376	1.03357674	
402.4	0.8790987	1.03176604	
402.6	0.87803952	1.02995851	
402.8	0.8773689	1.02815415	
403	0.87605911	1.02635296	
403.2	0.87477302	1.02455491	
403.4	0.87333376	1.02276002	
403.6	0.87163118	1.02096827	
403.8	0.87033929	1.01917966	
404	0.86962903	1.01739418	
404.2	0.86829116	1.01561183	
404.4	0.86728436	1.01383261	
404.6	0.86602391	1.0120565	
404.8	0.86465817	1.0102835	
405	0.86294431	1.00851361	
405.2	0.86183847	1.00674681	
405.4	0.8606385	1.00498312	
405.6	0.85953127	1.00322251	
405.8	0.85834287	1.00146499	
406	0.8575007	0.99971055	
406.2	0.85624773	0.99795918	
406.4	0.85487948	0.99621088	
406.6	0.85398886	0.99446564	
406.8	0.85264943	0.99272346	
407	0.8513319	0.99098433	
407.2	0.85002263	0.98924825	
407.4	0.84908999	0.98751521	
407.6	0.8477679	0.9857852	
407.8	0.84713683	0.98405823	
408	0.84631997	0.98233428	
408.2	0.84499737	0.98061335	
408.4	0.8438139	0.97889544	
408.6	0.84265365	0.97718053	
408.8	0.84136764	0.97546863	
409	0.84023133	0.97375973	
409.2	0.83917142	0.97205383	
409.4	0.83779228	0.97035091	
409.6	0.83676222	0.96865097	
409.8	0.83576063	0.96695401	
410	0.83483306	0.96526003	
410.2	0.83354712	0.96356901	
410.4	0.83262073	0.96188096	
410.6	0.83200477	0.96019586	
410.8	0.83112081	0.95851372	
411	0.83008126	0.95683452	
411.2	0.82874817	0.95515827	
411.4	0.82746509	0.95348495	
411.6	0.82623636	0.95181456	
411.8	0.82551412	0.9501471	
412	0.82432757	0.94848256	
412.2	0.82317911	0.94682093	
412.4	0.82177059	0.94516222	
412.6	0.82070187	0.94350641	
412.8	0.81963438	0.9418535	
413	0.81858659	0.94020349	
413.2	0.81757457	0.93855637	
413.4	0.81642838	0.93691214	
413.6	0.81544862	0.93527078	
413.8	0.81420394	0.9336323	
414	0.81314695	0.9319967	
414.2	0.81251458	0.93036395	
414.4	0.81187173	0.92873407	
414.6	0.811036	0.92710704	
414.8	0.81016837	0.92548287	
415	0.80882344	0.92386153	
415.2	0.8076896	0.92224304	
415.4	0.80693574	0.92062739	
415.6	0.80646447	0.91901456	
415.8	0.80580694	0.91740456	
416	0.80486762	0.91579738	
416.2	0.80406879	0.91419302	
416.4	0.80331796	0.91259146	
416.6	0.80242533	0.91099272	
416.8	0.80172743	0.90939677	
417	0.8009861	0.90780362	
417.2	0.8000752	0.90621326	
417.4	0.79884461	0.90462569	
417.6	0.79799908	0.90304089	
417.8	0.79700416	0.90145888	
418	0.79606657	0.89987963	
418.2	0.79546254	0.89830315	
418.4	0.7947296	0.89672944	
418.6	0.79382139	0.89515848	
418.8	0.79290699	0.89359027	
419	0.79190919	0.89202481	
419.2	0.79082267	0.89046209	
419.4	0.78996965	0.88890211	
419.6	0.78901056	0.88734487	
419.8	0.78835907	0.88579035	
420	0.7875255	0.88423855	
420.2	0.78626382	0.88268948	
420.4	0.78544424	0.88114311	
420.6	0.78418918	0.87959946	
420.8	0.78352683	0.87805851	
421	0.78273649	0.87652026	
421.2	0.7817826	0.87498471	
421.4	0.78098101	0.87345184	
421.6	0.78056214	0.87192166	
421.8	0.77968594	0.87039416	
422	0.7786666	0.86886934	
422.2	0.77805796	0.86734719	
422.4	0.7771743	0.8658277	
422.6	0.77608873	0.86431088	
422.8	0.77532543	0.86279671	
423	0.77451931	0.8612852	
423.2	0.77331479	0.85977633	
423.4	0.77258867	0.85827011	
423.6	0.77203241	0.85676653	
423.8	0.77131066	0.85526558	
424	0.77041505	0.85376726	
424.2	0.76949057	0.85227156	
424.4	0.76880886	0.85077849	
424.6	0.76809971	0.84928803	
424.8	0.76762571	0.84780018	
425	0.76707867	0.84631494	
425.2	0.76651664	0.8448323	
425.4	0.76617935	0.84335226	
425.6	0.76553439	0.84187481	
425.8	0.76468127	0.84039995	
426	0.76366096	0.83892767	
426.2	0.76288288	0.83745798	
426.4	0.76216507	0.83599085	
426.6	0.76166556	0.8345263	
426.8	0.76113625	0.83306431	
427	0.76066489	0.83160489	
427.2	0.75991985	0.83014802	
427.4	0.75938103	0.8286937	
427.6	0.75885102	0.82724193	
427.8	0.75780832	0.82579271	
428	0.75690627	0.82434602	
428.2	0.75597154	0.82290187	
428.4	0.75464456	0.82146025	
428.6	0.75366064	0.82002115	
428.8	0.75252683	0.81858457	
429	0.75150635	0.81715051	
429.2	0.75025049	0.81571897	
429.4	0.74927099	0.81428993	
429.6	0.7480214	0.81286339	
429.8	0.74710284	0.81143936	
430	0.74603006	0.81001781	
430.2	0.74549119	0.80859876	
430.4	0.74505813	0.8071822	
430.6	0.74447902	0.80576811	
430.8	0.74427057	0.80435651	
431	0.74383691	0.80294737	
431.2	0.7427966	0.80154071	
431.4	0.74227227	0.80013651	
431.6	0.74157845	0.79873477	
431.8	0.74072879	0.79733548	
432	0.74011683	0.79593865	
432.2	0.73950097	0.79454427	
432.4	0.73880796	0.79315232	
432.6	0.73796091	0.79176282	
432.8	0.7378794	0.79037575	
433	0.73745574	0.78899111	
433.2	0.73681285	0.78760889	
433.4	0.73636964	0.7862291	
433.6	0.73546107	0.78485172	
433.8	0.73484874	0.78347676	
434	0.73448584	0.7821042	
434.2	0.73410857	0.78073405	
434.4	0.73354131	0.7793663	
434.6	0.73288569	0.77800095	
434.8	0.73188448	0.77663799	
435	0.73055815	0.77527741	
435.2	0.72943886	0.77391922	
435.4	0.72897932	0.77256341	
435.6	0.7279173	0.77120998	
435.8	0.72726545	0.76985891	
436	0.72660307	0.76851021	
436.2	0.72613828	0.76716388	
436.4	0.72562588	0.7658199	
436.6	0.72468788	0.76447828	
436.8	0.72463148	0.76313901	
437	0.72380651	0.76180208	
437.2	0.7234577	0.7604675	
437.4	0.72274827	0.75913526	
437.6	0.72186222	0.75780534	
437.8	0.72152724	0.75647776	
438	0.72114358	0.75515251	
438.2	0.72039448	0.75382957	
438.4	0.71981438	0.75250896	
438.6	0.71925739	0.75119065	
438.8	0.71839051	0.74987466	
439	0.71777987	0.74856097	
439.2	0.71706129	0.74724959	
439.4	0.71680847	0.7459405	
439.6	0.71630928	0.7446337	
439.8	0.71587031	0.7433292	
440	0.71537483	0.74202698	
440.2	0.71488003	0.74072704	
440.4	0.7140444	0.73942937	
440.6	0.71302523	0.73813398	
440.8	0.71242515	0.73684086	
441	0.7115743	0.73555001	
441.2	0.71097373	0.73426142	
441.4	0.709989	0.73297508	
441.6	0.7093013	0.731691	
441.8	0.70873045	0.73040917	
442	0.70786906	0.72912958	
442.2	0.70728419	0.72785224	
442.4	0.70681099	0.72657713	
442.6	0.70622666	0.72530426	
442.8	0.70552608	0.72403361	
443	0.70502444	0.72276519	
443.2	0.70467314	0.721499	
443.4	0.7046828	0.72023502	
443.6	0.70455746	0.71897326	
443.8	0.70394866	0.71771371	
444	0.70359519	0.71645636	
444.2	0.70310528	0.71520122	
444.4	0.7021287	0.71394827	
444.6	0.70139549	0.71269752	
444.8	0.70046305	0.71144897	
445	0.69947232	0.7102026	
445.2	0.69871635	0.70895841	
445.4	0.69783477	0.7077164	
445.6	0.69713443	0.70647657	
445.8	0.69628053	0.70523891	
446	0.6956045	0.70400342	
446.2	0.6951003	0.70277009	
446.4	0.6944722	0.70153892	
446.6	0.69433248	0.70030991	
446.8	0.69395399	0.69908306	
447	0.69357169	0.69785835	
447.2	0.69360768	0.69663579	
447.4	0.69348969	0.69541537	
447.6	0.69350303	0.69419709	
447.8	0.69299305	0.69298094	
448	0.69294156	0.69176692	
448.2	0.69236857	0.69055503	
448.4	0.69165074	0.68934527	
448.6	0.6914849	0.68813762	
448.8	0.69023892	0.68693209	
449	0.68924406	0.68572867	
449.2	0.68866205	0.68452735	
449.4	0.68783203	0.68332815	
449.6	0.68758579	0.68213104	
449.8	0.68737238	0.68093603	
450	0.68684451	0.67974311	
450.2	0.68615701	0.67855229	
450.4	0.68583615	0.67736355	
450.6	0.6854402	0.67617689	
450.8	0.6847211	0.67499231	
451	0.68393433	0.67380981	
451.2	0.6833409	0.67262938	
451.4	0.68263715	0.67145101	
451.6	0.68201418	0.67027472	
451.8	0.68135295	0.66910048	
452	0.6807531	0.6679283	
452.2	0.67985225	0.66675817	
452.4	0.67930838	0.66559009	
452.6	0.67871712	0.66442406	
452.8	0.67777679	0.66326007	
453	0.67749602	0.66209812	
453.2	0.67712814	0.6609382	
453.4	0.67674764	0.65978032	
453.6	0.67687409	0.65862447	
453.8	0.67637639	0.65747064	
454	0.67552165	0.65631883	
454.2	0.67516265	0.65516904	
454.4	0.67488839	0.65402127	
454.6	0.67418617	0.6528755	
454.8	0.67370773	0.65173175	
455	0.67303677	0.65058999	
455.2	0.67219709	0.64945024	
455.4	0.67167432	0.64831248	
455.6	0.67134687	0.64717672	
455.8	0.67116743	0.64604295	
456	0.67101803	0.64491116	
456.2	0.67063122	0.64378135	
456.4	0.6703246	0.64265353	
456.6	0.67017744	0.64152768	
456.8	0.66958816	0.6404038	
457	0.66914172	0.63928189	
457.2	0.66864825	0.63816195	
457.4	0.66816921	0.63704397	
457.6	0.66767203	0.63592795	
457.8	0.66658248	0.63481388	
458	0.66604307	0.63370176	
458.2	0.66541036	0.6325916	
458.4	0.66483937	0.63148337	
458.6	0.66421671	0.63037709	
458.8	0.66347986	0.62927275	
459	0.66288924	0.62817034	
459.2	0.66191983	0.62706987	
459.4	0.66183007	0.62597132	
459.6	0.6616213	0.62487469	
459.8	0.66170766	0.62377999	
460	0.66163522	0.6226872	
460.2	0.66107238	0.62159633	
460.4	0.6608153	0.62050737	
460.6	0.66052936	0.61942032	
460.8	0.6598959	0.61833517	
461	0.65967771	0.61725192	
461.2	0.65928426	0.61617058	
461.4	0.65855325	0.61509112	
461.6	0.65788146	0.61401356	
461.8	0.65734349	0.61293788	
462	0.6568156	0.61186409	
462.2	0.65591052	0.61079218	
462.4	0.65512854	0.60972215	
462.6	0.65440455	0.60865399	
462.8	0.65374834	0.6075877	
463	0.65292083	0.60652328	
463.2	0.65216834	0.60546073	
463.4	0.65210847	0.60440004	
463.6	0.65145985	0.6033412	
463.8	0.65131631	0.60228422	
464	0.65067402	0.6012291	
464.2	0.65007723	0.60017582	
464.4	0.64962946	0.59912438	
464.6	0.64926106	0.59807479	
464.8	0.64884829	0.59702704	
465	0.6481991	0.59598112	
465.2	0.64744479	0.59493703	
465.4	0.64686578	0.59389478	
465.6	0.64664644	0.59285435	
465.8	0.64628999	0.59181574	
466	0.64536426	0.59077895	
466.2	0.64474893	0.58974398	
466.4	0.64418505	0.58871082	
466.6	0.64402508	0.58767947	
466.8	0.643755	0.58664993	
467	0.64314431	0.58562219	
467.2	0.6427832	0.58459626	
467.4	0.6425258	0.58357212	
467.6	0.64193025	0.58254977	
467.8	0.64169552	0.58152921	
468	0.64083097	0.58051045	
468.2	0.64059418	0.57949346	
468.4	0.64022321	0.57847826	
468.6	0.64000584	0.57746484	
468.8	0.6394399	0.57645319	
469	0.6389756	0.57544332	
469.2	0.6386068	0.57443521	
469.4	0.6386893	0.57342887	
469.6	0.63862804	0.5724243	
469.8	0.63834933	0.57142148	
470	0.63819417	0.57042042	
470.2	0.63797151	0.56942111	
470.4	0.63797876	0.56842356	
470.6	0.63783303	0.56742775	
470.8	0.63763085	0.56643369	
471	0.63694439	0.56544136	
471.2	0.63638082	0.56445078	
471.4	0.63590736	0.56346193	
471.6	0.63513294	0.56247482	
471.8	0.63469028	0.56148943	
472	0.63370432	0.56050577	
472.2	0.63315998	0.55952383	
472.4	0.632517	0.55854362	
472.6	0.63181053	0.55756512	
472.8	0.63119955	0.55658833	
473	0.63067484	0.55561326	
473.2	0.63015842	0.55463989	
473.4	0.62989202	0.55366823	
473.6	0.62949241	0.55269827	
473.8	0.62899148	0.55173001	
474	0.62855951	0.55076345	
474.2	0.62827992	0.54979858	
474.4	0.62822027	0.5488354	
474.6	0.62795565	0.54787391	
474.8	0.62793377	0.5469141	
475	0.62750959	0.54595598	
475.2	0.62742273	0.54499953	
475.4	0.62713192	0.54404476	
475.6	0.62682436	0.54309166	
475.8	0.62657655	0.54214023	
476	0.62606928	0.54119047	
476.2	0.62560717	0.54024237	
476.4	0.62559766	0.53929593	
476.6	0.62494243	0.53835115	
476.8	0.62443579	0.53740803	
477	0.62401736	0.53646655	
477.2	0.62346103	0.53552673	
477.4	0.62308099	0.53458855	
477.6	0.62257919	0.53365202	
477.8	0.62187436	0.53271713	
478	0.62138463	0.53178387	
478.2	0.62091901	0.53085225	
478.4	0.62035017	0.52992227	
478.6	0.61988445	0.52899391	
478.8	0.61942809	0.52806718	
479	0.61888977	0.52714207	
479.2	0.61851511	0.52621858	
479.4	0.61809417	0.52529671	
479.6	0.61768935	0.52437645	
479.8	0.61740603	0.52345781	
