Conc1	1.19E-08	
Start1	300	
Stop1	539.8	
Kobs	0.00443076591604262	
Error Kobs	4.69129931370029E-05	
Koff	0	
Error Koff	0	
Time1	Data1	Fit1	
300	0.00545014	0	
300.2	0.00536133	0.00029578	
300.4	0.00472024	0.00059128	
300.6	0.0047558	0.00088649	
300.8	0.00473349	0.00118142	
301	0.00476556	0.00147606	
301.2	0.00481363	0.00177042	
301.4	0.00487189	0.00206449	
301.6	0.00465607	0.00235828	
301.8	0.00497982	0.00265178	
302	0.00507375	0.002945	
302.2	0.00571246	0.00323794	
302.4	0.00569066	0.00353059	
302.6	0.00571562	0.00382296	
302.8	0.00557795	0.00411505	
303	0.00639057	0.00440686	
303.2	0.00593541	0.00469838	
303.4	0.00531373	0.00498963	
303.6	0.00495769	0.00528059	
303.8	0.00472534	0.00557127	
304	0.00490442	0.00586167	
304.2	0.00537025	0.00615179	
304.4	0.00529554	0.00644163	
304.6	0.00591169	0.00673118	
304.8	0.00632613	0.00702046	
305	0.00651029	0.00730946	
305.2	0.00662036	0.00759818	
305.4	0.00644186	0.00788662	
305.6	0.00650628	0.00817479	
305.8	0.0069729	0.00846267	
306	0.00746686	0.00875027	
306.2	0.00804132	0.0090376	
306.4	0.00806034	0.00932465	
306.6	0.00825209	0.00961142	
306.8	0.00834013	0.00989792	
307	0.00918075	0.01018414	
307.2	0.00923987	0.01047008	
307.4	0.00928425	0.01075575	
307.6	0.00977702	0.01104114	
307.8	0.01082296	0.01132625	
308	0.01156098	0.01161109	
308.2	0.01248354	0.01189565	
308.4	0.01316554	0.01217994	
308.6	0.01335963	0.01246395	
308.8	0.01356743	0.01274769	
309	0.01348568	0.01303116	
309.2	0.01329582	0.01331435	
309.4	0.01333593	0.01359727	
309.6	0.01337546	0.01387991	
309.8	0.01311016	0.01416228	
310	0.01331626	0.01444438	
310.2	0.01336092	0.0147262	
310.4	0.01332877	0.01500776	
310.6	0.01297454	0.01528904	
310.8	0.01309458	0.01557005	
311	0.01349519	0.01585079	
311.2	0.01357402	0.01613125	
311.4	0.01365665	0.01641145	
311.6	0.01457242	0.01669137	
311.8	0.01509944	0.01697103	
312	0.01549605	0.01725041	
312.2	0.016196	0.01752952	
312.4	0.01608421	0.01780837	
312.6	0.01598375	0.01808694	
312.8	0.01617908	0.01836525	
313	0.01639519	0.01864329	
313.2	0.0163687	0.01892105	
313.4	0.01664693	0.01919855	
313.6	0.01674719	0.01947579	
313.8	0.01684181	0.01975275	
314	0.01759664	0.02002945	
314.2	0.01816096	0.02030587	
314.4	0.01807299	0.02058204	
314.6	0.01836961	0.02085793	
314.8	0.01971094	0.02113356	
315	0.02068236	0.02140892	
315.2	0.02168849	0.02168402	
315.4	0.02240542	0.02195885	
315.6	0.02283279	0.02223341	
315.8	0.02308179	0.02250771	
316	0.02367934	0.02278174	
316.2	0.02383138	0.02305551	
316.4	0.02380236	0.02332902	
316.6	0.02385086	0.02360226	
316.8	0.02334526	0.02387523	
317	0.02292535	0.02414794	
317.2	0.02269178	0.02442039	
317.4	0.02265575	0.02469258	
317.6	0.0230445	0.0249645	
317.8	0.02275094	0.02523616	
318	0.02245791	0.02550756	
318.2	0.02259319	0.02577869	
318.4	0.02302238	0.02604957	
318.6	0.02388784	0.02632018	
318.8	0.02465403	0.02659053	
319	0.02507485	0.02686062	
319.2	0.02544773	0.02713045	
319.4	0.02571297	0.02740001	
319.6	0.02584006	0.02766932	
319.8	0.02658365	0.02793836	
320	0.02704446	0.02820715	
320.2	0.02717218	0.02847568	
320.4	0.02737929	0.02874394	
320.6	0.02737342	0.02901195	
320.8	0.02708425	0.0292797	
321	0.02771981	0.02954719	
321.2	0.0280901	0.02981442	
321.4	0.02807727	0.0300814	
321.6	0.0286348	0.03034811	
321.8	0.02824331	0.03061457	
322	0.02867812	0.03088077	
322.2	0.0296127	0.03114671	
322.4	0.02997945	0.0314124	
322.6	0.03005502	0.03167783	
322.8	0.03008151	0.031943	
323	0.03066188	0.03220792	
323.2	0.03128767	0.03247258	
323.4	0.03149839	0.03273698	
323.6	0.03154037	0.03300113	
323.8	0.03154989	0.03326503	
324	0.03159803	0.03352867	
324.2	0.03214321	0.03379205	
324.4	0.03297784	0.03405518	
324.6	0.03317022	0.03431806	
324.8	0.03325381	0.03458068	
325	0.03404778	0.03484305	
325.2	0.03407569	0.03510516	
325.4	0.03412127	0.03536702	
325.6	0.03470128	0.03562863	
325.8	0.03453463	0.03588998	
326	0.03536556	0.03615109	
326.2	0.03547985	0.03641194	
326.4	0.03582421	0.03667254	
326.6	0.0364138	0.03693288	
326.8	0.03677286	0.03719298	
327	0.03699965	0.03745282	
327.2	0.03709822	0.03771241	
327.4	0.03657229	0.03797175	
327.6	0.03646842	0.03823085	
327.8	0.03648087	0.03848969	
328	0.03675473	0.03874828	
328.2	0.03754433	0.03900662	
328.4	0.03825174	0.03926471	
328.6	0.03830324	0.03952255	
328.8	0.03853163	0.03978014	
329	0.03929853	0.04003749	
329.2	0.03927719	0.04029458	
329.4	0.03977564	0.04055143	
329.6	0.03975332	0.04080803	
329.8	0.04017145	0.04106438	
330	0.04110646	0.04132048	
330.2	0.04111991	0.04157633	
330.4	0.04190109	0.04183194	
330.6	0.04195455	0.0420873	
330.8	0.04180907	0.04234242	
331	0.04183766	0.04259729	
331.2	0.04175453	0.04285191	
331.4	0.04120388	0.04310628	
331.6	0.04124351	0.04336041	
331.8	0.04124405	0.0436143	
332	0.04120598	0.04386793	
332.2	0.04186175	0.04412133	
332.4	0.04248953	0.04437448	
332.6	0.0428162	0.04462738	
332.8	0.04326246	0.04488004	
333	0.04389338	0.04513246	
333.2	0.04408377	0.04538463	
333.4	0.04478819	0.04563656	
333.6	0.04506591	0.04588824	
333.8	0.04562184	0.04613968	
334	0.04595466	0.04639088	
334.2	0.04625604	0.04664184	
334.4	0.04734181	0.04689255	
334.6	0.04731804	0.04714302	
334.8	0.04742387	0.04739325	
335	0.04771026	0.04764324	
335.2	0.04750783	0.04789298	
335.4	0.04772755	0.04814249	
335.6	0.04783188	0.04839175	
335.8	0.04807416	0.04864077	
336	0.04841158	0.04888955	
336.2	0.04864366	0.04913809	
336.4	0.04905864	0.04938639	
336.6	0.04903835	0.04963446	
336.8	0.04963098	0.04988228	
337	0.04961136	0.05012986	
337.2	0.0498507	0.0503772	
337.4	0.05046045	0.05062431	
337.6	0.05064029	0.05087117	
337.8	0.05108968	0.0511178	
338	0.05170775	0.05136419	
338.2	0.052305	0.05161034	
338.4	0.05241864	0.05185625	
338.6	0.05196526	0.05210192	
338.8	0.05173368	0.05234736	
339	0.05208984	0.05259256	
339.2	0.05174649	0.05283752	
339.4	0.05200141	0.05308225	
339.6	0.05180604	0.05332674	
339.8	0.0518117	0.05357099	
340	0.05192435	0.05381501	
340.2	0.05205516	0.05405879	
340.4	0.0521027	0.05430234	
340.6	0.05204874	0.05454565	
340.8	0.05259025	0.05478872	
341	0.0526065	0.05503156	
341.2	0.05346651	0.05527417	
341.4	0.0542765	0.05551654	
341.6	0.05489412	0.05575868	
341.8	0.05578226	0.05600058	
342	0.05581827	0.05624225	
342.2	0.05602616	0.05648369	
342.4	0.05568651	0.05672489	
342.6	0.05591065	0.05696586	
342.8	0.05602035	0.0572066	
343	0.056181	0.0574471	
343.2	0.05593432	0.05768738	
343.4	0.05626761	0.05792742	
343.6	0.05671578	0.05816722	
343.8	0.05698784	0.0584068	
344	0.05737611	0.05864615	
344.2	0.05712285	0.05888526	
344.4	0.05684209	0.05912414	
344.6	0.05747035	0.05936279	
344.8	0.05806709	0.05960121	
345	0.05872229	0.05983941	
345.2	0.0590773	0.06007737	
345.4	0.05988343	0.0603151	
345.6	0.06073178	0.0605526	
345.8	0.06148353	0.06078987	
346	0.06184774	0.06102691	
346.2	0.06235089	0.06126372	
346.4	0.06292426	0.06150031	
346.6	0.06341051	0.06173666	
346.8	0.06331958	0.06197279	
347	0.06359496	0.06220869	
347.2	0.0641786	0.06244436	
347.4	0.06444392	0.0626798	
347.6	0.06477413	0.06291502	
347.8	0.06445913	0.06315001	
348	0.06410834	0.06338477	
348.2	0.06365167	0.0636193	
348.4	0.06372849	0.06385361	
348.6	0.06410738	0.06408769	
348.8	0.06403081	0.06432155	
349	0.06447408	0.06455518	
349.2	0.06410563	0.06478858	
349.4	0.06482418	0.06502176	
349.6	0.0654148	0.06525471	
349.8	0.06550015	0.06548744	
350	0.06538866	0.06571994	
350.2	0.06570206	0.06595222	
350.4	0.06572449	0.06618427	
350.6	0.06526735	0.0664161	
350.8	0.06517878	0.06664771	
351	0.06511005	0.06687909	
351.2	0.06544542	0.06711025	
351.4	0.0653776	0.06734118	
351.6	0.0650877	0.06757189	
351.8	0.06507123	0.06780238	
352	0.0653803	0.06803265	
352.2	0.06595233	0.06826269	
352.4	0.06620925	0.06849251	
352.6	0.06698449	0.06872211	
352.8	0.06729123	0.06895149	
353	0.06815526	0.06918064	
353.2	0.06773463	0.06940958	
353.4	0.06829579	0.06963829	
353.6	0.06848222	0.06986678	
353.8	0.06831003	0.07009505	
354	0.06897287	0.0703231	
354.2	0.06917882	0.07055094	
354.4	0.06911801	0.07077854	
354.6	0.06903094	0.07100593	
354.8	0.06920688	0.07123311	
355	0.06913224	0.07146006	
355.2	0.06985513	0.07168679	
355.4	0.06997122	0.0719133	
355.6	0.06984417	0.07213959	
355.8	0.07054364	0.07236567	
356	0.070792	0.07259152	
356.2	0.07117218	0.07281716	
356.4	0.07168927	0.07304258	
356.6	0.07205408	0.07326778	
356.8	0.07178759	0.07349277	
357	0.0720384	0.07371754	
357.2	0.07183792	0.07394209	
357.4	0.07214253	0.07416642	
357.6	0.07245318	0.07439054	
357.8	0.07287557	0.07461444	
358	0.07369399	0.07483812	
358.2	0.07355527	0.07506159	
358.4	0.07394761	0.07528484	
358.6	0.07409295	0.07550787	
358.8	0.0744505	0.07573069	
359	0.07506469	0.0759533	
359.2	0.07504085	0.07617569	
359.4	0.07499	0.07639786	
359.6	0.07499638	0.07661982	
359.8	0.07556136	0.07684157	
360	0.07562368	0.0770631	
360.2	0.07614716	0.07728442	
360.4	0.07692537	0.07750552	
360.6	0.07716477	0.07772641	
360.8	0.07721002	0.07794709	
361	0.0780683	0.07816755	
361.2	0.07852831	0.0783878	
361.4	0.07887159	0.07860784	
361.6	0.07920437	0.07882766	
361.8	0.0791794	0.07904727	
362	0.07918156	0.07926667	
362.2	0.07885576	0.07948586	
362.4	0.07872403	0.07970484	
362.6	0.07856701	0.0799236	
362.8	0.0783018	0.08014216	
363	0.07875184	0.0803605	
363.2	0.07811671	0.08057863	
363.4	0.07834165	0.08079655	
363.6	0.07907853	0.08101426	
363.8	0.07939392	0.08123176	
364	0.07985554	0.08144905	
364.2	0.08042961	0.08166613	
364.4	0.08083355	0.08188299	
364.6	0.08172364	0.08209965	
364.8	0.08212974	0.08231611	
365	0.08280406	0.08253235	
365.2	0.08289402	0.08274838	
365.4	0.08310932	0.0829642	
365.6	0.08352052	0.08317982	
365.8	0.08341082	0.08339522	
366	0.08313473	0.08361042	
366.2	0.08316191	0.08382541	
366.4	0.08289197	0.0840402	
366.6	0.08269192	0.08425477	
366.8	0.08247915	0.08446914	
367	0.08263824	0.0846833	
367.2	0.08256196	0.08489725	
367.4	0.08292672	0.085111	
367.6	0.08310493	0.08532454	
367.8	0.08274979	0.08553788	
368	0.083215	0.085751	
368.2	0.08379297	0.08596393	
368.4	0.08389645	0.08617664	
368.6	0.08457964	0.08638915	
368.8	0.08508472	0.08660146	
369	0.08531298	0.08681356	
369.2	0.08611134	0.08702546	
369.4	0.08711599	0.08723715	
369.6	0.08799464	0.08744863	
369.8	0.08808776	0.08765991	
370	0.08850885	0.08787099	
370.2	0.08927883	0.08808186	
370.4	0.08933138	0.08829253	
370.6	0.08974836	0.088503	
370.8	0.09032148	0.08871326	
371	0.09033074	0.08892332	
371.2	0.0907715	0.08913318	
371.4	0.09036106	0.08934283	
371.6	0.09016547	0.08955229	
371.8	0.09058024	0.08976153	
372	0.0902736	0.08997058	
372.2	0.09061384	0.09017943	
372.4	0.09020209	0.09038807	
372.6	0.09013997	0.09059651	
372.8	0.09046268	0.09080475	
373	0.09075054	0.09101279	
373.2	0.09098757	0.09122063	
373.4	0.09138743	0.09142826	
373.6	0.09148306	0.0916357	
373.8	0.09183239	0.09184294	
374	0.09220059	0.09204997	
374.2	0.09303494	0.09225681	
374.4	0.09368481	0.09246344	
374.6	0.09438598	0.09266988	
374.8	0.09470151	0.09287612	
375	0.09465474	0.09308215	
375.2	0.09490109	0.09328799	
375.4	0.09375875	0.09349363	
375.6	0.09348856	0.09369907	
375.8	0.093542	0.09390431	
376	0.09297024	0.09410936	
376.2	0.09313226	0.0943142	
376.4	0.09290411	0.09451885	
376.6	0.09254819	0.0947233	
376.8	0.09301803	0.09492755	
377	0.09315917	0.09513161	
377.2	0.09275689	0.09533546	
377.4	0.09321752	0.09553912	
377.6	0.09342268	0.09574259	
377.8	0.09373164	0.09594586	
378	0.09410243	0.09614893	
378.2	0.09508559	0.0963518	
378.4	0.09567376	0.09655448	
378.6	0.09596741	0.09675696	
378.8	0.09627063	0.09695925	
379	0.09569424	0.09716134	
379.2	0.09559219	0.09736324	
379.4	0.09485558	0.09756494	
379.6	0.09550435	0.09776645	
379.8	0.09564169	0.09796776	
380	0.09628817	0.09816888	
380.2	0.09688835	0.0983698	
380.4	0.09697459	0.09857053	
380.6	0.09688693	0.09877106	
380.8	0.09747844	0.0989714	
381	0.09763674	0.09917155	
381.2	0.09742483	0.0993715	
381.4	0.09738762	0.09957126	
381.6	0.09775456	0.09977083	
381.8	0.09808113	0.09997021	
382	0.09844533	0.10016939	
382.2	0.09893449	0.10036838	
382.4	0.09939694	0.10056718	
382.6	0.09940493	0.10076578	
382.8	0.09895435	0.1009642	
383	0.09880681	0.10116242	
383.2	0.099301	0.10136045	
383.4	0.09949787	0.10155829	
383.6	0.09986576	0.10175593	
383.8	0.09983925	0.10195339	
384	0.10096601	0.10215066	
384.2	0.1010947	0.10234773	
384.4	0.10108005	0.10254462	
384.6	0.10139855	0.10274131	
384.8	0.10193432	0.10293782	
385	0.10196612	0.10313413	
385.2	0.10176689	0.10333026	
385.4	0.10166044	0.10352619	
385.6	0.10212037	0.10372194	
385.8	0.10237894	0.10391749	
386	0.10199226	0.10411286	
386.2	0.10219816	0.10430804	
386.4	0.10245904	0.10450303	
386.6	0.10208575	0.10469783	
386.8	0.1019064	0.10489245	
387	0.1019859	0.10508687	
387.2	0.10168104	0.10528111	
387.4	0.10187216	0.10547516	
387.6	0.10207356	0.10566902	
387.8	0.10217379	0.1058627	
388	0.10291168	0.10605619	
388.2	0.10335092	0.10624949	
388.4	0.10417075	0.1064426	
388.6	0.10438986	0.10663553	
388.8	0.10480636	0.10682827	
389	0.10512396	0.10702083	
389.2	0.10493629	0.1072132	
389.4	0.10509333	0.10740538	
389.6	0.10551978	0.10759738	
389.8	0.10579248	0.10778919	
390	0.10582149	0.10798082	
390.2	0.10621211	0.10817226	
390.4	0.10634766	0.10836352	
390.6	0.10602279	0.10855459	
390.8	0.10618692	0.10874548	
391	0.10588712	0.10893618	
391.2	0.10632635	0.1091267	
391.4	0.10680646	0.10931703	
391.6	0.10705542	0.10950718	
391.8	0.10717976	0.10969715	
392	0.10816749	0.10988693	
392.2	0.10843104	0.11007653	
392.4	0.10883914	0.11026595	
392.6	0.10885703	0.11045518	
392.8	0.10957318	0.11064423	
393	0.10974187	0.1108331	
393.2	0.11009834	0.11102178	
393.4	0.11066083	0.11121029	
393.6	0.11113192	0.11139861	
393.8	0.11104565	0.11158675	
394	0.11119322	0.11177471	
394.2	0.11055176	0.11196248	
394.4	0.11071391	0.11215007	
394.6	0.11067208	0.11233749	
394.8	0.11036015	0.11252472	
395	0.11028386	0.11271177	
395.2	0.11104564	0.11289864	
395.4	0.11120579	0.11308533	
395.6	0.11123201	0.11327184	
395.8	0.11166564	0.11345817	
396	0.11192625	0.11364432	
396.2	0.11159477	0.11383029	
396.4	0.11174315	0.11401608	
396.6	0.11175278	0.11420168	
396.8	0.11232458	0.11438712	
397	0.11229748	0.11457237	
397.2	0.11293319	0.11475744	
397.4	0.11278901	0.11494233	
397.6	0.1134997	0.11512705	
397.8	0.11375189	0.11531158	
398	0.11395987	0.11549594	
398.2	0.11341342	0.11568012	
398.4	0.1135858	0.11586412	
398.6	0.11332362	0.11604795	
398.8	0.11329345	0.11623159	
399	0.11398615	0.11641506	
399.2	0.115067	0.11659835	
399.4	0.11519947	0.11678147	
399.6	0.11544077	0.11696441	
399.8	0.11567549	0.11714717	
400	0.11565617	0.11732975	
400.2	0.11588679	0.11751216	
400.4	0.11597038	0.11769439	
400.6	0.11608361	0.11787645	
400.8	0.11622043	0.11805832	
401	0.1161655	0.11824003	
401.2	0.11650968	0.11842156	
401.4	0.11639166	0.11860291	
401.6	0.11698081	0.11878409	
401.8	0.11698712	0.11896509	
402	0.11686834	0.11914592	
402.2	0.11580535	0.11932657	
402.4	0.11578278	0.11950705	
402.6	0.11644416	0.11968735	
402.8	0.11673496	0.11986748	
403	0.11724586	0.12004744	
403.2	0.11771875	0.12022722	
403.4	0.11785399	0.12040683	
403.6	0.11857622	0.12058626	
403.8	0.11844326	0.12076552	
404	0.11874751	0.12094461	
404.2	0.11889192	0.12112352	
404.4	0.11912562	0.12130227	
404.6	0.11958659	0.12148084	
404.8	0.11968284	0.12165923	
405	0.11941782	0.12183746	
405.2	0.11893853	0.12201551	
405.4	0.11875202	0.12219339	
405.6	0.11914961	0.1223711	
405.8	0.11900538	0.12254863	
406	0.11920929	0.122726	
406.2	0.11922939	0.12290319	
406.4	0.1199789	0.12308021	
406.6	0.12020266	0.12325706	
406.8	0.12023147	0.12343374	
407	0.12086984	0.12361025	
407.2	0.12111841	0.12378659	
407.4	0.12197755	0.12396276	
407.6	0.12228679	0.12413876	
407.8	0.12247132	0.12431459	
408	0.12317936	0.12449025	
408.2	0.1240561	0.12466574	
408.4	0.12517541	0.12484105	
408.6	0.12590087	0.1250162	
408.8	0.12589433	0.12519118	
409	0.12587967	0.125366	
409.2	0.12580045	0.12554064	
409.4	0.12594552	0.12571511	
409.6	0.12590989	0.12588942	
409.8	0.12561162	0.12606355	
410	0.12579714	0.12623752	
410.2	0.12595663	0.12641132	
410.4	0.12533832	0.12658495	
410.6	0.12518956	0.12675842	
410.8	0.12581114	0.12693172	
411	0.12590434	0.12710484	
411.2	0.12550919	0.12727781	
411.4	0.12568829	0.1274506	
411.6	0.12572846	0.12762323	
411.8	0.12558877	0.12779569	
412	0.12512886	0.12796799	
412.2	0.12527844	0.12814011	
412.4	0.12451558	0.12831208	
412.6	0.12477803	0.12848387	
412.8	0.12488382	0.1286555	
413	0.12517027	0.12882696	
413.2	0.12488371	0.12899826	
413.4	0.12516818	0.1291694	
413.6	0.12507713	0.12934036	
413.8	0.12571653	0.12951116	
414	0.12655758	0.1296818	
414.2	0.12750151	0.12985227	
414.4	0.12792777	0.13002258	
414.6	0.12891069	0.13019272	
414.8	0.13001427	0.1303627	
415	0.13008047	0.13053252	
415.2	0.13034324	0.13070217	
415.4	0.13068986	0.13087165	
415.6	0.13064377	0.13104097	
415.8	0.13015044	0.13121013	
416	0.13000916	0.13137913	
416.2	0.13021999	0.13154796	
416.4	0.12957798	0.13171663	
416.6	0.13045911	0.13188513	
416.8	0.1306085	0.13205348	
417	0.13065061	0.13222166	
417.2	0.13065499	0.13238968	
417.4	0.13104205	0.13255753	
417.6	0.13093087	0.13272522	
417.8	0.13135732	0.13289276	
418	0.13142258	0.13306012	
418.2	0.13144213	0.13322733	
418.4	0.13136805	0.13339438	
418.6	0.13163874	0.13356126	
418.8	0.1319582	0.13372799	
419	0.13183904	0.13389455	
419.2	0.13208817	0.13406095	
419.4	0.13222997	0.13422719	
419.6	0.13248113	0.13439327	
419.8	0.13279882	0.13455919	
420	0.13279882	0.13472495	
420.2	0.13243149	0.13460561	
420.4	0.13162809	0.13448639	
420.6	0.13146631	0.13436726	
420.8	0.13076449	0.13424825	
421	0.13038253	0.13412933	
421.2	0.13016549	0.13401053	
421.4	0.12992557	0.13389183	
421.6	0.13004889	0.13377323	
421.8	0.12985168	0.13365474	
422	0.12990165	0.13353635	
422.2	0.13008682	0.13341807	
422.4	0.13048459	0.1332999	
422.6	0.13053439	0.13318182	
422.8	0.13071574	0.13306386	
423	0.13110315	0.13294599	
423.2	0.13092951	0.13282824	
423.4	0.13036431	0.13271058	
423.6	0.13037187	0.13259303	
423.8	0.13032297	0.13247559	
424	0.12975657	0.13235824	
424.2	0.12916067	0.13224101	
424.4	0.12856619	0.13212387	
424.6	0.12879985	0.13200684	
424.8	0.12823171	0.13188992	
425	0.12828002	0.13177309	
425.2	0.12854794	0.13165637	
425.4	0.12873334	0.13153976	
425.6	0.12925518	0.13142324	
425.8	0.12915313	0.13130684	
426	0.12948746	0.13119053	
426.2	0.12950608	0.13107433	
426.4	0.12948719	0.13095822	
426.6	0.12976081	0.13084223	
426.8	0.13028368	0.13072633	
427	0.13066384	0.13061054	
427.2	0.13074447	0.13049485	
427.4	0.13063332	0.13037926	
427.6	0.13089302	0.13026378	
427.8	0.13043571	0.1301484	
428	0.1299706	0.13003312	
428.2	0.12980396	0.12991794	
428.4	0.12985894	0.12980286	
428.6	0.12994466	0.12968789	
428.8	0.12987184	0.12957301	
429	0.12978847	0.12945824	
429.2	0.1303587	0.12934357	
429.4	0.13024867	0.12922901	
429.6	0.12981972	0.12911454	
429.8	0.12972287	0.12900018	
430	0.12998281	0.12888591	
430.2	0.12939733	0.12877175	
430.4	0.1290684	0.12865769	
430.6	0.12861571	0.12854373	
430.8	0.1280143	0.12842987	
431	0.1277969	0.12831611	
431.2	0.12709176	0.12820246	
431.4	0.12654103	0.1280889	
431.6	0.12655263	0.12797544	
431.8	0.12636503	0.12786209	
432	0.12648308	0.12774883	
432.2	0.12645539	0.12763568	
432.4	0.12667781	0.12752262	
432.6	0.12702305	0.12740967	
432.8	0.12715831	0.12729681	
433	0.12770741	0.12718406	
433.2	0.12847098	0.1270714	
433.4	0.12808247	0.12695885	
433.6	0.12815392	0.12684639	
433.8	0.12875536	0.12673404	
434	0.1291423	0.12662178	
434.2	0.12829945	0.12650963	
434.4	0.12811468	0.12639757	
434.6	0.1277571	0.12628561	
434.8	0.12731937	0.12617375	
435	0.12738515	0.12606199	
435.2	0.12754923	0.12595033	
435.4	0.12776356	0.12583877	
435.6	0.12752261	0.12572731	
435.8	0.1272861	0.12561594	
436	0.1263982	0.12550468	
436.2	0.1257687	0.12539351	
436.4	0.12489438	0.12528244	
436.6	0.12431003	0.12517147	
436.8	0.12385614	0.1250606	
437	0.12407026	0.12494983	
437.2	0.12330564	0.12483915	
437.4	0.12272434	0.12472857	
437.6	0.12221779	0.12461809	
437.8	0.1219554	0.12450771	
438	0.12196072	0.12439743	
438.2	0.12173193	0.12428724	
438.4	0.1217913	0.12417715	
438.6	0.12201635	0.12406716	
438.8	0.12227732	0.12395727	
439	0.12284289	0.12384747	
439.2	0.12326852	0.12373777	
439.4	0.12317891	0.12362817	
439.6	0.12330775	0.12351866	
439.8	0.12334497	0.12340926	
440	0.12296457	0.12329994	
440.2	0.12285431	0.12319073	
440.4	0.12234377	0.12308161	
440.6	0.12228473	0.12297259	
440.8	0.12219008	0.12286367	
441	0.12221787	0.12275484	
441.2	0.12194271	0.12264611	
441.4	0.12189395	0.12253747	
441.6	0.1215697	0.12242893	
441.8	0.12240435	0.12232049	
442	0.1229343	0.12221215	
442.2	0.12350038	0.12210389	
442.4	0.12337767	0.12199574	
442.6	0.12350478	0.12188768	
442.8	0.12349537	0.12177972	
443	0.12371431	0.12167185	
443.2	0.12406238	0.12156408	
443.4	0.12407667	0.1214564	
443.6	0.12399112	0.12134882	
443.8	0.12364021	0.12124133	
444	0.12322046	0.12113394	
444.2	0.12281484	0.12102665	
444.4	0.12202514	0.12091945	
444.6	0.12133171	0.12081234	
444.8	0.12098645	0.12070533	
445	0.12072436	0.12059841	
445.2	0.12081216	0.12049159	
445.4	0.12063991	0.12038487	
445.6	0.12078369	0.12027823	
445.8	0.1213555	0.1201717	
446	0.12117057	0.12006525	
446.2	0.12121092	0.1199589	
446.4	0.12096739	0.11985265	
446.6	0.12108912	0.11974649	
446.8	0.12159195	0.11964042	
447	0.1214568	0.11953445	
447.2	0.12117856	0.11942857	
447.4	0.12054144	0.11932278	
447.6	0.12029882	0.11921709	
447.8	0.11996914	0.1191115	
448	0.11966631	0.11900599	
448.2	0.11949802	0.11890058	
448.4	0.11894377	0.11879526	
448.6	0.11874157	0.11869004	
448.8	0.11862246	0.11858491	
449	0.11853404	0.11847987	
449.2	0.11908968	0.11837492	
449.4	0.11893433	0.11827007	
449.6	0.11929605	0.11816531	
449.8	0.11941734	0.11806065	
450	0.11980988	0.11795607	
450.2	0.11992582	0.11785159	
450.4	0.11987468	0.11774721	
450.6	0.11998057	0.11764291	
450.8	0.11927266	0.11753871	
451	0.11840301	0.11743459	
451.2	0.11802648	0.11733058	
451.4	0.11781934	0.11722665	
451.6	0.11747816	0.11712281	
451.8	0.11711711	0.11701907	
452	0.11681197	0.11691542	
452.2	0.11647273	0.11681186	
452.4	0.11591076	0.11670839	
452.6	0.11552197	0.11660502	
452.8	0.1158158	0.11650173	
453	0.11600188	0.11639854	
453.2	0.11675091	0.11629544	
453.4	0.11718294	0.11619243	
453.6	0.11780306	0.11608951	
453.8	0.1181057	0.11598668	
454	0.11872847	0.11588395	
454.2	0.11866407	0.1157813	
454.4	0.11861648	0.11567875	
454.6	0.11838073	0.11557628	
454.8	0.11776057	0.11547391	
455	0.11802209	0.11537163	
455.2	0.11801988	0.11526944	
455.4	0.11734032	0.11516734	
455.6	0.11707505	0.11506533	
455.8	0.1166902	0.11496341	
456	0.11617114	0.11486158	
456.2	0.11583833	0.11475984	
456.4	0.11543911	0.11465819	
456.6	0.11560097	0.11455663	
456.8	0.1159431	0.11445516	
457	0.11561208	0.11435378	
457.2	0.11580381	0.11425249	
457.4	0.11608283	0.11415129	
457.6	0.11610892	0.11405017	
457.8	0.11615076	0.11394915	
458	0.11644354	0.11384822	
458.2	0.11646614	0.11374738	
458.4	0.11648796	0.11364663	
458.6	0.11628144	0.11354596	
458.8	0.11615517	0.11344539	
459	0.11607314	0.1133449	
459.2	0.11589194	0.11324451	
459.4	0.11505195	0.1131442	
459.6	0.11514349	0.11304398	
459.8	0.11456037	0.11294385	
460	0.11427051	0.11284381	
460.2	0.11400501	0.11274386	
460.4	0.1133389	0.11264399	
460.6	0.11316242	0.11254422	
460.8	0.11237682	0.11244453	
461	0.11220943	0.11234493	
461.2	0.1124595	0.11224542	
461.4	0.11220097	0.112146	
461.6	0.11236295	0.11204666	
461.8	0.1126629	0.11194742	
462	0.11282308	0.11184826	
462.2	0.11278628	0.11174919	
462.4	0.11287641	0.1116502	
462.6	0.11302743	0.11155131	
462.8	0.1128584	0.1114525	
463	0.11281395	0.11135378	
463.2	0.11293962	0.11125515	
463.4	0.11266544	0.1111566	
463.6	0.11258957	0.11105814	
463.8	0.1124964	0.11095977	
464	0.1122205	0.11086149	
464.2	0.11176363	0.11076329	
464.4	0.11124286	0.11066518	
464.6	0.11100947	0.11056716	
464.8	0.11026763	0.11046922	
465	0.11055295	0.11037137	
465.2	0.11060353	0.11027361	
465.4	0.11038743	0.11017594	
465.6	0.11093196	0.11007835	
465.8	0.11093317	0.10998084	
466	0.11063882	0.10988343	
466.2	0.11049836	0.1097861	
466.4	0.11046869	0.10968885	
466.6	0.1108579	0.10959169	
466.8	0.11105464	0.10949462	
467	0.11142486	0.10939764	
467.2	0.11139572	0.10930074	
467.4	0.11103679	0.10920392	
467.6	0.11073797	0.10910719	
467.8	0.11075248	0.10901055	
468	0.1105864	0.10891399	
468.2	0.10977032	0.10881752	
468.4	0.10990883	0.10872114	
468.6	0.10948016	0.10862483	
468.8	0.10909257	0.10852862	
469	0.10929708	0.10843249	
469.2	0.1091316	0.10833644	
469.4	0.10917363	0.10824048	
469.6	0.10906699	0.10814461	
469.8	0.10888895	0.10804882	
470	0.10838347	0.10795311	
470.2	0.10842328	0.10785749	
470.4	0.10877885	0.10776196	
470.6	0.1088281	0.1076665	
470.8	0.10952147	0.10757114	
471	0.10925205	0.10747586	
471.2	0.10925869	0.10738066	
471.4	0.10859999	0.10728554	
471.6	0.10884124	0.10719051	
471.8	0.1092549	0.10709557	
472	0.10958018	0.10700071	
472.2	0.10929655	0.10690593	
472.4	0.10981312	0.10681124	
472.6	0.10934491	0.10671663	
472.8	0.10890835	0.1066221	
473	0.10910909	0.10652766	
473.2	0.10909472	0.1064333	
473.4	0.10908	0.10633903	
473.6	0.10875242	0.10624484	
473.8	0.10864874	0.10615073	
474	0.10881584	0.10605671	
474.2	0.10938965	0.10596277	
474.4	0.10939252	0.10586891	
474.6	0.10926058	0.10577513	
474.8	0.10950672	0.10568144	
475	0.10921309	0.10558783	
475.2	0.10878398	0.10549431	
475.4	0.10792023	0.10540087	
475.6	0.10822254	0.10530751	
475.8	0.10839568	0.10521423	
476	0.10821363	0.10512103	
476.2	0.10813367	0.10502792	
476.4	0.10782239	0.10493489	
476.6	0.10696291	0.10484194	
476.8	0.10646296	0.10474908	
477	0.10631755	0.1046563	
477.2	0.10583062	0.1045636	
477.4	0.10586927	0.10447098	
477.6	0.10598475	0.10437844	
477.8	0.10625279	0.10428599	
478	0.10674617	0.10419362	
478.2	0.10653234	0.10410133	
478.4	0.10621986	0.10400912	
478.6	0.10580233	0.10391699	
478.8	0.10603247	0.10382494	
479	0.10586556	0.10373298	
479.2	0.10543469	0.1036411	
479.4	0.10560001	0.1035493	
479.6	0.10557971	0.10345758	
479.8	0.10576102	0.10336594	
480	0.10565197	0.10327438	
480.2	0.10587497	0.1031829	
480.4	0.10566024	0.10309151	
480.6	0.10516625	0.10300019	
480.8	0.10513472	0.10290896	
481	0.10524171	0.10281781	
481.2	0.10537931	0.10272674	
481.4	0.1052831	0.10263574	
481.6	0.10461134	0.10254483	
481.8	0.10426459	0.102454	
482	0.10402885	0.10236325	
482.2	0.10299263	0.10227258	
482.4	0.10239288	0.10218199	
482.6	0.10173978	0.10209149	
482.8	0.10169895	0.10200106	
483	0.10118921	0.10191071	
483.2	0.10094509	0.10182044	
483.4	0.10037216	0.10173025	
483.6	0.10027085	0.10164014	
483.8	0.10082742	0.10155011	
484	0.10133478	0.10146017	
484.2	0.10227277	0.1013703	
484.4	0.1026431	0.10128051	
484.6	0.103013	0.1011908	
484.8	0.10304956	0.10110117	
485	0.10340997	0.10101161	
485.2	0.10320222	0.10092214	
485.4	0.10321354	0.10083275	
485.6	0.1026799	0.10074343	
485.8	0.10257736	0.1006542	
486	0.10226441	0.10056504	
486.2	0.10208566	0.10047597	
486.4	0.10187129	0.10038697	
486.6	0.10168066	0.10029805	
486.8	0.101497	0.10020921	
487	0.10132094	0.10012045	
487.2	0.10114328	0.10003177	
487.4	0.10102975	0.09994316	
487.6	0.10119356	0.09985464	
487.8	0.10176208	0.09976619	
488	0.10188048	0.09967782	
488.2	0.102402	0.09958953	
488.4	0.1022548	0.09950132	
488.6	0.10217432	0.09941318	
488.8	0.10181084	0.09932513	
489	0.10180969	0.09923715	
489.2	0.10182841	0.09914925	
489.4	0.10255338	0.09906143	
489.6	0.10156763	0.09897368	
489.8	0.10148435	0.09888601	
490	0.10160921	0.09879843	
490.2	0.10117612	0.09871091	
490.4	0.10064791	0.09862348	
490.6	0.10041508	0.09853612	
490.8	0.10003964	0.09844884	
491	0.1000616	0.09836164	
491.2	0.09942933	0.09827452	
491.4	0.09869027	0.09818747	
491.6	0.09866009	0.0981005	
491.8	0.09847755	0.0980136	
492	0.0983286	0.09792679	
492.2	0.09874447	0.09784005	
492.4	0.09829761	0.09775339	
492.6	0.09810049	0.0976668	
492.8	0.0985894	0.09758029	
493	0.09843102	0.09749386	
493.2	0.09862701	0.0974075	
493.4	0.09843038	0.09732122	
493.6	0.09760298	0.09723502	
493.8	0.09781914	0.09714889	
494	0.0972497	0.09706284	
494.2	0.09658247	0.09697687	
494.4	0.09693807	0.09689097	
494.6	0.09681308	0.09680514	
494.8	0.09630065	0.0967194	
495	0.09585507	0.09663373	
495.2	0.09554892	0.09654813	
495.4	0.09568225	0.09646262	
495.6	0.09612805	0.09637717	
495.8	0.09564357	0.09629181	
496	0.09580308	0.09620651	
496.2	0.09641598	0.0961213	
496.4	0.09656304	0.09603616	
496.6	0.0971361	0.09595109	
496.8	0.09777902	0.0958661	
497	0.09742681	0.09578119	
497.2	0.097397	0.09569635	
497.4	0.09693004	0.09561159	
497.6	0.09720279	0.0955269	
497.8	0.09743514	0.09544228	
498	0.09724556	0.09535774	
498.2	0.09737806	0.09527328	
498.4	0.09773538	0.09518889	
498.6	0.09717537	0.09510458	
498.8	0.09671025	0.09502034	
499	0.09695074	0.09493617	
499.2	0.09691848	0.09485208	
499.4	0.09640773	0.09476806	
499.6	0.09629111	0.09468412	
499.8	0.09608428	0.09460025	
500	0.09617793	0.09451646	
500.2	0.09680754	0.09443274	
500.4	0.09711694	0.0943491	
500.6	0.09716574	0.09426553	
500.8	0.09713599	0.09418203	
501	0.09683849	0.09409861	
501.2	0.09641914	0.09401526	
501.4	0.09649822	0.09393198	
501.6	0.09656882	0.09384878	
501.8	0.09643646	0.09376565	
502	0.09651271	0.0936826	
502.2	0.09591188	0.09359962	
502.4	0.09552339	0.09351671	
502.6	0.09472535	0.09343388	
502.8	0.09458889	0.09335112	
503	0.09486555	0.09326843	
503.2	0.09439343	0.09318582	
503.4	0.09459754	0.09310328	
503.6	0.09484489	0.09302081	
503.8	0.09485796	0.09293842	
504	0.09414541	0.0928561	
504.2	0.09426123	0.09277385	
504.4	0.09404169	0.09269167	
504.6	0.09345205	0.09260957	
504.8	0.09335568	0.09252754	
505	0.09284626	0.09244558	
505.2	0.09240274	0.0923637	
505.4	0.09216272	0.09228189	
505.6	0.09152325	0.09220015	
505.8	0.09178841	0.09211848	
506	0.09191184	0.09203688	
506.2	0.09155574	0.09195536	
506.4	0.09149336	0.09187391	
506.6	0.09170397	0.09179253	
506.8	0.0923557	0.09171123	
507	0.09324306	0.09162999	
507.2	0.09373327	0.09154883	
507.4	0.09437807	0.09146774	
507.6	0.09413978	0.09138672	
507.8	0.09417501	0.09130577	
508	0.09362279	0.0912249	
508.2	0.09357815	0.0911441	
508.4	0.09288561	0.09106336	
508.6	0.09231648	0.0909827	
508.8	0.09158655	0.09090211	
509	0.09082217	0.0908216	
509.2	0.09037988	0.09074115	
509.4	0.08981896	0.09066078	
509.6	0.08970999	0.09058047	
509.8	0.08979886	0.09050024	
510	0.08954187	0.09042008	
510.2	0.08963591	0.09033999	
510.4	0.08939848	0.09025997	
510.6	0.08970926	0.09018002	
510.8	0.08988173	0.09010014	
511	0.09097711	0.09002033	
511.2	0.09180607	0.0899406	
511.4	0.0923605	0.08986093	
511.6	0.09214235	0.08978134	
511.8	0.0925366	0.08970181	
512	0.09225234	0.08962236	
512.2	0.09192087	0.08954297	
512.4	0.09171935	0.08946366	
512.6	0.09154611	0.08938442	
512.8	0.09123388	0.08930524	
513	0.09075269	0.08922614	
513.2	0.09065021	0.08914711	
513.4	0.09086097	0.08906814	
513.6	0.09095054	0.08898925	
513.8	0.09092139	0.08891043	
514	0.09062682	0.08883167	
514.2	0.09064149	0.08875299	
514.4	0.09000796	0.08867438	
514.6	0.09032856	0.08859583	
514.8	0.09043718	0.08851736	
515	0.09108692	0.08843895	
515.2	0.09105983	0.08836062	
515.4	0.09056021	0.08828235	
515.6	0.08962536	0.08820415	
515.8	0.08950797	0.08812603	
516	0.08930682	0.08804797	
516.2	0.08938811	0.08796998	
516.4	0.08945124	0.08789206	
516.6	0.08940671	0.08781421	
516.8	0.0895355	0.08773642	
517	0.08969133	0.08765871	
517.2	0.09040761	0.08758107	
517.4	0.09084098	0.08750349	
517.6	0.09070477	0.08742598	
517.8	0.09104762	0.08734854	
518	0.09100235	0.08727117	
518.2	0.09086829	0.08719387	
518.4	0.09044205	0.08711664	
518.6	0.0905342	0.08703948	
518.8	0.09004985	0.08696238	
519	0.08947493	0.08688535	
519.2	0.08914788	0.08680839	
519.4	0.08826239	0.0867315	
519.6	0.08800065	0.08665468	
519.8	0.08824444	0.08657792	
520	0.0881633	0.08650123	
520.2	0.08847113	0.08642462	
520.4	0.08778099	0.08634806	
520.6	0.08790356	0.08627158	
520.8	0.08807259	0.08619516	
521	0.08752718	0.08611882	
521.2	0.08684505	0.08604254	
521.4	0.08689013	0.08596632	
521.6	0.08701095	0.08589018	
521.8	0.08736041	0.0858141	
522	0.08719497	0.08573809	
522.2	0.08687845	0.08566214	
522.4	0.0871195	0.08558627	
522.6	0.08724175	0.08551046	
522.8	0.08715634	0.08543472	
523	0.08736887	0.08535904	
523.2	0.08750036	0.08528343	
523.4	0.08738556	0.08520789	
523.6	0.0879347	0.08513242	
523.8	0.08782854	0.08505701	
524	0.08761973	0.08498167	
524.2	0.08781502	0.0849064	
524.4	0.08674535	0.08483119	
524.6	0.08703634	0.08475605	
524.8	0.08675861	0.08468098	
525	0.08640418	0.08460597	
525.2	0.08624629	0.08453103	
525.4	0.08672848	0.08445616	
525.6	0.08694849	0.08438135	
525.8	0.0871603	0.08430661	
526	0.08714689	0.08423193	
526.2	0.08732663	0.08415732	
526.4	0.08784261	0.08408278	
526.6	0.08760827	0.0840083	
526.8	0.08717055	0.08393389	
527	0.08742786	0.08385955	
527.2	0.08739848	0.08378527	
527.4	0.08679264	0.08371105	
527.6	0.08650179	0.0836369	
527.8	0.08584606	0.08356282	
528	0.08568537	0.08348881	
528.2	0.08548495	0.08341485	
528.4	0.08477849	0.08334097	
528.6	0.085001	0.08326715	
528.8	0.08492619	0.08319339	
529	0.08452263	0.0831197	
529.2	0.08420066	0.08304608	
529.4	0.08436195	0.08297252	
529.6	0.08389915	0.08289903	
529.8	0.08368547	0.0828256	
530	0.08326611	0.08275224	
530.2	0.0828929	0.08267894	
530.4	0.0830097	0.0826057	
530.6	0.08228825	0.08253253	
530.8	0.082595	0.08245943	
531	0.08312326	0.08238639	
531.2	0.08338325	0.08231342	
531.4	0.08280376	0.08224051	
531.6	0.0828862	0.08216766	
531.8	0.08312309	0.08209488	
532	0.08368422	0.08202216	
532.2	0.08358898	0.08194951	
532.4	0.08362571	0.08187692	
532.6	0.08375522	0.0818044	
532.8	0.08391649	0.08173194	
533	0.08370389	0.08165955	
533.2	0.08355097	0.08158722	
533.4	0.08329227	0.08151495	
533.6	0.0831711	0.08144275	
533.8	0.08338848	0.08137061	
534	0.0831754	0.08129853	
534.2	0.08331306	0.08122652	
534.4	0.08291471	0.08115457	
534.6	0.08249024	0.08108269	
534.8	0.0825333	0.08101087	
535	0.08226026	0.08093911	
535.2	0.08199986	0.08086742	
535.4	0.08162478	0.08079579	
535.6	0.08191217	0.08072423	
535.8	0.08196618	0.08065272	
536	0.08182159	0.08058129	
536.2	0.08125941	0.08050991	
536.4	0.08148013	0.0804386	
536.6	0.08160382	0.08036735	
536.8	0.0821859	0.08029616	
537	0.08291395	0.08022504	
537.2	0.08350386	0.08015398	
537.4	0.08407157	0.08008298	
537.6	0.0846638	0.08001205	
537.8	0.08474293	0.07994118	
538	0.0845231	0.07987037	
538.2	0.0842095	0.07979962	
538.4	0.0833837	0.07972894	
538.6	0.08319471	0.07965832	
538.8	0.08261233	0.07958776	
539	0.08227146	0.07951726	
539.2	0.08188764	0.07944683	
539.4	0.08161186	0.07937646	
539.6	0.08122523	0.07930615	
539.8	0.08046422	0.0792359	
