Conc1	1E-07	
Start1	240	
Stop1	479.8	
Kobs	0.0021033709977881	
Error Kobs	1.27138500522783E-05	
Koff	0	
Error Koff	0	
Time1	Data1	Fit1	
240	0.02186738	0	
240.2	0.02390355	0.00697311	
240.4	0.02675134	0.0139198	
240.6	0.03043554	0.02084016	
240.8	0.03469539	0.0277343	
241	0.03949728	0.03460232	
241.2	0.04508748	0.04144431	
241.4	0.05098217	0.04826038	
241.6	0.05721776	0.05505061	
241.8	0.06369652	0.06181512	
242	0.07052866	0.06855399	
242.2	0.07748761	0.07526733	
242.4	0.08320129	0.08195523	
242.6	0.08946504	0.08861779	
242.8	0.09576108	0.0952551	
243	0.10262828	0.10186726	
243.2	0.10787153	0.10845436	
243.4	0.11345267	0.11501651	
243.6	0.11977108	0.12155379	
243.8	0.12611335	0.12806629	
244	0.13115518	0.13455412	
244.2	0.1366574	0.14101737	
244.4	0.1429048	0.14745612	
244.6	0.14864036	0.15387048	
244.8	0.15364573	0.16026052	
245	0.1595078	0.16662636	
245.2	0.16526839	0.17296807	
245.4	0.17067233	0.17928576	
245.6	0.17614557	0.1855795	
245.8	0.18215932	0.19184939	
246	0.18812657	0.19809553	
246.2	0.19381671	0.20431799	
246.4	0.19934186	0.21051688	
246.6	0.20577155	0.21669228	
246.8	0.21176006	0.22284428	
247	0.21739495	0.22897297	
247.2	0.22270542	0.23507843	
247.4	0.22860611	0.24116076	
247.6	0.2345827	0.24722004	
247.8	0.23993029	0.25325636	
248	0.24512656	0.2592698	
248.2	0.25154023	0.26526046	
248.4	0.2571917	0.27122842	
248.6	0.26207322	0.27717377	
248.8	0.26740926	0.28309658	
249	0.27399718	0.28899696	
249.2	0.27940863	0.29487497	
249.4	0.28458195	0.30073071	
249.6	0.29039752	0.30656426	
249.8	0.2960325	0.31237571	
250	0.30102114	0.31816514	
250.2	0.30624939	0.32393262	
250.4	0.31200034	0.32967826	
250.6	0.31784072	0.33540212	
250.8	0.32299404	0.34110429	
251	0.32863379	0.34678485	
251.2	0.33444473	0.35244389	
251.4	0.34022593	0.35808149	
251.6	0.34570471	0.36369772	
251.8	0.35115068	0.36929267	
252	0.35689032	0.37486642	
252.2	0.36213739	0.38041905	
252.4	0.36659683	0.38595064	
252.6	0.37210059	0.39146127	
252.8	0.37791222	0.39695101	
253	0.38336008	0.40241996	
253.2	0.38773648	0.40786818	
253.4	0.39292876	0.41329575	
253.6	0.39843704	0.41870276	
253.8	0.40288533	0.42408928	
254	0.40787413	0.42945539	
254.2	0.41393264	0.43480117	
254.4	0.41941278	0.44012669	
254.6	0.42476452	0.44543203	
254.8	0.42983964	0.45071726	
255	0.43563581	0.45598247	
255.2	0.44157634	0.46122773	
255.4	0.44671029	0.46645311	
255.6	0.45188718	0.47165869	
255.8	0.45760528	0.47684454	
256	0.4628231	0.48201075	
256.2	0.46731141	0.48715737	
256.4	0.47265922	0.4922845	
256.6	0.47835883	0.4973922	
256.8	0.48358738	0.50248054	
257	0.48796685	0.5075496	
257.2	0.49308151	0.51259945	
257.4	0.49873733	0.51763017	
257.6	0.50351214	0.52264183	
257.8	0.50810331	0.52763449	
258	0.51345971	0.53260824	
258.2	0.51900219	0.53756314	
258.4	0.52320498	0.54249926	
258.6	0.52807845	0.54741668	
258.8	0.53328359	0.55231546	
259	0.53828686	0.55719568	
259.2	0.54300353	0.56205741	
259.4	0.54778299	0.56690072	
259.6	0.55359784	0.57172567	
259.8	0.55894677	0.57653235	
260	0.56385124	0.5813208	
260.2	0.56856146	0.58609112	
260.4	0.57403061	0.59084335	
260.6	0.57898687	0.59557758	
260.8	0.58346212	0.60029387	
261	0.58826432	0.60499229	
261.2	0.59362921	0.6096729	
261.4	0.59795617	0.61433578	
261.6	0.60199309	0.61898099	
261.8	0.60681521	0.62360859	
262	0.61198749	0.62821866	
262.2	0.61642691	0.63281127	
262.4	0.62059652	0.63738647	
262.6	0.6254172	0.64194433	
262.8	0.6301833	0.64648492	
263	0.63387189	0.65100831	
263.2	0.63860903	0.65551455	
263.4	0.64416052	0.66000372	
263.6	0.649335	0.66447588	
263.8	0.65331468	0.66893109	
264	0.65772829	0.67336942	
264.2	0.66274811	0.67779094	
264.4	0.6672292	0.68219569	
264.6	0.67160521	0.68658376	
264.8	0.67606696	0.6909552	
265	0.68085212	0.69531008	
265.2	0.68478043	0.69964845	
265.4	0.68861865	0.70397038	
265.6	0.69356546	0.70827594	
265.8	0.69899362	0.71256518	
266	0.70351709	0.71683817	
266.2	0.70740579	0.72109496	
266.4	0.71222906	0.72533563	
266.6	0.71694415	0.72956023	
266.8	0.72108551	0.73376882	
267	0.72539	0.73796146	
267.2	0.73082529	0.74213821	
267.4	0.73601422	0.74629914	
267.6	0.74005797	0.7504443	
267.8	0.74423844	0.75457375	
268	0.74963096	0.75868756	
268.2	0.75461199	0.76278577	
268.4	0.75793194	0.76686846	
268.6	0.76214374	0.77093568	
268.8	0.7669485	0.77498748	
269	0.77081621	0.77902393	
269.2	0.77447339	0.78304509	
269.4	0.77896929	0.78705101	
269.6	0.78397774	0.79104175	
269.8	0.7881221	0.79501736	
270	0.79186382	0.79897792	
270.2	0.79591016	0.80292346	
270.4	0.80039984	0.80685406	
270.6	0.8043267	0.81076975	
270.8	0.80820235	0.81467062	
271	0.81291402	0.8185567	
271.2	0.81759589	0.82242805	
271.4	0.82175383	0.82628474	
271.6	0.82545749	0.83012681	
271.8	0.83043916	0.83395432	
272	0.83505636	0.83776733	
272.2	0.83838855	0.84156589	
272.4	0.841752	0.84535005	
272.6	0.84647804	0.84911988	
272.8	0.85102687	0.85287542	
273	0.8541848	0.85661673	
273.2	0.85836284	0.86034387	
273.4	0.86300522	0.86405688	
273.6	0.86676631	0.86775582	
273.8	0.87020134	0.87144074	
274	0.87403683	0.8751117	
274.2	0.87795415	0.87876875	
274.4	0.88171228	0.88241195	
274.6	0.88518648	0.88604133	
274.8	0.88925083	0.88965697	
275	0.89352464	0.8932589	
275.2	0.89710167	0.89684719	
275.4	0.90071597	0.90042188	
275.6	0.90498454	0.90398302	
275.8	0.90947015	0.90753067	
276	0.91278719	0.91106488	
276.2	0.9165717	0.91458569	
276.4	0.92167586	0.91809316	
276.6	0.92589343	0.92158734	
276.8	0.92961904	0.92506828	
277	0.93361439	0.92853603	
277.2	0.93846517	0.93199064	
277.4	0.94219735	0.93543216	
277.6	0.94512432	0.93886064	
277.8	0.94880455	0.94227613	
278	0.9527899	0.94567867	
278.2	0.95602062	0.94906833	
278.4	0.95907274	0.95244513	
278.6	0.96287196	0.95580914	
278.8	0.96677885	0.95916041	
279	0.9697722	0.96249897	
279.2	0.97234233	0.96582489	
279.4	0.97599861	0.9691382	
279.6	0.97998968	0.97243896	
279.8	0.98337933	0.97572721	
280	0.98687166	0.97900299	
280.2	0.99142416	0.98226637	
280.4	0.99504776	0.98551738	
280.6	0.99764686	0.98875607	
280.8	1.00129291	0.99198249	
281	1.00531146	0.99519668	
281.2	1.00899528	0.99839869	
281.4	1.01178404	1.00158857	
281.6	1.01496896	1.00476637	
281.8	1.01906861	1.00793212	
282	1.0222615	1.01108587	
282.2	1.02477795	1.01422768	
282.4	1.02838868	1.01735757	
282.6	1.03223692	1.02047561	
282.8	1.03478862	1.02358184	
283	1.037325	1.02667629	
283.2	1.04108276	1.02975902	
283.4	1.04498914	1.03283006	
283.6	1.04861217	1.03588947	
283.8	1.05173212	1.03893729	
284	1.05561609	1.04197356	
284.2	1.0592207	1.04499832	
284.4	1.06187609	1.04801162	
284.6	1.06527515	1.0510135	
284.8	1.06919657	1.054004	
285	1.07295987	1.05698318	
285.2	1.0758486	1.05995106	
285.4	1.07906723	1.0629077	
285.6	1.08235143	1.06585314	
285.8	1.08550963	1.06878741	
286	1.08799489	1.07171057	
286.2	1.09096963	1.07462265	
286.4	1.09455097	1.07752369	
286.6	1.09700958	1.08041375	
286.8	1.09935165	1.08329285	
287	1.10269998	1.08616104	
287.2	1.10654636	1.08901836	
287.4	1.10903066	1.09186485	
287.6	1.11187922	1.09470056	
287.8	1.11519241	1.09752552	
288	1.11865161	1.10033978	
288.2	1.12082435	1.10314338	
288.4	1.12307428	1.10593635	
288.6	1.12711413	1.10871874	
288.8	1.13055366	1.11149058	
289	1.13323397	1.11425192	
289.2	1.13582051	1.1170028	
289.4	1.13925451	1.11974325	
289.6	1.14212214	1.12247332	
289.8	1.14507555	1.12519304	
290	1.14815896	1.12790246	
290.2	1.15136397	1.13060161	
290.4	1.15436006	1.13329054	
290.6	1.15673671	1.13596927	
290.8	1.15990164	1.13863785	
291	1.16351902	1.14129633	
291.2	1.16631074	1.14394472	
291.4	1.16840664	1.14658309	
291.6	1.17141178	1.14921145	
291.8	1.17446079	1.15182986	
292	1.17623036	1.15443834	
292.2	1.1779492	1.15703694	
292.4	1.18155705	1.15962569	
292.6	1.18499431	1.16220463	
292.8	1.18665189	1.1647738	
293	1.18895855	1.16733324	
293.2	1.19204636	1.16988297	
293.4	1.19516796	1.17242305	
293.6	1.19765059	1.1749535	
293.8	1.20056771	1.17747436	
294	1.20380088	1.17998567	
294.2	1.20688144	1.18248746	
294.4	1.20933567	1.18497977	
294.6	1.21216167	1.18746264	
294.8	1.21544086	1.1899361	
295	1.2183499	1.19240019	
295.2	1.22011206	1.19485494	
295.4	1.22292983	1.19730039	
295.6	1.2260479	1.19973657	
295.8	1.22813736	1.20216352	
296	1.22979746	1.20458127	
296.2	1.2324141	1.20698986	
296.4	1.23568782	1.20938933	
296.6	1.23738224	1.2117797	
296.8	1.23890336	1.21416102	
297	1.24157984	1.21653331	
297.2	1.24430273	1.21889661	
297.4	1.24640734	1.22125096	
297.6	1.24832402	1.22359639	
297.8	1.25195285	1.22593292	
298	1.25486776	1.22826061	
298.2	1.25717511	1.23057947	
298.4	1.25917952	1.23288955	
298.6	1.26211231	1.23519087	
298.8	1.26458486	1.23748348	
299	1.26672301	1.23976739	
299.2	1.2691433	1.24204266	
299.4	1.27228641	1.2443093	
299.6	1.27402212	1.24656735	
299.8	1.2754038	1.24881684	
300	1.27782065	1.25105781	
300.2	1.28074388	1.25329029	
300.4	1.28314888	1.25551431	
300.6	1.28430859	1.2577299	
300.8	1.2861857	1.2599371	
301	1.2887573	1.26213593	
301.2	1.29083826	1.26432643	
301.4	1.29305095	1.26650863	
301.6	1.29587667	1.26868256	
301.8	1.29907327	1.27084826	
302	1.30089831	1.27300574	
302.2	1.3026884	1.27515506	
302.4	1.30507499	1.27729622	
302.6	1.30785403	1.27942928	
302.8	1.30978802	1.28155425	
303	1.31187262	1.28367117	
303.2	1.31430771	1.28578006	
303.4	1.31644755	1.28788097	
303.6	1.31771046	1.28997391	
303.8	1.31968547	1.29205893	
304	1.3225352	1.29413604	
304.2	1.32477657	1.29620528	
304.4	1.32609086	1.29826669	
304.6	1.32806766	1.30032028	
304.8	1.33103849	1.30236608	
305	1.3331451	1.30440414	
305.2	1.33497774	1.30643448	
305.4	1.33769053	1.30845712	
305.6	1.33999768	1.31047209	
305.8	1.34165504	1.31247943	
306	1.34356049	1.31447917	
306.2	1.34590883	1.31647132	
306.4	1.34846622	1.31845593	
306.6	1.3501628	1.32043302	
306.8	1.351464	1.32240261	
307	1.35370503	1.32436474	
307.2	1.35561591	1.32631944	
307.4	1.35712808	1.32826673	
307.6	1.35844499	1.33020664	
307.8	1.36068816	1.3321392	
308	1.36283179	1.33406444	
308.2	1.3641646	1.33598238	
308.4	1.36578248	1.33789306	
308.6	1.368749	1.33979649	
308.8	1.37088221	1.34169271	
309	1.37223683	1.34358175	
309.2	1.37408485	1.34546363	
309.4	1.3766006	1.34733837	
309.6	1.37829284	1.34920602	
309.8	1.38008554	1.35106658	
310	1.3823452	1.3529201	
310.2	1.3847681	1.35476659	
310.4	1.38622489	1.35660609	
310.6	1.38738019	1.35843861	
310.8	1.38930244	1.36026419	
311	1.3913542	1.36208286	
311.2	1.3923029	1.36389463	
311.4	1.39365409	1.36569953	
311.6	1.39546641	1.3674976	
311.8	1.39753387	1.36928886	
312	1.39883241	1.37107332	
312.2	1.40009877	1.37285103	
312.4	1.40226382	1.37462199	
312.6	1.40450652	1.37638625	
312.8	1.40595146	1.37814382	
313	1.40756829	1.37989474	
313.2	1.40963943	1.38163901	
313.4	1.41186642	1.38337668	
313.6	1.41333387	1.38510776	
313.8	1.41531371	1.38683229	
314	1.41734559	1.38855028	
314.2	1.4187549	1.39026176	
314.4	1.41972392	1.39196675	
314.6	1.42158827	1.39366528	
314.8	1.42369673	1.39535738	
315	1.42494078	1.39704306	
315.2	1.42554284	1.39872236	
315.4	1.42742715	1.40039529	
315.6	1.4294578	1.40206189	
315.8	1.43068535	1.40372217	
316	1.43190315	1.40537616	
316.2	1.43359431	1.40702388	
316.4	1.43577201	1.40866535	
316.6	1.43700514	1.41030061	
316.8	1.43822846	1.41192967	
317	1.44013783	1.41355256	
317.2	1.44182174	1.4151693	
317.4	1.44294682	1.41677991	
317.6	1.44418331	1.41838442	
317.8	1.44640175	1.41998285	
318	1.44782944	1.42157522	
318.2	1.44862692	1.42316155	
318.4	1.45051575	1.42474188	
318.6	1.45282265	1.42631622	
318.8	1.45445297	1.42788459	
319	1.45550784	1.42944702	
319.2	1.45685279	1.43100353	
319.4	1.45936059	1.43255414	
319.6	1.46123871	1.43409888	
319.8	1.46255625	1.43563776	
320	1.46487176	1.43717081	
320.2	1.46678085	1.43869805	
320.4	1.46811423	1.4402195	
320.6	1.46877013	1.44173519	
320.8	1.4704994	1.44324514	
321	1.47224132	1.44474936	
321.2	1.4728363	1.44624789	
321.4	1.47357945	1.44774073	
321.6	1.47523373	1.44922792	
321.8	1.47678871	1.45070947	
322	1.47697183	1.45218541	
322.2	1.47776949	1.45365576	
322.4	1.48023798	1.45512053	
322.6	1.48175437	1.45657976	
322.8	1.48246584	1.45803345	
323	1.48365905	1.45948164	
323.2	1.48557191	1.46092434	
323.4	1.48739657	1.46236157	
323.6	1.48845855	1.46379336	
323.8	1.48974473	1.46521972	
324	1.49138876	1.46664067	
324.2	1.49239219	1.46805624	
324.4	1.49336867	1.46946645	
324.6	1.49467639	1.47087131	
324.8	1.49642727	1.47227085	
325	1.49740553	1.47366509	
325.2	1.49804283	1.47505404	
325.4	1.49973788	1.47643773	
325.6	1.50140399	1.47781618	
325.8	1.50215853	1.4791894	
326	1.5025229	1.48055742	
326.2	1.50465778	1.48192026	
326.4	1.50655368	1.48327793	
326.6	1.50721752	1.48463046	
326.8	1.50782444	1.48597786	
327	1.50919237	1.48732016	
327.2	1.51101551	1.48865737	
327.4	1.51207917	1.48998951	
327.6	1.5129122	1.49131661	
327.8	1.5149619	1.49263868	
328	1.51638045	1.49395573	
328.2	1.51726594	1.4952678	
328.4	1.51861386	1.49657489	
328.6	1.52026643	1.49787703	
328.8	1.52143707	1.49917424	
329	1.52220202	1.50046653	
329.2	1.52318079	1.50175393	
329.4	1.52476228	1.50303644	
329.6	1.52562386	1.5043141	
329.8	1.52583128	1.50558692	
330	1.52681662	1.50685491	
330.2	1.52854762	1.5081181	
330.4	1.52933716	1.5093765	
330.6	1.53015783	1.51063013	
330.8	1.53120711	1.51187901	
331	1.53299741	1.51312316	
331.2	1.53454636	1.5143626	
331.4	1.53511176	1.51559733	
331.6	1.53644958	1.51682739	
331.8	1.53806409	1.51805279	
332	1.53843318	1.51927355	
332.2	1.53941543	1.52048968	
332.4	1.54122626	1.5217012	
332.6	1.54247974	1.52290813	
332.8	1.54322579	1.52411049	
333	1.54413958	1.52530829	
333.2	1.54563736	1.52650155	
333.4	1.54687137	1.52769029	
333.6	1.54767257	1.52887453	
333.8	1.54853058	1.53005427	
334	1.55025116	1.53122955	
334.2	1.55158709	1.53240038	
334.4	1.55257131	1.53356676	
334.6	1.55361468	1.53472873	
334.8	1.55524172	1.5358863	
335	1.55625791	1.53703948	
335.2	1.55682491	1.53818829	
335.4	1.55733463	1.53933274	
335.6	1.55846022	1.54047286	
335.8	1.55946852	1.54160866	
336	1.55975631	1.54274015	
336.2	1.56098668	1.54386736	
336.4	1.56236066	1.5449903	
336.6	1.56288268	1.54610898	
336.8	1.56318512	1.54722342	
337	1.56439814	1.54833364	
337.2	1.56555183	1.54943965	
337.4	1.56631424	1.55054147	
337.6	1.56678739	1.55163912	
337.8	1.56808015	1.55273261	
338	1.56958934	1.55382195	
338.2	1.5702039	1.55490716	
338.4	1.57085045	1.55598827	
338.6	1.57208986	1.55706527	
338.8	1.57341634	1.5581382	
339	1.57377859	1.55920706	
339.2	1.57433771	1.56027187	
339.4	1.57524929	1.56133264	
339.6	1.57651596	1.5623894	
339.8	1.57751294	1.56344215	
340	1.57790128	1.56449091	
340.2	1.57951151	1.5655357	
340.4	1.58058811	1.56657653	
340.6	1.58137894	1.56761341	
340.8	1.58205504	1.56864637	
341	1.58379386	1.56967541	
341.2	1.58483186	1.57070055	
341.4	1.58569094	1.57172181	
341.6	1.58645535	1.57273919	
341.8	1.5881183	1.57375273	
342	1.58899419	1.57476242	
342.2	1.58908824	1.57576828	
342.4	1.58959813	1.57677034	
342.6	1.59071244	1.57776859	
342.8	1.59140345	1.57876307	
343	1.59111776	1.57975377	
343.2	1.59160765	1.58074073	
343.4	1.59279529	1.58172394	
343.6	1.59377386	1.58270342	
343.8	1.59426491	1.5836792	
344	1.59482357	1.58465128	
344.2	1.59648262	1.58561967	
344.4	1.59711922	1.58658439	
344.6	1.59767803	1.58754546	
344.8	1.59868913	1.58850289	
345	1.60010746	1.58945669	
345.2	1.60103173	1.59040687	
345.4	1.60152647	1.59135346	
345.6	1.60240794	1.59229645	
345.8	1.60347224	1.59323588	
346	1.60396818	1.59417174	
346.2	1.60443484	1.59510406	
346.4	1.60525921	1.59603284	
346.6	1.60649731	1.59695811	
346.8	1.60711527	1.59787987	
347	1.60735192	1.59879814	
347.2	1.60860408	1.59971292	
347.4	1.60994188	1.60062424	
347.6	1.61030499	1.60153211	
347.8	1.61061605	1.60243654	
348	1.61148473	1.60333754	
348.2	1.61289036	1.60423512	
348.4	1.6132112	1.60512931	
348.6	1.61386158	1.60602011	
348.8	1.61528327	1.60690753	
349	1.61628347	1.60779158	
349.2	1.61665338	1.60867229	
349.4	1.617209	1.60954966	
349.6	1.61827647	1.61042371	
349.8	1.61958724	1.61129444	
350	1.62005159	1.61216188	
350.2	1.62084343	1.61302603	
350.4	1.62183399	1.6138869	
350.6	1.62298247	1.61474451	
350.8	1.62349812	1.61559887	
351	1.62420725	1.61645	
351.2	1.62495489	1.6172979	
351.4	1.62544791	1.61814258	
351.6	1.62510612	1.61898407	
351.8	1.6255274	1.61982236	
352	1.62672816	1.62065748	
352.2	1.62768547	1.62148944	
352.4	1.62810993	1.62231824	
352.6	1.62896052	1.6231439	
352.8	1.62977002	1.62396644	
353	1.63035278	1.62478586	
353.2	1.63043592	1.62560217	
353.4	1.63169179	1.62641539	
353.6	1.63258485	1.62722552	
353.8	1.63337427	1.62803259	
354	1.63326634	1.6288366	
354.2	1.63418023	1.62963756	
354.4	1.63500857	1.63043549	
354.6	1.63571966	1.63123039	
354.8	1.63606633	1.63202228	
355	1.63721581	1.63281117	
355.2	1.63755193	1.63359708	
355.4	1.63791207	1.63438	
355.6	1.63829887	1.63515996	
355.8	1.63922717	1.63593696	
356	1.64076625	1.63671101	
356.2	1.64125667	1.63748214	
356.4	1.64149373	1.63825034	
356.6	1.64236168	1.63901563	
356.8	1.64324183	1.63977802	
357	1.64359818	1.64053752	
357.2	1.6440301	1.64129415	
357.4	1.64529629	1.64204791	
357.6	1.64581191	1.64279881	
357.8	1.645942	1.64354686	
358	1.64611514	1.64429208	
358.2	1.64695748	1.64503448	
358.4	1.64764531	1.64577406	
358.6	1.64835559	1.64651084	
358.8	1.6490674	1.64724483	
359	1.6500663	1.64797604	
359.2	1.65032171	1.64870448	
359.4	1.6509088	1.64943016	
359.6	1.65163483	1.65015308	
359.8	1.65234758	1.65087327	
360	1.65234758	1.65159073	
360.2	1.65222411	1.65089609	
360.4	1.65165757	1.65020175	
360.6	1.65113359	1.6495077	
360.8	1.6507963	1.64881394	
361	1.65036049	1.64812047	
361.2	1.64961518	1.6474273	
361.4	1.64877703	1.64673441	
361.6	1.64793319	1.64604182	
361.8	1.64765832	1.64534952	
362	1.64726303	1.64465751	
362.2	1.64660693	1.64396579	
362.4	1.64546746	1.64327436	
362.6	1.64475022	1.64258322	
362.8	1.64367328	1.64189237	
363	1.64312595	1.64120182	
363.2	1.64220183	1.64051155	
363.4	1.64190207	1.63982158	
363.6	1.64175084	1.63913189	
363.8	1.64128695	1.6384425	
364	1.6407739	1.63775339	
364.2	1.64009858	1.63706457	
364.4	1.6395675	1.63637605	
364.6	1.63894424	1.63568781	
364.8	1.6378823	1.63499986	
365	1.63685235	1.63431221	
365.2	1.63590199	1.63362484	
365.4	1.63528903	1.63293776	
365.6	1.63422666	1.63225097	
365.8	1.63350339	1.63156447	
366	1.6324101	1.63087825	
366.2	1.63145069	1.63019233	
366.4	1.63013984	1.62950669	
366.6	1.62946229	1.62882135	
366.8	1.62812427	1.62813629	
367	1.62735846	1.62745152	
367.2	1.62703043	1.62676703	
367.4	1.62653359	1.62608284	
367.6	1.62567866	1.62539893	
367.8	1.62493131	1.62471531	
368	1.62397175	1.62403198	
368.2	1.62309281	1.62334894	
368.4	1.62221995	1.62266618	
368.6	1.62100545	1.62198371	
368.8	1.62019836	1.62130153	
369	1.61952137	1.62061963	
369.2	1.61855179	1.61993802	
369.4	1.61787693	1.6192567	
369.6	1.61697613	1.61857566	
369.8	1.61624937	1.61789491	
370	1.61523191	1.61721445	
370.2	1.61444225	1.61653427	
370.4	1.61369774	1.61585438	
370.6	1.61339323	1.61517477	
370.8	1.61212878	1.61449545	
371	1.61111908	1.61381642	
371.2	1.61024215	1.61313767	
371.4	1.60900842	1.61245921	
371.6	1.60827485	1.61178103	
371.8	1.60699112	1.61110314	
372	1.60608958	1.61042553	
372.2	1.60555323	1.60974821	
372.4	1.60490198	1.60907117	
372.6	1.60402309	1.60839442	
372.8	1.60304862	1.60771795	
373	1.60216117	1.60704177	
373.2	1.60156219	1.60636587	
373.4	1.60089432	1.60569026	
373.6	1.59979852	1.60501493	
373.8	1.59875088	1.60433988	
374	1.59800479	1.60366512	
374.2	1.59720868	1.60299064	
374.4	1.59633134	1.60231644	
374.6	1.59508134	1.60164253	
374.8	1.59395792	1.6009689	
375	1.59278711	1.60029556	
375.2	1.59190016	1.5996225	
375.4	1.59122378	1.59894972	
375.6	1.59008382	1.59827722	
375.8	1.58923966	1.59760501	
376	1.5887397	1.59693308	
376.2	1.5878052	1.59626144	
376.4	1.58683502	1.59559007	
376.6	1.58588023	1.59491899	
376.8	1.58485098	1.59424819	
377	1.58428839	1.59357767	
377.2	1.5835131	1.59290743	
377.4	1.58283377	1.59223748	
377.6	1.58209043	1.59156781	
377.8	1.58159802	1.59089842	
378	1.58054966	1.59022931	
378.2	1.57985055	1.58956048	
378.4	1.57958649	1.58889193	
378.6	1.5789068	1.58822367	
378.8	1.57828453	1.58755568	
379	1.5772353	1.58688798	
379.2	1.57661038	1.58622056	
379.4	1.5760345	1.58555342	
379.6	1.57548297	1.58488656	
379.8	1.57496772	1.58421997	
380	1.57432778	1.58355367	
380.2	1.57351859	1.58288765	
380.4	1.5727084	1.58222191	
380.6	1.57167393	1.58155645	
380.8	1.57121982	1.58089127	
381	1.57069126	1.58022637	
381.2	1.56984255	1.57956175	
381.4	1.56893528	1.57889741	
381.6	1.56787698	1.57823335	
381.8	1.56696932	1.57756957	
382	1.56586	1.57690606	
382.2	1.56510594	1.57624284	
382.4	1.56420637	1.5755799	
382.6	1.56325883	1.57491723	
382.8	1.56273871	1.57425484	
383	1.56201462	1.57359273	
383.2	1.56096781	1.5729309	
383.4	1.56068227	1.57226935	
383.6	1.56055122	1.57160807	
383.8	1.55947859	1.57094708	
384	1.55850236	1.57028636	
384.2	1.55756005	1.56962592	
384.4	1.55705888	1.56896576	
384.6	1.55654624	1.56830587	
384.8	1.55557475	1.56764627	
385	1.5546095	1.56698694	
385.2	1.55381274	1.56632789	
385.4	1.55323945	1.56566911	
385.6	1.55213128	1.56501061	
385.8	1.55104647	1.56435239	
386	1.55066746	1.56369445	
386.2	1.54995984	1.56303678	
386.4	1.54950738	1.56237939	
386.6	1.54898057	1.56172227	
386.8	1.54834024	1.56106544	
387	1.54756952	1.56040887	
387.2	1.54649299	1.55975259	
387.4	1.54534416	1.55909658	
387.6	1.5443135	1.55844084	
387.8	1.54342932	1.55778539	
388	1.54278911	1.5571302	
388.2	1.54203933	1.5564753	
388.4	1.54138873	1.55582067	
388.6	1.54044874	1.55516631	
388.8	1.53960953	1.55451223	
389	1.53928925	1.55385842	
389.2	1.53858429	1.55320489	
389.4	1.53818093	1.55255164	
389.6	1.53755497	1.55189866	
389.8	1.53710333	1.55124595	
390	1.53668292	1.55059352	
390.2	1.53570846	1.54994136	
390.4	1.53505004	1.54928948	
390.6	1.53426804	1.54863787	
390.8	1.53333753	1.54798653	
391	1.53265502	1.54733547	
391.2	1.53183537	1.54668468	
391.4	1.53125667	1.54603417	
391.6	1.53094721	1.54538393	
391.8	1.52978558	1.54473396	
392	1.52944664	1.54408427	
392.2	1.52890549	1.54343485	
392.4	1.52814114	1.54278571	
392.6	1.5270229	1.54213683	
392.8	1.52653778	1.54148823	
393	1.52598301	1.5408399	
393.2	1.52529168	1.54019185	
393.4	1.52472728	1.53954407	
393.6	1.52343209	1.53889655	
393.8	1.52233005	1.53824932	
394	1.5216588	1.53760235	
394.2	1.52069577	1.53695566	
394.4	1.51964772	1.53630924	
394.6	1.51889922	1.53566309	
394.8	1.51857306	1.53501721	
395	1.51844879	1.5343716	
395.2	1.51755745	1.53372627	
395.4	1.5169172	1.5330812	
395.6	1.51607503	1.53243641	
395.8	1.515587	1.53179189	
396	1.51546749	1.53114764	
396.2	1.51402784	1.53050366	
396.4	1.51332837	1.52985995	
396.6	1.51323198	1.52921652	
396.8	1.5129353	1.52857335	
397	1.51187517	1.52793045	
397.2	1.51145117	1.52728783	
397.4	1.51095075	1.52664547	
397.6	1.51017502	1.52600339	
397.8	1.50963038	1.52536157	
398	1.50901817	1.52472003	
398.2	1.5083416	1.52407875	
398.4	1.50795607	1.52343775	
398.6	1.50747246	1.52279701	
398.8	1.50664481	1.52215654	
399	1.50600615	1.52151635	
399.2	1.50471919	1.52087642	
399.4	1.50372556	1.52023676	
399.6	1.50269434	1.51959737	
399.8	1.501814	1.51895825	
400	1.50069545	1.5183194	
400.2	1.49955199	1.51768081	
400.4	1.49856617	1.5170425	
400.6	1.49801436	1.51640445	
400.8	1.49718908	1.51576667	
401	1.49673746	1.51512916	
401.2	1.49642816	1.51449192	
401.4	1.49563376	1.51385495	
401.6	1.4953584	1.51321824	
401.8	1.49495035	1.5125818	
402	1.49461463	1.51194563	
402.2	1.49417993	1.51130973	
402.4	1.49406813	1.5106741	
402.6	1.49350291	1.51003873	
402.8	1.49271532	1.50940363	
403	1.49208339	1.50876879	
403.2	1.4910519	1.50813423	
403.4	1.49043013	1.50749993	
403.6	1.49029421	1.50686589	
403.8	1.48942051	1.50623213	
404	1.4885466	1.50559863	
404.2	1.48785446	1.50496539	
404.4	1.48690486	1.50433243	
404.6	1.48673843	1.50369973	
404.8	1.48588257	1.50306729	
405	1.4853211	1.50243512	
405.2	1.48434532	1.50180322	
405.4	1.4837223	1.50117158	
405.6	1.48276695	1.50054021	
405.8	1.48177036	1.49990911	
406	1.48098174	1.49927827	
406.2	1.48049373	1.49864769	
406.4	1.47972063	1.49801738	
406.6	1.47882001	1.49738734	
406.8	1.47826174	1.49675756	
407	1.47771027	1.49612804	
407.2	1.47719768	1.49549879	
407.4	1.47662261	1.49486981	
407.6	1.47631462	1.49424109	
407.8	1.47582834	1.49361263	
408	1.47525714	1.49298444	
408.2	1.47474811	1.49235651	
408.4	1.47361972	1.49172884	
408.6	1.47327463	1.49110145	
408.8	1.47251013	1.49047431	
409	1.471678	1.48984744	
409.2	1.47074571	1.48922083	
409.4	1.47004503	1.48859448	
409.6	1.46918445	1.4879684	
409.8	1.46843167	1.48734258	
410	1.46722555	1.48671703	
410.2	1.46643714	1.48609174	
410.4	1.46575015	1.48546671	
410.6	1.46547381	1.48484194	
410.8	1.46451934	1.48421744	
411	1.46379813	1.4835932	
411.2	1.4635297	1.48296922	
411.4	1.46330871	1.4823455	
411.6	1.46292285	1.48172205	
411.8	1.46218544	1.48109886	
412	1.46135546	1.48047593	
412.2	1.46133377	1.47985326	
412.4	1.46081089	1.47923086	
412.6	1.45990117	1.47860871	
412.8	1.45901712	1.47798683	
413	1.45870036	1.47736521	
413.2	1.45822732	1.47674385	
413.4	1.45756853	1.47612276	
413.6	1.45658857	1.47550192	
413.8	1.45593614	1.47488135	
414	1.45577789	1.47426103	
414.2	1.45523476	1.47364098	
414.4	1.45421645	1.47302119	
414.6	1.45389496	1.47240165	
414.8	1.4534631	1.47178238	
415	1.45319378	1.47116337	
415.2	1.45248768	1.47054462	
415.4	1.45193001	1.46992613	
415.6	1.45137926	1.4693079	
415.8	1.45094282	1.46868993	
416	1.45037295	1.46807222	
416.2	1.44962068	1.46745477	
416.4	1.44848742	1.46683758	
416.6	1.44775583	1.46622065	
416.8	1.44731811	1.46560398	
417	1.44680513	1.46498757	
417.2	1.44596859	1.46437141	
417.4	1.44588929	1.46375552	
417.6	1.44520519	1.46313989	
417.8	1.44454718	1.46252451	
418	1.44378057	1.46190939	
418.2	1.44283246	1.46129453	
418.4	1.44225643	1.46067993	
418.6	1.44210806	1.46006559	
418.8	1.44132951	1.45945151	
419	1.44083914	1.45883769	
419.2	1.4405584	1.45822412	
419.4	1.44010055	1.45761081	
419.6	1.43901822	1.45699776	
419.8	1.43838546	1.45638497	
420	1.43768561	1.45577243	
420.2	1.43738271	1.45516016	
420.4	1.43686253	1.45454814	
420.6	1.43660848	1.45393638	
420.8	1.43604189	1.45332487	
421	1.43617032	1.45271362	
421.2	1.43557304	1.45210263	
421.4	1.43459675	1.4514919	
421.6	1.43358908	1.45088142	
421.8	1.43286167	1.4502712	
422	1.43245226	1.44966124	
422.2	1.43176937	1.44905153	
422.4	1.43099742	1.44844208	
422.6	1.43059017	1.44783289	
422.8	1.43010551	1.44722395	
423	1.42949926	1.44661527	
423.2	1.42836709	1.44600684	
423.4	1.42765839	1.44539867	
423.6	1.42728159	1.44479076	
423.8	1.42712013	1.4441831	
424	1.42651485	1.4435757	
424.2	1.42632587	1.44296855	
424.4	1.42560928	1.44236166	
424.6	1.42539101	1.44175502	
424.8	1.42462404	1.44114864	
425	1.42372009	1.44054251	
425.2	1.42260025	1.43993664	
425.4	1.42198403	1.43933102	
425.6	1.42134988	1.43872566	
425.8	1.420606	1.43812055	
426	1.42005084	1.4375157	
426.2	1.41957338	1.4369111	
426.4	1.41914419	1.43630676	
426.6	1.41857993	1.43570267	
426.8	1.41762969	1.43509883	
427	1.41749588	1.43449525	
427.2	1.41700964	1.43389192	
427.4	1.41700067	1.43328885	
427.6	1.41639708	1.43268603	
427.8	1.41595556	1.43208346	
428	1.4158037	1.43148115	
428.2	1.41536305	1.43087909	
428.4	1.41456939	1.43027728	
428.6	1.41382603	1.42967572	
428.8	1.41313753	1.42907442	
429	1.41241135	1.42847337	
429.2	1.41177441	1.42787258	
429.4	1.4109038	1.42727204	
429.6	1.41026053	1.42667175	
429.8	1.40980018	1.42607171	
430	1.40865661	1.42547192	
430.2	1.40782775	1.42487239	
430.4	1.40731685	1.42427311	
430.6	1.40674827	1.42367408	
430.8	1.4059451	1.4230753	
431	1.40507529	1.42247678	
431.2	1.40380144	1.4218785	
431.4	1.40370609	1.42128048	
431.6	1.4032321	1.42068271	
431.8	1.40252456	1.42008519	
432	1.4016706	1.41948793	
432.2	1.40103293	1.41889091	
432.4	1.40090957	1.41829414	
432.6	1.40034316	1.41769763	
432.8	1.39961586	1.41710137	
433	1.39912939	1.41650535	
433.2	1.39920352	1.41590959	
433.4	1.39883992	1.41531408	
433.6	1.39817834	1.41471882	
433.8	1.39746542	1.41412381	
434	1.39687112	1.41352905	
434.2	1.39717338	1.41293454	
434.4	1.3971944	1.41234028	
434.6	1.39624545	1.41174627	
434.8	1.39575524	1.41115251	
435	1.39547889	1.410559	
435.2	1.39499997	1.40996574	
435.4	1.39434129	1.40937272	
435.6	1.3931184	1.40877996	
435.8	1.3924678	1.40818745	
436	1.39191748	1.40759519	
436.2	1.3914383	1.40700317	
436.4	1.39075463	1.40641141	
436.6	1.39016294	1.40581989	
436.8	1.38990539	1.40522862	
437	1.38968412	1.4046376	
437.2	1.38891947	1.40404683	
437.4	1.38787764	1.40345631	
437.6	1.38741733	1.40286604	
437.8	1.3870883	1.40227601	
438	1.38657402	1.40168623	
438.2	1.38638319	1.4010967	
438.4	1.38653088	1.40050742	
438.6	1.38621408	1.39991839	
438.8	1.38620252	1.3993296	
439	1.38509913	1.39874107	
439.2	1.38420383	1.39815278	
439.4	1.38381952	1.39756473	
439.6	1.38347231	1.39697694	
439.8	1.38261396	1.39638939	
440	1.3815712	1.39580209	
440.2	1.38139925	1.39521503	
440.4	1.38134643	1.39462822	
440.6	1.38078918	1.39404166	
440.8	1.37989737	1.39345535	
441	1.37911388	1.39286928	
441.2	1.37891666	1.39228346	
441.4	1.37858748	1.39169789	
441.6	1.37778592	1.39111256	
441.8	1.37672658	1.39052748	
442	1.37688074	1.38994264	
442.2	1.37696454	1.38935805	
442.4	1.37667009	1.38877371	
442.6	1.37546218	1.38818961	
442.8	1.37482855	1.38760576	
443	1.37449219	1.38702215	
443.2	1.37416333	1.38643879	
443.4	1.37299597	1.38585567	
443.6	1.37224926	1.3852728	
443.8	1.37190474	1.38469017	
444	1.3718493	1.38410779	
444.2	1.37157896	1.38352566	
444.4	1.37087218	1.38294376	
444.6	1.37054647	1.38236212	
444.8	1.37051275	1.38178072	
445	1.37062449	1.38119956	
445.2	1.36989506	1.38061865	
445.4	1.36922459	1.38003798	
445.6	1.36849655	1.37945755	
445.8	1.3678778	1.37887737	
446	1.36777383	1.37829744	
446.2	1.36671178	1.37771775	
446.4	1.36598353	1.3771383	
446.6	1.36545057	1.37655909	
446.8	1.36461949	1.37598013	
447	1.36354296	1.37540141	
447.2	1.36222805	1.37482294	
447.4	1.36210587	1.37424471	
447.6	1.36210408	1.37366672	
447.8	1.36151919	1.37308898	
448	1.36064191	1.37251147	
448.2	1.36003556	1.37193422	
448.4	1.35991105	1.3713572	
448.6	1.35968646	1.37078043	
448.8	1.35878327	1.3702039	
449	1.35822346	1.36962761	
449.2	1.35783318	1.36905156	
449.4	1.35770955	1.36847576	
449.6	1.35641066	1.3679002	
449.8	1.35560397	1.36732488	
450	1.3556892	1.3667498	
450.2	1.35528502	1.36617496	
450.4	1.35445918	1.36560037	
450.6	1.35345872	1.36502602	
450.8	1.35264645	1.36445191	
451	1.35241222	1.36387804	
451.2	1.35237073	1.36330441	
451.4	1.3519193	1.36273103	
451.6	1.35122207	1.36215788	
451.8	1.35102255	1.36158498	
452	1.35080277	1.36101231	
452.2	1.35050377	1.36043989	
452.4	1.34958234	1.35986771	
452.6	1.34917588	1.35929577	
452.8	1.34912756	1.35872407	
453	1.34884991	1.35815261	
453.2	1.34859231	1.35758139	
453.4	1.34734827	1.35701041	
453.6	1.34673692	1.35643967	
453.8	1.34686378	1.35586917	
454	1.34653613	1.35529891	
454.2	1.34542581	1.35472889	
454.4	1.34463661	1.35415911	
454.6	1.34446823	1.35358957	
454.8	1.34429592	1.35302027	
455	1.34341748	1.35245121	
455.2	1.34238374	1.35188239	
455.4	1.34199655	1.35131381	
455.6	1.34196499	1.35074546	
455.8	1.34181565	1.35017736	
456	1.34077434	1.34960949	
456.2	1.34004657	1.34904187	
456.4	1.33939128	1.34847448	
456.6	1.33950833	1.34790733	
456.8	1.3391962	1.34734042	
457	1.33852429	1.34677375	
457.2	1.33831194	1.34620731	
457.4	1.33800228	1.34564112	
457.6	1.33812984	1.34507516	
457.8	1.33750502	1.34450944	
458	1.33689338	1.34394396	
458.2	1.33691959	1.34337872	
458.4	1.33711662	1.34281371	
458.6	1.33643457	1.34224894	
458.8	1.33567044	1.34168441	
459	1.33498644	1.34112012	
459.2	1.33459754	1.34055606	
459.4	1.33409525	1.33999224	
459.6	1.33322358	1.33942866	
459.8	1.33241103	1.33886532	
460	1.33153998	1.33830221	
460.2	1.33133277	1.33773934	
460.4	1.33062129	1.3371767	
460.6	1.32974434	1.33661431	
460.8	1.32909007	1.33605215	
461	1.32895189	1.33549022	
461.2	1.32878745	1.33492853	
461.4	1.3277462	1.33436708	
461.6	1.32727439	1.33380587	
461.8	1.32712036	1.33324489	
462	1.32750095	1.33268414	
462.2	1.32723378	1.33212363	
462.4	1.3266565	1.33156336	
462.6	1.32582395	1.33100333	
462.8	1.32559771	1.33044352	
463	1.32543242	1.32988396	
463.2	1.32470654	1.32932463	
463.4	1.32390515	1.32876553	
463.6	1.32390617	1.32820667	
463.8	1.32347112	1.32764805	
464	1.32287346	1.32708966	
464.2	1.32210267	1.3265315	
464.4	1.32136086	1.32597358	
464.6	1.32116608	1.3254159	
464.8	1.32050176	1.32485845	
465	1.32022997	1.32430123	
465.2	1.3193366	1.32374425	
465.4	1.31859609	1.3231875	
465.6	1.31916651	1.32263099	
465.8	1.31900356	1.32207471	
466	1.3185183	1.32151866	
466.2	1.31784867	1.32096285	
466.4	1.31769399	1.32040727	
466.6	1.31748978	1.31985193	
466.8	1.31685131	1.31929682	
467	1.31610177	1.31874194	
467.2	1.31591672	1.31818729	
467.4	1.31596107	1.31763288	
467.6	1.31537397	1.31707871	
467.8	1.31425235	1.31652476	
468	1.31354914	1.31597105	
468.2	1.31351625	1.31541757	
468.4	1.31349588	1.31486433	
468.6	1.31252385	1.31431131	
468.8	1.31066648	1.31375853	
469	1.31032034	1.31320598	
469.2	1.30977643	1.31265367	
469.4	1.30953253	1.31210158	
469.6	1.30906963	1.31154973	
469.8	1.30805126	1.31099811	
470	1.30790829	1.31044673	
470.2	1.30790674	1.30989557	
470.4	1.3073191	1.30934465	
470.6	1.30661747	1.30879396	
470.8	1.30629101	1.3082435	
471	1.30623929	1.30769327	
471.2	1.30652691	1.30714327	
471.4	1.30569718	1.30659351	
471.6	1.30448172	1.30604397	
471.8	1.3039813	1.30549467	
472	1.30376698	1.3049456	
472.2	1.30321467	1.30439675	
472.4	1.3021263	1.30384814	
472.6	1.30079177	1.30329976	
472.8	1.30013548	1.30275161	
473	1.30004381	1.3022037	
473.2	1.29908558	1.30165601	
473.4	1.29817572	1.30110855	
473.6	1.29777167	1.30056132	
473.8	1.29756111	1.30001432	
474	1.29775796	1.29946756	
474.2	1.29722627	1.29892102	
474.4	1.29656437	1.29837471	
474.6	1.29673001	1.29782863	
474.8	1.29682425	1.29728279	
475	1.29616994	1.29673717	
475.2	1.29554979	1.29619178	
475.4	1.29496461	1.29564662	
475.6	1.29481737	1.29510169	
475.8	1.29477028	1.29455699	
476	1.29416234	1.29401251	
476.2	1.29356587	1.29346827	
476.4	1.2930343	1.29292426	
476.6	1.29280973	1.29238047	
476.8	1.29227135	1.29183691	
477	1.29139135	1.29129359	
477.2	1.29070419	1.29075049	
477.4	1.29048217	1.29020761	
477.6	1.29032708	1.28966497	
477.8	1.28960026	1.28912256	
478	1.28873444	1.28858037	
478.2	1.28782619	1.28803841	
478.4	1.28719218	1.28749668	
478.6	1.28677482	1.28695518	
478.8	1.28599228	1.2864139	
479	1.28532279	1.28587286	
479.2	1.28507938	1.28533204	
479.4	1.28508189	1.28479144	
479.6	1.28502722	1.28425108	
479.8	1.28474312	1.28371094	
