Conc1	5.95E-09	
Start1	300	
Stop1	539.8	
Kobs	0.00443076591604262	
Error Kobs	4.69129931370029E-05	
Koff	0	
Error Koff	0	
Time1	Data1	Fit1	
300	-0.00192359	0	
300.2	-0.00217738	0.00014696	
300.4	-0.00212557	0.00029379	
300.6	-0.00224589	0.00044048	
300.8	-0.00209841	0.00058704	
301	-0.00189102	0.00073346	
301.2	-0.00183882	0.00087974	
301.4	-0.00138818	0.00102589	
301.6	-0.00133775	0.00117191	
301.8	-0.00110654	0.00131779	
302	-0.00013371	0.00146353	
302.2	0.0002841	0.00160914	
302.4	0.00014299	0.00175461	
302.6	0.00048558	0.00189995	
302.8	0.00044896	0.00204516	
303	0.0000631	0.00219023	
303.2	0.00040353	0.00233516	
303.4	0.00064106	0.00247996	
303.6	0.00055156	0.00262463	
303.8	0.00032405	0.00276916	
304	0.0002879	0.00291356	
304.2	0.00036724	0.00305783	
304.4	0.0005341	0.00320196	
304.6	0.00026253	0.00334596	
304.8	0.00044292	0.00348983	
305	0.00053412	0.00363356	
305.2	0.00088427	0.00377716	
305.4	0.00096719	0.00392062	
305.6	0.00138119	0.00406396	
305.8	0.00211967	0.00420716	
306	0.00267006	0.00435022	
306.2	0.00271065	0.00449316	
306.4	0.00294729	0.00463596	
306.6	0.00323397	0.00477863	
306.8	0.00369032	0.00492117	
307	0.00377995	0.00506358	
307.2	0.00433132	0.00520585	
307.4	0.0045303	0.005348	
307.6	0.00480005	0.00549001	
307.8	0.0045985	0.00563189	
308	0.00472823	0.00577364	
308.2	0.00478048	0.00591525	
308.4	0.00451838	0.00605674	
308.6	0.0043102	0.0061981	
308.8	0.00434678	0.00633932	
309	0.00410849	0.00648041	
309.2	0.00448167	0.00662138	
309.4	0.0043046	0.00676221	
309.6	0.0050644	0.00690291	
309.8	0.00505749	0.00704348	
310	0.0048702	0.00718392	
310.2	0.00514368	0.00732423	
310.4	0.00567659	0.00746442	
310.6	0.00623445	0.00760447	
310.8	0.00719443	0.00774439	
311	0.00798731	0.00788418	
311.2	0.00886439	0.00802384	
311.4	0.00948138	0.00816338	
311.6	0.00987487	0.00830278	
311.8	0.01011549	0.00844206	
312	0.01079801	0.0085812	
312.2	0.01086933	0.00872022	
312.4	0.01145822	0.00885911	
312.6	0.01123502	0.00899787	
312.8	0.01116505	0.0091365	
313	0.01109584	0.00927501	
313.2	0.01125926	0.00941338	
313.4	0.01040951	0.00955163	
313.6	0.01028268	0.00968975	
313.8	0.01013972	0.00982774	
314	0.00988607	0.0099656	
314.2	0.00999675	0.01010334	
314.4	0.01012973	0.01024094	
314.6	0.00996837	0.01037842	
314.8	0.00993376	0.01051578	
315	0.00999472	0.010653	
315.2	0.00985196	0.0107901	
315.4	0.00981614	0.01092707	
315.6	0.00945881	0.01106392	
315.8	0.0096536	0.01120064	
316	0.01005018	0.01133723	
316.2	0.01013187	0.01147369	
316.4	0.01059671	0.01161003	
316.6	0.01052648	0.01174625	
316.8	0.01112016	0.01188233	
317	0.01128149	0.01201829	
317.2	0.01103519	0.01215413	
317.4	0.01133851	0.01228984	
317.6	0.01238778	0.01242542	
317.8	0.01315446	0.01256088	
318	0.01365284	0.01269621	
318.2	0.01397085	0.01283142	
318.4	0.0141334	0.0129665	
318.6	0.013933	0.01310145	
318.8	0.01413681	0.01323629	
319	0.01430443	0.01337099	
319.2	0.01416917	0.01350557	
319.4	0.01400031	0.01364003	
319.6	0.01424978	0.01377436	
319.8	0.01441316	0.01390857	
320	0.0145329	0.01404266	
320.2	0.0150097	0.01417662	
320.4	0.01488976	0.01431045	
320.6	0.01497283	0.01444416	
320.8	0.0153233	0.01457775	
321	0.01466347	0.01471122	
321.2	0.01480851	0.01484456	
321.4	0.01531967	0.01497778	
321.6	0.01589061	0.01511087	
321.8	0.01611195	0.01524384	
322	0.01597092	0.01537669	
322.2	0.0159069	0.01550941	
322.4	0.01593251	0.01564201	
322.6	0.01599374	0.01577449	
322.8	0.01692077	0.01590685	
323	0.01692217	0.01603908	
323.2	0.01673816	0.01617119	
323.4	0.01691312	0.01630318	
323.6	0.01695032	0.01643505	
323.8	0.01690806	0.01656679	
324	0.01738025	0.01669842	
324.2	0.01740632	0.01682992	
324.4	0.01661149	0.0169613	
324.6	0.0168846	0.01709255	
324.8	0.01685128	0.01722369	
325	0.01653261	0.0173547	
325.2	0.01697555	0.0174856	
325.4	0.01692113	0.01761637	
325.6	0.01717819	0.01774702	
325.8	0.01723908	0.01787755	
326	0.01705829	0.01800796	
326.2	0.01729695	0.01813824	
326.4	0.01773657	0.01826841	
326.6	0.01819216	0.01839846	
326.8	0.01844051	0.01852839	
327	0.01828311	0.01865819	
327.2	0.01824153	0.01878788	
327.4	0.01832052	0.01891744	
327.6	0.01859241	0.01904689	
327.8	0.01935426	0.01917621	
328	0.01983447	0.01930542	
328.2	0.01974468	0.01943451	
328.4	0.02016557	0.01956347	
328.6	0.02073086	0.01969232	
328.8	0.020579	0.01982105	
329	0.02065488	0.01994966	
329.2	0.02066548	0.02007815	
329.4	0.02083799	0.02020652	
329.6	0.02148041	0.02033477	
329.8	0.02183947	0.02046291	
330	0.02227159	0.02059092	
330.2	0.02274049	0.02071882	
330.4	0.02302994	0.02084659	
330.6	0.02304427	0.02097425	
330.8	0.02303453	0.02110179	
331	0.02319059	0.02122922	
331.2	0.02345541	0.02135652	
331.4	0.02366899	0.02148371	
331.6	0.02411404	0.02161078	
331.8	0.02440353	0.02173773	
332	0.02463348	0.02186456	
332.2	0.02434235	0.02199128	
332.4	0.0245249	0.02211788	
332.6	0.02425706	0.02224436	
332.8	0.02399146	0.02237073	
333	0.02381453	0.02249698	
333.2	0.02428046	0.02262311	
333.4	0.02451937	0.02274912	
333.6	0.02511265	0.02287502	
333.8	0.02550834	0.0230008	
334	0.02606377	0.02312646	
334.2	0.02633091	0.02325201	
334.4	0.02678081	0.02337744	
334.6	0.02681973	0.02350276	
334.8	0.02693588	0.02362796	
335	0.02663411	0.02375304	
335.2	0.02674206	0.02387801	
335.4	0.0266453	0.02400286	
335.6	0.02661429	0.0241276	
335.8	0.0266843	0.02425222	
336	0.02679497	0.02437673	
336.2	0.0264939	0.02450112	
336.4	0.02696867	0.02462539	
336.6	0.02661284	0.02474955	
336.8	0.0267372	0.0248736	
337	0.02662582	0.02499753	
337.2	0.02701423	0.02512134	
337.4	0.02737451	0.02524504	
337.6	0.02756035	0.02536863	
337.8	0.02777013	0.0254921	
338	0.02825775	0.02561546	
338.2	0.02882817	0.0257387	
338.4	0.02900171	0.02586183	
338.6	0.02830979	0.02598485	
338.8	0.02861436	0.02610775	
339	0.02840719	0.02623053	
339.2	0.02850708	0.02635321	
339.4	0.02878429	0.02647577	
339.6	0.02877981	0.02659821	
339.8	0.02864779	0.02672055	
340	0.02916246	0.02684277	
340.2	0.02893294	0.02696487	
340.4	0.02926457	0.02708687	
340.6	0.02905924	0.02720875	
340.8	0.02954154	0.02733052	
341	0.02933971	0.02745217	
341.2	0.03009525	0.02757371	
341.4	0.03058786	0.02769514	
341.6	0.0307966	0.02781646	
341.8	0.03100104	0.02793767	
342	0.03141346	0.02805876	
342.2	0.03149182	0.02817974	
342.4	0.03118437	0.02830061	
342.6	0.03092483	0.02842136	
342.8	0.03143781	0.02854201	
343	0.0314444	0.02866254	
343.2	0.03105396	0.02878296	
343.4	0.03096184	0.02890327	
343.6	0.03029349	0.02902347	
343.8	0.03014027	0.02914356	
344	0.02997328	0.02926354	
344.2	0.02984213	0.0293834	
344.4	0.02968988	0.02950315	
344.6	0.02957086	0.0296228	
344.8	0.02996195	0.02974233	
345	0.03062033	0.02986175	
345.2	0.03170867	0.02998106	
345.4	0.03227848	0.03010026	
345.6	0.03285362	0.03021935	
345.8	0.03305737	0.03033833	
346	0.03362622	0.0304572	
346.2	0.03391964	0.03057596	
346.4	0.03373504	0.03069461	
346.6	0.03423472	0.03081315	
346.8	0.0348824	0.03093158	
347	0.03517095	0.0310499	
347.2	0.03502919	0.03116811	
347.4	0.03512771	0.03128621	
347.6	0.03488765	0.03140421	
347.8	0.03496485	0.03152209	
348	0.03446534	0.03163986	
348.2	0.03456738	0.03175753	
348.4	0.03409177	0.03187508	
348.6	0.03433203	0.03199253	
348.8	0.03451435	0.03210987	
349	0.0351919	0.0322271	
349.2	0.03509287	0.03234422	
349.4	0.03456285	0.03246123	
349.6	0.03419716	0.03257813	
349.8	0.03410379	0.03269493	
350	0.03388198	0.03281162	
350.2	0.03362133	0.0329282	
350.4	0.03350905	0.03304467	
350.6	0.03358473	0.03316103	
350.8	0.0339827	0.03327729	
351	0.0340345	0.03339343	
351.2	0.03430748	0.03350947	
351.4	0.03420958	0.03362541	
351.6	0.03433968	0.03374123	
351.8	0.03445239	0.03385695	
352	0.03485354	0.03397256	
352.2	0.03560451	0.03408807	
352.4	0.03586292	0.03420346	
352.6	0.03643374	0.03431876	
352.8	0.0368675	0.03443394	
353	0.03746471	0.03454902	
353.2	0.03720676	0.03466399	
353.4	0.03707896	0.03477885	
353.6	0.03714333	0.03489361	
353.8	0.03751405	0.03500826	
354	0.03759238	0.0351228	
354.2	0.03762631	0.03523724	
354.4	0.03804621	0.03535158	
354.6	0.03837893	0.0354658	
354.8	0.03884609	0.03557993	
355	0.03888965	0.03569394	
355.2	0.03890507	0.03580785	
355.4	0.0390116	0.03592166	
355.6	0.03936843	0.03603536	
355.8	0.03989268	0.03614895	
356	0.04068512	0.03626244	
356.2	0.04071079	0.03637582	
356.4	0.0403363	0.0364891	
356.6	0.04075858	0.03660228	
356.8	0.04060494	0.03671534	
357	0.04013338	0.03682831	
357.2	0.0401905	0.03694117	
357.4	0.03969602	0.03705392	
357.6	0.0388567	0.03716658	
357.8	0.03901769	0.03727912	
358	0.03917899	0.03739156	
358.2	0.03947336	0.0375039	
358.4	0.03999435	0.03761614	
358.6	0.04013924	0.03772827	
358.8	0.03964148	0.03784029	
359	0.03994424	0.03795222	
359.2	0.03996412	0.03806403	
359.4	0.04049225	0.03817575	
359.6	0.04100188	0.03828736	
359.8	0.0415408	0.03839887	
360	0.0415485	0.03851028	
360.2	0.04143423	0.03862158	
360.4	0.04158746	0.03873278	
360.6	0.04178452	0.03884387	
360.8	0.04181132	0.03895487	
361	0.04183965	0.03906576	
361.2	0.04227323	0.03917655	
361.4	0.04164678	0.03928723	
361.6	0.04217198	0.03939781	
361.8	0.04329838	0.03950829	
362	0.04364123	0.03961867	
362.2	0.04374718	0.03972895	
362.4	0.04374355	0.03983912	
362.6	0.04383866	0.03994919	
362.8	0.04363734	0.04005916	
363	0.0439247	0.04016903	
363.2	0.04345849	0.0402788	
363.4	0.04354635	0.04038846	
363.6	0.04373028	0.04049802	
363.8	0.0435689	0.04060749	
364	0.04366162	0.04071685	
364.2	0.04405371	0.04082611	
364.4	0.04434516	0.04093526	
364.6	0.04423553	0.04104432	
364.8	0.0448122	0.04115328	
365	0.0450174	0.04126213	
365.2	0.0451839	0.04137088	
365.4	0.04535105	0.04147954	
365.6	0.04660232	0.04158809	
365.8	0.04710528	0.04169654	
366	0.04660687	0.04180489	
366.2	0.04705403	0.04191314	
366.4	0.04703968	0.0420213	
366.6	0.0470423	0.04212935	
366.8	0.04702624	0.0422373	
367	0.04643652	0.04234515	
367.2	0.04634228	0.0424529	
367.4	0.04678372	0.04256055	
367.6	0.0473913	0.0426681	
367.8	0.04730864	0.04277555	
368	0.04762421	0.04288291	
368.2	0.04744569	0.04299016	
368.4	0.0473044	0.04309731	
368.6	0.04723903	0.04320437	
368.8	0.04760166	0.04331132	
369	0.04775471	0.04341818	
369.2	0.04769661	0.04352494	
369.4	0.04770344	0.0436316	
369.6	0.04823634	0.04373816	
369.8	0.04816345	0.04384462	
370	0.04770695	0.04395098	
370.2	0.047823	0.04405724	
370.4	0.04730945	0.04416341	
370.6	0.04723477	0.04426948	
370.8	0.04731925	0.04437545	
371	0.04735137	0.04448132	
371.2	0.04827694	0.04458709	
371.4	0.04830683	0.04469276	
371.6	0.04854708	0.04479834	
371.8	0.04830098	0.04490382	
372	0.04830014	0.0450092	
372.2	0.04858439	0.04511449	
372.4	0.04907332	0.04521967	
372.6	0.04903622	0.04532476	
372.8	0.04918852	0.04542975	
373	0.04958477	0.04553465	
373.2	0.04982762	0.04563945	
373.4	0.04989575	0.04574415	
373.6	0.05020224	0.04584875	
373.8	0.05026612	0.04595326	
374	0.04998876	0.04605767	
374.2	0.05021663	0.04616198	
374.4	0.05000585	0.0462662	
374.6	0.04993432	0.04637032	
374.8	0.05022	0.04647434	
375	0.05041172	0.04657827	
375.2	0.04982508	0.0466821	
375.4	0.04944216	0.04678583	
375.6	0.04942542	0.04688947	
375.8	0.04951455	0.04699301	
376	0.04902982	0.04709646	
376.2	0.0493249	0.04719981	
376.4	0.04892839	0.04730307	
376.6	0.04878056	0.04740623	
376.8	0.04937434	0.04750929	
377	0.0500214	0.04761226	
377.2	0.05059645	0.04771513	
377.4	0.05087958	0.04781791	
377.6	0.05087741	0.0479206	
377.8	0.05126816	0.04802318	
378	0.05088205	0.04812568	
378.2	0.05115481	0.04822807	
378.4	0.0509428	0.04833038	
378.6	0.05096109	0.04843259	
378.8	0.05145155	0.0485347	
379	0.05114014	0.04863672	
379.2	0.05106722	0.04873864	
379.4	0.05143294	0.04884048	
379.6	0.05138529	0.04894221	
379.8	0.05177851	0.04904385	
380	0.05179652	0.0491454	
380.2	0.05192307	0.04924686	
380.4	0.05219799	0.04934822	
380.6	0.05293097	0.04944948	
380.8	0.05299683	0.04955065	
381	0.05337393	0.04965173	
381.2	0.05328022	0.04975272	
381.4	0.05320077	0.04985361	
381.6	0.05273347	0.04995441	
381.8	0.05270642	0.05005511	
382	0.05204096	0.05015572	
382.2	0.05230452	0.05025624	
382.4	0.05235622	0.05035667	
382.6	0.0521249	0.050457	
382.8	0.05222195	0.05055724	
383	0.05213306	0.05065738	
383.2	0.05232754	0.05075744	
383.4	0.05201016	0.0508574	
383.6	0.05218327	0.05095727	
383.8	0.05219861	0.05105704	
384	0.05225368	0.05115673	
384.2	0.05247903	0.05125632	
384.4	0.05244675	0.05135582	
384.6	0.05218014	0.05145522	
384.8	0.05190697	0.05155454	
385	0.05280026	0.05165376	
385.2	0.05254732	0.05175289	
385.4	0.0530354	0.05185193	
385.6	0.05286524	0.05195088	
385.8	0.05339542	0.05204973	
386	0.05317103	0.0521485	
386.2	0.05325778	0.05224717	
386.4	0.05329216	0.05234575	
386.6	0.05294161	0.05244424	
386.8	0.05306133	0.05254264	
387	0.05373952	0.05264095	
387.2	0.05366078	0.05273917	
387.4	0.05402852	0.05283729	
387.6	0.05483085	0.05293533	
387.8	0.05572912	0.05303327	
388	0.05662001	0.05313113	
388.2	0.05717719	0.05322889	
388.4	0.05670845	0.05332656	
388.6	0.0567871	0.05342414	
388.8	0.05726923	0.05352163	
389	0.05801224	0.05361904	
389.2	0.05786709	0.05371635	
389.4	0.05837451	0.05381357	
389.6	0.05850435	0.0539107	
389.8	0.05882208	0.05400774	
390	0.05846267	0.05410469	
390.2	0.05839289	0.05420155	
390.4	0.05821134	0.05429832	
390.6	0.05790022	0.05439501	
390.8	0.05751984	0.0544916	
391	0.0575134	0.0545881	
391.2	0.05705832	0.05468452	
391.4	0.057815	0.05478084	
391.6	0.05795338	0.05487707	
391.8	0.05861662	0.05497322	
392	0.05813903	0.05506928	
392.2	0.05753576	0.05516525	
392.4	0.05725703	0.05526113	
392.6	0.0570042	0.05535692	
392.8	0.05745467	0.05545262	
393	0.05804652	0.05554823	
393.2	0.05815869	0.05564376	
393.4	0.0587987	0.05573919	
393.6	0.05901684	0.05583454	
393.8	0.05933469	0.0559298	
394	0.05909113	0.05602497	
394.2	0.05927308	0.05612005	
394.4	0.05907574	0.05621505	
394.6	0.05869167	0.05630996	
394.8	0.05832923	0.05640477	
395	0.05855863	0.05649951	
395.2	0.05871511	0.05659415	
395.4	0.05895237	0.05668871	
395.6	0.05938908	0.05678317	
395.8	0.06000861	0.05687756	
396	0.05976381	0.05697185	
396.2	0.05974057	0.05706606	
396.4	0.06022055	0.05716017	
396.6	0.06045535	0.05725421	
396.8	0.06073827	0.05734815	
397	0.06083714	0.05744201	
397.2	0.06074546	0.05753578	
397.4	0.06091223	0.05762946	
397.6	0.06109857	0.05772306	
397.8	0.06141407	0.05781657	
398	0.06149984	0.05791	
398.2	0.06192622	0.05800333	
398.4	0.06213471	0.05809658	
398.6	0.062234	0.05818975	
398.8	0.06239373	0.05828283	
399	0.06259934	0.05837582	
399.2	0.06250277	0.05846873	
399.4	0.06238687	0.05856155	
399.6	0.06286272	0.05865428	
399.8	0.06261013	0.05874693	
400	0.06284287	0.05883949	
400.2	0.06264048	0.05893197	
400.4	0.06277203	0.05902436	
400.6	0.06326603	0.05911666	
400.8	0.06312452	0.05920889	
401	0.06290432	0.05930102	
401.2	0.0629748	0.05939307	
401.4	0.06306269	0.05948503	
401.6	0.06385271	0.05957691	
401.8	0.06441735	0.05966871	
402	0.06471944	0.05976042	
402.2	0.06472495	0.05985204	
402.4	0.06482982	0.05994358	
402.6	0.06518038	0.06003503	
402.8	0.06526237	0.0601264	
403	0.06512661	0.06021769	
403.2	0.06456703	0.06030889	
403.4	0.06427826	0.0604	
403.6	0.06397631	0.06049104	
403.8	0.0640808	0.06058198	
404	0.06438916	0.06067285	
404.2	0.06405624	0.06076363	
404.4	0.06436869	0.06085432	
404.6	0.06469207	0.06094493	
404.8	0.06427194	0.06103546	
405	0.064485	0.0611259	
405.2	0.06455771	0.06121626	
405.4	0.06472508	0.06130654	
405.6	0.06557713	0.06139673	
405.8	0.06579774	0.06148684	
406	0.06569692	0.06157686	
406.2	0.06586094	0.06166681	
406.4	0.06615103	0.06175666	
406.6	0.0667994	0.06184644	
406.8	0.06610534	0.06193613	
407	0.06563755	0.06202574	
407.2	0.065405	0.06211527	
407.4	0.0652986	0.06220471	
407.6	0.06521949	0.06229407	
407.8	0.06533931	0.06238335	
408	0.06490142	0.06247254	
408.2	0.06474962	0.06256166	
408.4	0.06478722	0.06265069	
408.6	0.06480622	0.06273963	
408.8	0.06488366	0.0628285	
409	0.0650453	0.06291728	
409.2	0.06540836	0.06300598	
409.4	0.06584507	0.0630946	
409.6	0.06648102	0.06318314	
409.8	0.06655267	0.06327159	
410	0.06716125	0.06335996	
410.2	0.06728769	0.06344826	
410.4	0.06713919	0.06353646	
410.6	0.06730039	0.06362459	
410.8	0.06706868	0.06371264	
411	0.06720735	0.0638006	
411.2	0.06741434	0.06388848	
411.4	0.06750996	0.06397629	
411.6	0.06728065	0.06406401	
411.8	0.06694668	0.06415164	
412	0.06679832	0.0642392	
412.2	0.06686917	0.06432668	
412.4	0.06664493	0.06441407	
412.6	0.06674656	0.06450139	
412.8	0.0667096	0.06458862	
413	0.06656315	0.06467577	
413.2	0.06696674	0.06476285	
413.4	0.06666121	0.06484984	
413.6	0.06674354	0.06493675	
413.8	0.06657078	0.06502358	
414	0.06692471	0.06511033	
414.2	0.06716133	0.065197	
414.4	0.06719571	0.06528359	
414.6	0.06726748	0.0653701	
414.8	0.06737869	0.06545653	
415	0.06745663	0.06554288	
415.2	0.06772561	0.06562915	
415.4	0.06804292	0.06571534	
415.6	0.06793763	0.06580145	
415.8	0.06828859	0.06588748	
416	0.06856339	0.06597343	
416.2	0.06918564	0.0660593	
416.4	0.06960557	0.06614509	
416.6	0.0698796	0.0662308	
416.8	0.06968189	0.06631643	
417	0.06950329	0.06640198	
417.2	0.06933508	0.06648746	
417.4	0.06961004	0.06657285	
417.6	0.06937485	0.06665817	
417.8	0.06915518	0.0667434	
418	0.06930206	0.06682856	
418.2	0.06935569	0.06691364	
418.4	0.06888443	0.06699864	
418.6	0.06881192	0.06708356	
418.8	0.0691161	0.0671684	
419	0.0692766	0.06725317	
419.2	0.06955506	0.06733785	
419.4	0.06995669	0.06742246	
419.6	0.07021471	0.06750699	
419.8	0.070792	0.06759144	
420	0.070792	0.06767581	
420.2	0.06991863	0.06761587	
420.4	0.06945976	0.06755598	
420.6	0.06917278	0.06749614	
420.8	0.06871856	0.06743635	
421	0.06855478	0.06737662	
421.2	0.06821959	0.06731694	
421.4	0.06800559	0.06725731	
421.6	0.06755784	0.06719774	
421.8	0.06747241	0.06713822	
422	0.06704609	0.06707875	
422.2	0.06679874	0.06701933	
422.4	0.06655639	0.06695997	
422.6	0.0672733	0.06690066	
422.8	0.06751938	0.0668414	
423	0.06831305	0.0667822	
423.2	0.06873941	0.06672304	
423.4	0.06962228	0.06666394	
423.6	0.069348	0.0666049	
423.8	0.0698873	0.0665459	
424	0.06936322	0.06648696	
424.2	0.06949639	0.06642806	
424.4	0.06992347	0.06636922	
424.6	0.07041537	0.06631044	
424.8	0.07054119	0.0662517	
425	0.07073971	0.06619302	
425.2	0.07068985	0.06613439	
425.4	0.0704469	0.06607581	
425.6	0.07011214	0.06601728	
425.8	0.06959789	0.06595881	
426	0.0687452	0.06590038	
426.2	0.06890254	0.06584201	
426.4	0.06884393	0.06578369	
426.6	0.06884438	0.06572542	
426.8	0.06854963	0.0656672	
427	0.06844833	0.06560904	
427.2	0.06807809	0.06555093	
427.4	0.06752911	0.06549286	
427.6	0.06749595	0.06543485	
427.8	0.06737822	0.06537689	
428	0.06705839	0.06531898	
428.2	0.06699698	0.06526113	
428.4	0.0668097	0.06520332	
428.6	0.06674137	0.06514557	
428.8	0.06654842	0.06508786	
429	0.06632892	0.06503021	
429.2	0.06594593	0.06497261	
429.4	0.06558191	0.06491506	
429.6	0.0653473	0.06485756	
429.8	0.06500157	0.06480011	
430	0.06544484	0.06474271	
430.2	0.06610517	0.06468537	
430.4	0.0660585	0.06462807	
430.6	0.06637958	0.06457083	
430.8	0.06605556	0.06451363	
431	0.0657898	0.06445649	
431.2	0.06560247	0.0643994	
431.4	0.06570383	0.06434235	
431.6	0.06591313	0.06428536	
431.8	0.06533132	0.06422842	
432	0.06496361	0.06417153	
432.2	0.0651095	0.06411469	
432.4	0.06502805	0.0640579	
432.6	0.0650506	0.06400116	
432.8	0.06484777	0.06394447	
433	0.06492443	0.06388783	
433.2	0.06456032	0.06383124	
433.4	0.06490723	0.0637747	
433.6	0.06537175	0.06371821	
433.8	0.06558347	0.06366177	
434	0.06604655	0.06360538	
434.2	0.06629612	0.06354904	
434.4	0.06621249	0.06349276	
434.6	0.06621446	0.06343652	
434.8	0.06554839	0.06338033	
435	0.06547699	0.06332419	
435.2	0.06493595	0.0632681	
435.4	0.06466089	0.06321206	
435.6	0.06356959	0.06315607	
435.8	0.06342307	0.06310012	
436	0.06318719	0.06304423	
436.2	0.0630245	0.06298839	
436.4	0.06271613	0.0629326	
436.6	0.06232426	0.06287685	
436.8	0.06186071	0.06282116	
437	0.06214874	0.06276552	
437.2	0.06175865	0.06270992	
437.4	0.0625434	0.06265438	
437.6	0.06273449	0.06259888	
437.8	0.06232501	0.06254343	
438	0.06247627	0.06248803	
438.2	0.06271174	0.06243268	
438.4	0.06245375	0.06237738	
438.6	0.06253924	0.06232213	
438.8	0.06230454	0.06226693	
439	0.06237111	0.06221177	
439.2	0.0623891	0.06215667	
439.4	0.06267581	0.06210161	
439.6	0.06245151	0.06204661	
439.8	0.06282836	0.06199165	
440	0.06294488	0.06193674	
440.2	0.06246375	0.06188188	
440.4	0.06229253	0.06182707	
440.6	0.06190523	0.0617723	
440.8	0.06165211	0.06171759	
441	0.06144795	0.06166292	
441.2	0.06123254	0.0616083	
441.4	0.06140811	0.06155373	
441.6	0.06092233	0.06149921	
441.8	0.06059819	0.06144473	
442	0.06036944	0.06139031	
442.2	0.0602592	0.06133593	
442.4	0.06029095	0.0612816	
442.6	0.06062572	0.06122732	
442.8	0.06057844	0.06117309	
443	0.06060157	0.0611189	
443.2	0.06079859	0.06106477	
443.4	0.0612148	0.06101068	
443.6	0.06105237	0.06095664	
443.8	0.06082185	0.06090265	
444	0.06110682	0.0608487	
444.2	0.06107298	0.0607948	
444.4	0.06120148	0.06074095	
444.6	0.06126733	0.06068715	
444.8	0.06095799	0.0606334	
445	0.06088124	0.06057969	
445.2	0.06099931	0.06052603	
445.4	0.06111414	0.06047242	
445.6	0.06098399	0.06041886	
445.8	0.06074631	0.06036534	
446	0.06051564	0.06031187	
446.2	0.06089446	0.06025845	
446.4	0.06136888	0.06020507	
446.6	0.06135	0.06015175	
446.8	0.06110218	0.06009847	
447	0.06080411	0.06004523	
447.2	0.06051467	0.05999205	
447.4	0.06043543	0.05993891	
447.6	0.05955976	0.05988582	
447.8	0.05974924	0.05983277	
448	0.06009664	0.05977978	
448.2	0.05993277	0.05972682	
448.4	0.05936575	0.05967392	
448.6	0.05891822	0.05962106	
448.8	0.05866293	0.05956825	
449	0.05858569	0.05951549	
449.2	0.05847982	0.05946277	
449.4	0.05865818	0.0594101	
449.6	0.05818606	0.05935748	
449.8	0.05820024	0.0593049	
450	0.0583132	0.05925237	
450.2	0.05852948	0.05919989	
450.4	0.05836303	0.05914745	
450.6	0.05804023	0.05909506	
450.8	0.05792487	0.05904272	
451	0.05784492	0.05899042	
451.2	0.05780427	0.05893817	
451.4	0.05830796	0.05888597	
451.6	0.05859132	0.05883381	
451.8	0.05947173	0.05878169	
452	0.05923412	0.05872963	
452.2	0.05902189	0.05867761	
452.4	0.05897889	0.05862563	
452.6	0.05886759	0.0585737	
452.8	0.05910076	0.05852182	
453	0.05875617	0.05846999	
453.2	0.05843783	0.0584182	
453.4	0.05823092	0.05836645	
453.6	0.05767342	0.05831475	
453.8	0.05763341	0.0582631	
454	0.05698874	0.05821149	
454.2	0.05650206	0.05815993	
454.4	0.05605509	0.05810842	
454.6	0.05546379	0.05805694	
454.8	0.05526219	0.05800552	
455	0.05501551	0.05795414	
455.2	0.05498431	0.05790281	
455.4	0.05500354	0.05785152	
455.6	0.05520101	0.05780028	
455.8	0.05547847	0.05774908	
456	0.05509077	0.05769793	
456.2	0.05508099	0.05764682	
456.4	0.05498323	0.05759576	
456.6	0.05465654	0.05754474	
456.8	0.05497254	0.05749377	
457	0.05448178	0.05744285	
457.2	0.0544793	0.05739197	
457.4	0.05477771	0.05734113	
457.6	0.05494029	0.05729034	
457.8	0.05486626	0.0572396	
458	0.05412789	0.05718889	
458.2	0.05373301	0.05713824	
458.4	0.05394125	0.05708763	
458.6	0.05352053	0.05703706	
458.8	0.05344507	0.05698654	
459	0.05327983	0.05693606	
459.2	0.05335016	0.05688563	
459.4	0.05347796	0.05683525	
459.6	0.05362682	0.0567849	
459.8	0.05426314	0.05673461	
460	0.05381047	0.05668435	
460.2	0.05418635	0.05663414	
460.4	0.05438212	0.05658398	
460.6	0.05443269	0.05653386	
460.8	0.05499433	0.05648378	
461	0.05485823	0.05643375	
461.2	0.05510106	0.05638377	
461.4	0.05536243	0.05633382	
461.6	0.0552001	0.05628393	
461.8	0.05458456	0.05623407	
462	0.05439196	0.05618426	
462.2	0.05485844	0.0561345	
462.4	0.05495913	0.05608477	
462.6	0.05486281	0.0560351	
462.8	0.05481251	0.05598546	
463	0.05481854	0.05593587	
463.2	0.05465999	0.05588633	
463.4	0.05444584	0.05583683	
463.6	0.05420831	0.05578737	
463.8	0.0544402	0.05573795	
464	0.05405535	0.05568858	
464.2	0.05459185	0.05563926	
464.4	0.05441193	0.05558997	
464.6	0.05429512	0.05554073	
464.8	0.05389496	0.05549154	
465	0.05375307	0.05544238	
465.2	0.05377723	0.05539328	
465.4	0.05392082	0.05534421	
465.6	0.0533232	0.05529519	
465.8	0.05353079	0.05524621	
466	0.05380347	0.05519728	
466.2	0.05368408	0.05514838	
466.4	0.05351776	0.05509954	
466.6	0.05399617	0.05505073	
466.8	0.05381072	0.05500197	
467	0.05355615	0.05495325	
467.2	0.05346663	0.05490458	
467.4	0.05352641	0.05485594	
467.6	0.05354929	0.05480735	
467.8	0.05396265	0.05475881	
468	0.0536601	0.0547103	
468.2	0.05348367	0.05466184	
468.4	0.0530143	0.05461343	
468.6	0.05291593	0.05456505	
468.8	0.05242382	0.05451672	
469	0.05260831	0.05446843	
469.2	0.0525019	0.05442019	
469.4	0.05199743	0.05437198	
469.6	0.05139582	0.05432382	
469.8	0.0515463	0.0542757	
470	0.05078449	0.05422763	
470.2	0.05048034	0.0541796	
470.4	0.05020683	0.05413161	
470.6	0.04999431	0.05408366	
470.8	0.04976336	0.05403575	
471	0.04961043	0.05398789	
471.2	0.04995086	0.05394007	
471.4	0.05056288	0.05389229	
471.6	0.05130021	0.05384456	
471.8	0.05151461	0.05379686	
472	0.05134146	0.05374921	
472.2	0.05186486	0.0537016	
472.4	0.05205024	0.05365404	
472.6	0.05240062	0.05360651	
472.8	0.05277188	0.05355903	
473	0.05269436	0.05351159	
473.2	0.05251053	0.05346419	
473.4	0.05224265	0.05341683	
473.6	0.05222483	0.05336952	
473.8	0.05200431	0.05332225	
474	0.05143341	0.05327502	
474.2	0.05098296	0.05322783	
474.4	0.05040322	0.05318068	
474.6	0.05053037	0.05313357	
474.8	0.05050791	0.05308651	
475	0.05020503	0.05303949	
475.2	0.05055985	0.05299251	
475.4	0.05084599	0.05294557	
475.6	0.05037203	0.05289867	
475.8	0.04979569	0.05285182	
476	0.049448	0.052805	
476.2	0.04939158	0.05275823	
476.4	0.04895269	0.0527115	
476.6	0.04888034	0.05266481	
476.8	0.04895397	0.05261816	
477	0.04847718	0.05257155	
477.2	0.04841414	0.05252499	
477.4	0.04836852	0.05247846	
477.6	0.04877946	0.05243198	
477.8	0.04873596	0.05238554	
478	0.04881321	0.05233914	
478.2	0.0487277	0.05229278	
478.4	0.04934667	0.05224646	
478.6	0.04951774	0.05220018	
478.8	0.04941533	0.05215394	
479	0.04937014	0.05210775	
479.2	0.04975483	0.05206159	
479.4	0.04922177	0.05201548	
479.6	0.04893966	0.05196941	
479.8	0.04888946	0.05192337	
480	0.04914667	0.05187738	
480.2	0.04968833	0.05183143	
480.4	0.04943762	0.05178552	
480.6	0.0498058	0.05173965	
480.8	0.0499275	0.05169382	
481	0.04957304	0.05164803	
481.2	0.04940449	0.05160229	
481.4	0.04932923	0.05155658	
481.6	0.04984469	0.05151091	
481.8	0.04962534	0.05146529	
482	0.04955067	0.0514197	
482.2	0.04943456	0.05137415	
482.4	0.0495038	0.05132865	
482.6	0.04869903	0.05128318	
482.8	0.04842718	0.05123776	
483	0.04859054	0.05119237	
483.2	0.04859565	0.05114703	
483.4	0.04773271	0.05110173	
483.6	0.04789415	0.05105646	
483.8	0.04790823	0.05101124	
484	0.04863001	0.05096605	
484.2	0.0487006	0.05092091	
484.4	0.04822014	0.05087581	
484.6	0.04849167	0.05083074	
484.8	0.04798665	0.05078572	
485	0.0476394	0.05074074	
485.2	0.047894	0.05069579	
485.4	0.04783261	0.05065089	
485.6	0.04808813	0.05060602	
485.8	0.04744347	0.0505612	
486	0.0473553	0.05051641	
486.2	0.0474354	0.05047167	
486.4	0.04723481	0.05042696	
486.6	0.04673552	0.0503823	
486.8	0.04684378	0.05033767	
487	0.0468009	0.05029308	
487.2	0.04624868	0.05024853	
487.4	0.04577644	0.05020403	
487.6	0.04585565	0.05015956	
487.8	0.0458465	0.05011513	
488	0.04629166	0.05007074	
488.2	0.04601277	0.05002639	
488.4	0.04601155	0.04998208	
488.6	0.04591798	0.0499378	
488.8	0.04572424	0.04989357	
489	0.04532214	0.04984938	
489.2	0.04539608	0.04980522	
489.4	0.04498946	0.04976111	
489.6	0.04488718	0.04971703	
489.8	0.04439972	0.04967299	
490	0.04483803	0.04962899	
490.2	0.04537116	0.04958503	
490.4	0.0454297	0.04954111	
490.6	0.04513539	0.04949723	
490.8	0.04503147	0.04945339	
491	0.04495284	0.04940959	
491.2	0.04531948	0.04936582	
491.4	0.04567101	0.04932209	
491.6	0.04578071	0.04927841	
491.8	0.0459538	0.04923476	
492	0.04616548	0.04919115	
492.2	0.04607552	0.04914758	
492.4	0.04576161	0.04910404	
492.6	0.04468377	0.04906055	
492.8	0.04449949	0.04901709	
493	0.04366431	0.04897368	
493.2	0.04400386	0.0489303	
493.4	0.04351253	0.04888696	
493.6	0.04386359	0.04884365	
493.8	0.04343584	0.04880039	
494	0.04374386	0.04875717	
494.2	0.0436635	0.04871398	
494.4	0.04328134	0.04867083	
494.6	0.04300877	0.04862772	
494.8	0.04326131	0.04858465	
495	0.04343705	0.04854161	
495.2	0.043439	0.04849862	
495.4	0.04306849	0.04845566	
495.6	0.04304787	0.04841274	
495.8	0.04314578	0.04836985	
496	0.04335443	0.04832701	
496.2	0.04328374	0.0482842	
496.4	0.04301687	0.04824144	
496.6	0.04299453	0.04819871	
496.8	0.04370516	0.04815601	
497	0.04374311	0.04811336	
497.2	0.04485773	0.04807074	
497.4	0.04435036	0.04802816	
497.6	0.04507816	0.04798562	
497.8	0.04515109	0.04794312	
498	0.04567767	0.04790065	
498.2	0.04592985	0.04785822	
498.4	0.04588842	0.04781583	
498.6	0.04597928	0.04777348	
498.8	0.04581207	0.04773116	
499	0.04526199	0.04768888	
499.2	0.04476037	0.04764664	
499.4	0.04429737	0.04760444	
499.6	0.04421177	0.04756227	
499.8	0.04399202	0.04752014	
500	0.04374383	0.04747805	
500.2	0.04432175	0.047436	
500.4	0.0439708	0.04739398	
500.6	0.04405146	0.047352	
500.8	0.04436733	0.04731006	
501	0.04423585	0.04726815	
501.2	0.04467966	0.04722629	
501.4	0.04444586	0.04718445	
501.6	0.04538543	0.04714266	
501.8	0.04590887	0.0471009	
502	0.04596282	0.04705918	
502.2	0.04630691	0.0470175	
502.4	0.0459918	0.04697585	
502.6	0.04592964	0.04693424	
502.8	0.04553635	0.04689267	
503	0.04497462	0.04685114	
503.2	0.04392613	0.04680964	
503.4	0.04367182	0.04676818	
503.6	0.04318833	0.04672675	
503.8	0.04275257	0.04668536	
504	0.04261983	0.04664401	
504.2	0.04299367	0.04660269	
504.4	0.04200651	0.04656142	
504.6	0.04219702	0.04652017	
504.8	0.04192539	0.04647897	
505	0.04178107	0.0464378	
505.2	0.04203444	0.04639667	
505.4	0.04222868	0.04635557	
505.6	0.04232241	0.04631451	
505.8	0.04227733	0.04627349	
506	0.04237426	0.0462325	
506.2	0.04268508	0.04619155	
506.4	0.04270559	0.04615063	
506.6	0.04275095	0.04610975	
506.8	0.04237564	0.04606891	
507	0.04216398	0.04602811	
507.2	0.04209635	0.04598734	
507.4	0.04262208	0.0459466	
507.6	0.04233511	0.0459059	
507.8	0.04219427	0.04586524	
508	0.04233954	0.04582462	
508.2	0.04244054	0.04578403	
508.4	0.04221167	0.04574347	
508.6	0.04200626	0.04570296	
508.8	0.04217537	0.04566247	
509	0.04199754	0.04562203	
509.2	0.04178547	0.04558162	
509.4	0.04154195	0.04554124	
509.6	0.04147332	0.0455009	
509.8	0.04157534	0.0454606	
510	0.04183487	0.04542033	
510.2	0.04188576	0.0453801	
510.4	0.04163495	0.04533991	
510.6	0.04158044	0.04529975	
510.8	0.04099018	0.04525962	
511	0.0408243	0.04521953	
511.2	0.04117979	0.04517948	
511.4	0.04128819	0.04513946	
511.6	0.04092433	0.04509948	
511.8	0.04115324	0.04505953	
512	0.04119299	0.04501962	
512.2	0.04114882	0.04497974	
512.4	0.04122869	0.0449399	
512.6	0.04081335	0.0449001	
512.8	0.04108097	0.04486032	
513	0.04051474	0.04482059	
513.2	0.04010042	0.04478089	
513.4	0.04004513	0.04474122	
513.6	0.04018397	0.04470159	
513.8	0.04026057	0.044662	
514	0.04041975	0.04462244	
514.2	0.04029703	0.04458291	
514.4	0.04016373	0.04454342	
514.6	0.04002546	0.04450397	
514.8	0.03933265	0.04446455	
515	0.03951396	0.04442516	
515.2	0.03976008	0.04438581	
515.4	0.03949344	0.0443465	
515.6	0.03937068	0.04430722	
515.8	0.03956993	0.04426797	
516	0.03954974	0.04422876	
516.2	0.03974336	0.04418959	
516.4	0.03971669	0.04415044	
516.6	0.03943816	0.04411134	
516.8	0.03936259	0.04407227	
517	0.03883723	0.04403323	
517.2	0.03860227	0.04399423	
517.4	0.03894515	0.04395526	
517.6	0.03918804	0.04391632	
517.8	0.03971332	0.04387742	
518	0.04009855	0.04383856	
518.2	0.040448	0.04379973	
518.4	0.04038957	0.04376093	
518.6	0.04033624	0.04372217	
518.8	0.04019895	0.04368344	
519	0.04021403	0.04364475	
519.2	0.04027961	0.04360609	
519.4	0.04030248	0.04356747	
519.6	0.04029823	0.04352888	
519.8	0.04014625	0.04349032	
520	0.0402148	0.0434518	
520.2	0.04003043	0.04341331	
520.4	0.03997365	0.04337486	
520.6	0.03957546	0.04333644	
520.8	0.03877266	0.04329805	
521	0.0386855	0.0432597	
521.2	0.03845526	0.04322138	
521.4	0.03832788	0.0431831	
521.6	0.03827392	0.04314485	
521.8	0.0385345	0.04310663	
522	0.03874813	0.04306845	
522.2	0.03895944	0.0430303	
522.4	0.03839228	0.04299219	
522.6	0.03839787	0.04295411	
522.8	0.03797334	0.04291606	
523	0.03815914	0.04287805	
523.2	0.03786344	0.04284007	
523.4	0.03755793	0.04280212	
523.6	0.0375796	0.04276421	
523.8	0.0376881	0.04272633	
524	0.03790399	0.04268848	
524.2	0.03783154	0.04265067	
524.4	0.03730159	0.04261289	
524.6	0.03679745	0.04257515	
524.8	0.03660135	0.04253744	
525	0.03682286	0.04249976	
525.2	0.03681744	0.04246211	
525.4	0.03703995	0.0424245	
525.6	0.03712927	0.04238693	
525.8	0.0374548	0.04234938	
526	0.03753462	0.04231187	
526.2	0.03772875	0.04227439	
526.4	0.03776917	0.04223695	
526.6	0.03835719	0.04219953	
526.8	0.03832737	0.04216216	
527	0.0385912	0.04212481	
527.2	0.03809191	0.0420875	
527.4	0.03842548	0.04205022	
527.6	0.03864857	0.04201297	
527.8	0.03888244	0.04197576	
528	0.03864544	0.04193858	
528.2	0.03840297	0.04190143	
528.4	0.03788335	0.04186432	
528.6	0.03796214	0.04182723	
528.8	0.03760276	0.04179019	
529	0.03768159	0.04175317	
529.2	0.03772212	0.04171619	
529.4	0.03795073	0.04167924	
529.6	0.03789311	0.04164232	
529.8	0.03803747	0.04160543	
530	0.03770802	0.04156858	
530.2	0.03820277	0.04153176	
530.4	0.03852264	0.04149497	
530.6	0.0390112	0.04145822	
530.8	0.03873215	0.0414215	
531	0.03843878	0.04138481	
531.2	0.03805509	0.04134815	
531.4	0.0382481	0.04131152	
531.6	0.03804697	0.04127493	
531.8	0.03824049	0.04123837	
532	0.03794959	0.04120185	
532.2	0.03789573	0.04116535	
532.4	0.03735914	0.04112889	
532.6	0.03729406	0.04109246	
532.8	0.03680589	0.04105606	
533	0.03700785	0.04101969	
533.2	0.0370618	0.04098336	
533.4	0.03706132	0.04094706	
533.6	0.03693391	0.04091079	
533.8	0.03664321	0.04087455	
534	0.03646134	0.04083835	
534.2	0.03676985	0.04080217	
534.4	0.03698247	0.04076603	
534.6	0.03653647	0.04072992	
534.8	0.03641696	0.04069385	
535	0.03618328	0.0406578	
535.2	0.03651306	0.04062179	
535.4	0.03702214	0.04058581	
535.6	0.03705465	0.04054986	
535.8	0.03752122	0.04051394	
536	0.03762552	0.04047806	
536.2	0.03757383	0.0404422	
536.4	0.03782133	0.04040638	
536.6	0.03792622	0.04037059	
536.8	0.03798388	0.04033483	
537	0.0377581	0.0402991	
537.2	0.03801047	0.04026341	
537.4	0.03778808	0.04022774	
537.6	0.03759873	0.04019211	
537.8	0.0368231	0.04015651	
538	0.036248	0.04012094	
538.2	0.03553753	0.04008541	
538.4	0.03490835	0.0400499	
538.6	0.03406947	0.04001442	
538.8	0.03402199	0.03997898	
539	0.03356714	0.03994357	
539.2	0.03355634	0.03990819	
539.4	0.03342052	0.03987284	
539.6	0.03322855	0.03983752	
539.8	0.03316752	0.03980224	
