Conc1	3E-07	
Start1	240	
Stop1	479.8	
Kobs	0.00398938283118634	
Error Kobs	5.22146019654848E-05	
Koff	0	
Error Koff	0	
Time1	Data1	Fit1	
240	0.0373491	0	
240.2	0.04032465	0.00732763	
240.4	0.0437656	0.01463838	
240.6	0.04767939	0.02193227	
240.8	0.05245202	0.02920935	
241	0.05720388	0.03646966	
241.2	0.06249735	0.04371323	
241.4	0.06818472	0.0509401	
241.6	0.07447227	0.05815032	
241.8	0.08022573	0.06534392	
242	0.08571219	0.07252093	
242.2	0.09093111	0.07968141	
242.4	0.0966767	0.08682538	
242.6	0.10235403	0.09395288	
242.8	0.10740499	0.10106395	
243	0.11357089	0.10815863	
243.2	0.11960686	0.11523696	
243.4	0.12543294	0.12229897	
243.6	0.13101922	0.12934471	
243.8	0.13660996	0.1363742	
244	0.14218944	0.1433875	
244.2	0.1475959	0.15038462	
244.4	0.15281193	0.15736562	
244.6	0.15828657	0.16433053	
244.8	0.16416316	0.17127938	
245	0.16994223	0.17821222	
245.2	0.1755539	0.18512907	
245.4	0.18122132	0.19202998	
245.6	0.1865751	0.19891499	
245.8	0.19161005	0.20578412	
246	0.19707961	0.21263743	
246.2	0.20285919	0.21947493	
246.4	0.20841029	0.22629668	
246.6	0.21395747	0.2331027	
246.8	0.21946705	0.23989303	
247	0.22547784	0.24666771	
247.2	0.23118621	0.25342678	
247.4	0.23714708	0.26017027	
247.6	0.24250193	0.26689821	
247.8	0.2478811	0.27361064	
248	0.25351848	0.28030761	
248.2	0.25909809	0.28698913	
248.4	0.26461531	0.29365526	
248.6	0.27058147	0.30030602	
248.8	0.27669478	0.30694145	
249	0.28246524	0.31356158	
249.2	0.28758632	0.32016646	
249.4	0.2932943	0.32675611	
249.6	0.29888271	0.33333057	
249.8	0.30494963	0.33988988	
250	0.31071913	0.34643407	
250.2	0.31631629	0.35296318	
250.4	0.32169328	0.35947723	
250.6	0.32756269	0.36597627	
250.8	0.33312573	0.37246033	
251	0.33894723	0.37892945	
251.2	0.34485551	0.38538365	
251.4	0.35070197	0.39182298	
251.6	0.35598465	0.39824746	
251.8	0.36137027	0.40465714	
252	0.36725166	0.41105204	
252.2	0.37297952	0.4174322	
252.4	0.3782594	0.42379765	
252.6	0.3842461	0.43014844	
252.8	0.38997289	0.43648458	
253	0.39522303	0.44280612	
253.2	0.40093741	0.44911309	
253.4	0.40676461	0.45540552	
253.6	0.41240125	0.46168345	
253.8	0.41781328	0.4679469	
254	0.42312354	0.47419592	
254.2	0.42874113	0.48043053	
254.4	0.4343936	0.48665078	
254.6	0.43972599	0.49285669	
254.8	0.44473532	0.49904829	
255	0.45044036	0.50522562	
255.2	0.45613287	0.51138871	
255.4	0.46128965	0.51753759	
255.6	0.4666444	0.52367231	
255.8	0.47234955	0.52979288	
256	0.47812759	0.53589934	
256.2	0.48377628	0.54199173	
256.4	0.48918907	0.54807008	
256.6	0.49529434	0.55413441	
256.8	0.50092477	0.56018477	
257	0.50684143	0.56622118	
257.2	0.51304982	0.57224368	
257.4	0.51907873	0.57825229	
257.6	0.52498839	0.58424706	
257.8	0.53065488	0.590228	
258	0.53650296	0.59619517	
258.2	0.54185575	0.60214857	
258.4	0.54713063	0.60808826	
258.6	0.5521961	0.61401425	
258.8	0.55772131	0.61992659	
259	0.5631981	0.62582529	
259.2	0.56833915	0.6317104	
259.4	0.57345413	0.63758195	
259.6	0.57936118	0.64343996	
259.8	0.58500957	0.64928447	
260	0.59043593	0.6551155	
260.2	0.59591197	0.6609331	
260.4	0.60137379	0.66673728	
260.6	0.60734803	0.67252809	
260.8	0.61349	0.67830555	
261	0.61934925	0.6840697	
261.2	0.62514963	0.68982055	
261.4	0.63099875	0.69555815	
261.6	0.63663186	0.70128253	
261.8	0.64201744	0.70699371	
262	0.64762172	0.71269173	
262.2	0.65291898	0.71837661	
262.4	0.65858077	0.72404839	
262.6	0.66440433	0.7297071	
262.8	0.67011397	0.73535276	
263	0.67529113	0.74098541	
263.2	0.6804934	0.74660508	
263.4	0.68595963	0.75221179	
263.6	0.69103442	0.75780558	
263.8	0.69598509	0.76338647	
264	0.70091306	0.76895451	
264.2	0.7059815	0.7745097	
264.4	0.71123742	0.7800521	
264.6	0.71675456	0.78558172	
264.8	0.72198854	0.79109859	
265	0.72717519	0.79660274	
265.2	0.73249541	0.80209421	
265.4	0.73748928	0.80757302	
265.6	0.74277231	0.81303921	
265.8	0.74833863	0.81849279	
266	0.75434186	0.8239338	
266.2	0.7600497	0.82936227	
266.4	0.7662334	0.83477823	
266.6	0.77245561	0.8401817	
266.8	0.77795352	0.84557272	
267	0.78371795	0.85095132	
267.2	0.78901697	0.85631751	
267.4	0.79429647	0.86167134	
267.6	0.7996914	0.86701282	
267.8	0.80541282	0.872342	
268	0.81074351	0.87765889	
268.2	0.81617093	0.88296352	
268.4	0.82209955	0.88825593	
268.6	0.82765097	0.89353614	
268.8	0.83284457	0.89880418	
269	0.83816724	0.90406007	
269.2	0.84311555	0.90930385	
269.4	0.84822277	0.91453555	
269.6	0.85373674	0.91975518	
269.8	0.85924509	0.92496278	
270	0.86495804	0.93015838	
270.2	0.87046803	0.93534201	
270.4	0.87626892	0.94051368	
270.6	0.8818377	0.94567344	
270.8	0.88704168	0.9508213	
271	0.89269548	0.95595729	
271.2	0.89808209	0.96108145	
271.4	0.90384635	0.9661938	
271.6	0.90962519	0.97129436	
271.8	0.91540974	0.97638317	
272	0.92092911	0.98146024	
272.2	0.92642443	0.98652561	
272.4	0.93211615	0.99157931	
272.6	0.93733273	0.99662136	
272.8	0.9425057	1.00165179	
273	0.94747398	1.00667062	
273.2	0.95290604	1.01167788	
273.4	0.95809727	1.01667361	
273.6	0.96335721	1.02165781	
273.8	0.96837217	1.02663053	
274	0.97364389	1.03159179	
274.2	0.97831847	1.03654161	
274.4	0.98373596	1.04148002	
274.6	0.98896277	1.04640704	
274.8	0.99362922	1.05132272	
275	0.9993234	1.05622706	
275.2	1.00483983	1.06112009	
275.4	1.00990707	1.06600185	
275.6	1.01560963	1.07087236	
275.8	1.02135581	1.07573163	
276	1.02667447	1.08057971	
276.2	1.03210196	1.08541662	
276.4	1.03754371	1.09024237	
276.6	1.04294278	1.095057	
276.8	1.04853589	1.09986053	
277	1.05370124	1.104653	
277.2	1.0592723	1.10943441	
277.4	1.06467494	1.1142048	
277.6	1.07002195	1.1189642	
277.8	1.07494837	1.12371263	
278	1.08002246	1.12845011	
278.2	1.08522308	1.13317667	
278.4	1.09077826	1.13789234	
278.6	1.09578831	1.14259714	
278.8	1.1006259	1.14729109	
279	1.10612565	1.15197423	
279.2	1.1109232	1.15664657	
279.4	1.11604917	1.16130814	
279.6	1.12206713	1.16595896	
279.8	1.12713865	1.17059907	
280	1.132407	1.17522847	
280.2	1.137601	1.17984721	
280.4	1.14270156	1.18445531	
280.6	1.14801249	1.18905278	
280.8	1.15290442	1.19363965	
281	1.15780302	1.19821595	
281.2	1.16297525	1.2027817	
281.4	1.16828484	1.20733693	
281.6	1.17313742	1.21188166	
281.8	1.17767606	1.21641591	
282	1.18271668	1.22093971	
282.2	1.1878848	1.22545309	
282.4	1.19290775	1.22995606	
282.6	1.19734669	1.23444865	
282.8	1.20122999	1.23893089	
283	1.20601285	1.24340279	
283.2	1.21066647	1.24786439	
283.4	1.21579241	1.2523157	
283.6	1.22068772	1.25675676	
283.8	1.2252648	1.26118757	
284	1.23029197	1.26560818	
284.2	1.23511959	1.27001859	
284.4	1.24023231	1.27441884	
284.6	1.24536252	1.27880894	
284.8	1.25022231	1.28318893	
285	1.25599295	1.28755882	
285.2	1.26141892	1.29191864	
285.4	1.26708477	1.2962684	
285.6	1.27227285	1.30060815	
285.8	1.27780844	1.30493789	
286	1.28351887	1.30925764	
286.2	1.28899795	1.31356745	
286.4	1.29401037	1.31786731	
286.6	1.29876713	1.32215727	
286.8	1.30348112	1.32643734	
287	1.30864934	1.33070754	
287.2	1.31359884	1.3349679	
287.4	1.31855051	1.33921844	
287.6	1.32290891	1.34345919	
287.8	1.32773715	1.34769015	
288	1.33249423	1.35191137	
288.2	1.3370346	1.35612285	
288.4	1.34167033	1.36032463	
288.6	1.34627762	1.36451672	
288.8	1.3510012	1.36869915	
289	1.35600386	1.37287194	
289.2	1.3608198	1.37703512	
289.4	1.36602897	1.38118869	
289.6	1.37063457	1.38533269	
289.8	1.37569132	1.38946714	
290	1.38079997	1.39359206	
290.2	1.38570953	1.39770747	
290.4	1.39065815	1.4018134	
290.6	1.39573114	1.40590986	
290.8	1.40057373	1.40999688	
291	1.40545729	1.41407448	
291.2	1.41095311	1.41814268	
291.4	1.41601945	1.4222015	
291.6	1.42110859	1.42625097	
291.8	1.42639193	1.4302911	
292	1.43086751	1.43432192	
292.2	1.43573853	1.43834345	
292.4	1.44032328	1.44235571	
292.6	1.44482716	1.44635872	
292.8	1.4497162	1.45035251	
293	1.45482475	1.45433708	
293.2	1.4593946	1.45831248	
293.4	1.46408744	1.46227871	
293.6	1.46869659	1.4662358	
293.8	1.47308647	1.47018377	
294	1.47779814	1.47412264	
294.2	1.48190388	1.47805243	
294.4	1.48624345	1.48197316	
294.6	1.49079112	1.48588485	
294.8	1.49569436	1.48978753	
295	1.5002741	1.49368121	
295.2	1.50494285	1.49756592	
295.4	1.50930946	1.50144167	
295.6	1.51370351	1.50530849	
295.8	1.51816334	1.50916639	
296	1.52237642	1.51301541	
296.2	1.52728416	1.51685555	
296.4	1.53175139	1.52068684	
296.6	1.53641053	1.5245093	
296.8	1.54152439	1.52832294	
297	1.54639982	1.5321278	
297.2	1.55084097	1.53592389	
297.4	1.5556444	1.53971123	
297.6	1.56027619	1.54348983	
297.8	1.56440334	1.54725973	
298	1.56916024	1.55102094	
298.2	1.57390315	1.55477348	
298.4	1.57871857	1.55851737	
298.6	1.58338675	1.56225263	
298.8	1.58751049	1.56597928	
299	1.59141038	1.56969734	
299.2	1.59530388	1.57340683	
299.4	1.59908531	1.57710777	
299.6	1.60333174	1.58080018	
299.8	1.60777378	1.58448408	
300	1.6119477	1.58815948	
300.2	1.61649607	1.59182642	
300.4	1.62080339	1.5954849	
300.6	1.62492775	1.59913495	
300.8	1.6294762	1.60277659	
301	1.63391891	1.60640983	
301.2	1.63829441	1.6100347	
301.4	1.64303148	1.61365121	
301.6	1.64744902	1.61725938	
301.8	1.65229282	1.62085924	
302	1.65734949	1.62445081	
302.2	1.66241689	1.62803409	
302.4	1.666986	1.63160911	
302.6	1.67116503	1.6351759	
302.8	1.67532253	1.63873446	
303	1.67956815	1.64228482	
303.2	1.68302095	1.645827	
303.4	1.68666609	1.64936101	
303.6	1.69046987	1.65288687	
303.8	1.69393852	1.65640461	
304	1.69795415	1.65991424	
304.2	1.70180101	1.66341578	
304.4	1.7055131	1.66690925	
304.6	1.70932085	1.67039467	
304.8	1.71373493	1.67387205	
305	1.71758382	1.67734142	
305.2	1.72172413	1.68080279	
305.4	1.72579615	1.68425618	
305.6	1.72985675	1.68770161	
305.8	1.73453602	1.6911391	
306	1.73946192	1.69456867	
306.2	1.74350704	1.69799033	
306.4	1.74755481	1.70140411	
306.6	1.75169362	1.70481002	
306.8	1.75598678	1.70820807	
307	1.75971791	1.7115983	
307.2	1.76309424	1.7149807	
307.4	1.76715451	1.71835532	
307.6	1.7707993	1.72172215	
307.8	1.77440495	1.72508122	
308	1.77848672	1.72843256	
308.2	1.7823373	1.73177616	
308.4	1.7868031	1.73511206	
308.6	1.79109106	1.73844027	
308.8	1.79542255	1.74176081	
309	1.79931566	1.74507369	
309.2	1.80405523	1.74837894	
309.4	1.80778284	1.75167657	
309.6	1.81202714	1.7549666	
309.8	1.81644838	1.75824905	
310	1.82030715	1.76152392	
310.2	1.8233894	1.76479126	
310.4	1.82741067	1.76805105	
310.6	1.83160541	1.77130334	
310.8	1.83535165	1.77454813	
311	1.83895787	1.77778544	
311.2	1.84269454	1.78101529	
311.4	1.84656806	1.78423769	
311.6	1.85014267	1.78745267	
311.8	1.8535754	1.79066023	
312	1.85735751	1.7938604	
312.2	1.86116302	1.7970532	
312.4	1.86495156	1.80023863	
312.6	1.86853623	1.80341673	
312.8	1.872241	1.8065875	
313	1.87600252	1.80975095	
313.2	1.87985065	1.81290712	
313.4	1.88287387	1.81605601	
313.6	1.88637569	1.81919765	
313.8	1.89017604	1.82233204	
314	1.89334296	1.82545921	
314.2	1.89690724	1.82857917	
314.4	1.90063964	1.83169194	
314.6	1.90434005	1.83479753	
314.8	1.90774243	1.83789597	
315	1.91165539	1.84098726	
315.2	1.91552198	1.84407143	
315.4	1.91925034	1.84714849	
315.6	1.92289375	1.85021846	
315.8	1.92629387	1.85328135	
316	1.93014275	1.85633718	
316.2	1.93359844	1.85938596	
316.4	1.9371667	1.86242772	
316.6	1.94085777	1.86546247	
316.8	1.94421474	1.86849022	
317	1.94754697	1.871511	
317.2	1.95078515	1.87452481	
317.4	1.95407735	1.87753167	
317.6	1.95784612	1.88053161	
317.8	1.9617122	1.88352462	
318	1.96463853	1.88651074	
318.2	1.96754603	1.88948998	
318.4	1.97090377	1.89246235	
318.6	1.97387682	1.89542787	
318.8	1.97691332	1.89838655	
319	1.9798311	1.90133841	
319.2	1.98304353	1.90428347	
319.4	1.98614759	1.90722174	
319.6	1.9895372	1.91015324	
319.8	1.99341104	1.91307798	
320	1.99693704	1.91599598	
320.2	1.99995595	1.91890726	
320.4	2.00341179	1.92181182	
320.6	2.00691536	1.92470969	
320.8	2.00999492	1.92760088	
321	2.01324323	1.9304854	
321.2	2.01682349	1.93336327	
321.4	2.02090585	1.93623452	
321.6	2.02454115	1.93909914	
321.8	2.02778247	1.94195716	
322	2.0304201	1.94480859	
322.2	2.03367068	1.94765345	
322.4	2.03735679	1.95049176	
322.6	2.03993741	1.95332352	
322.8	2.04298493	1.95614875	
323	2.04605924	1.95896747	
323.2	2.04946219	1.9617797	
323.4	2.05268617	1.96458544	
323.6	2.05616773	1.96738471	
323.8	2.05934786	1.97017754	
324	2.06194702	1.97296392	
324.2	2.06494184	1.97574389	
324.4	2.06789082	1.97851744	
324.6	2.07053141	1.9812846	
324.8	2.07299151	1.98404539	
325	2.07619964	1.98679981	
325.2	2.07897427	1.98954788	
325.4	2.0820569	1.99228961	
325.6	2.08454137	1.99502503	
325.8	2.08697914	1.99775414	
326	2.08945653	2.00047696	
326.2	2.09214262	2.00319351	
326.4	2.09503698	2.00590379	
326.6	2.09782876	2.00860783	
326.8	2.10088563	2.01130563	
327	2.10423118	2.01399722	
327.2	2.1073782	2.0166826	
327.4	2.11034744	2.01936179	
327.6	2.11355109	2.02203481	
327.8	2.11619889	2.02470166	
328	2.11934139	2.02736237	
328.2	2.12216468	2.03001694	
328.4	2.12492547	2.0326654	
328.6	2.1278909	2.03530775	
328.8	2.13112191	2.03794401	
329	2.13454796	2.04057419	
329.2	2.1374007	2.04319831	
329.4	2.1405862	2.04581639	
329.6	2.14342473	2.04842842	
329.8	2.14619298	2.05103444	
330	2.14902012	2.05363445	
330.2	2.15153341	2.05622847	
330.4	2.15421911	2.05881651	
330.6	2.15685191	2.06139858	
330.8	2.15941609	2.0639747	
331	2.16197418	2.06654489	
331.2	2.16442324	2.06910914	
331.4	2.16659727	2.07166749	
331.6	2.1694253	2.07421994	
331.8	2.1718983	2.07676651	
332	2.17430066	2.07930721	
332.2	2.17677822	2.08184205	
332.4	2.17956168	2.08437105	
332.6	2.1822794	2.08689422	
332.8	2.1851747	2.08941158	
333	2.18791348	2.09192313	
333.2	2.19014576	2.09442889	
333.4	2.19245477	2.09692888	
333.6	2.19516079	2.0994231	
333.8	2.1973825	2.10191157	
334	2.19944448	2.10439431	
334.2	2.20128548	2.10687133	
334.4	2.20324942	2.10934264	
334.6	2.20593562	2.11180825	
334.8	2.20823972	2.11426817	
335	2.21038358	2.11672243	
335.2	2.21300365	2.11917103	
335.4	2.21599071	2.12161399	
335.6	2.21909988	2.12405131	
335.8	2.22115676	2.12648302	
336	2.22362803	2.12890912	
336.2	2.22636069	2.13132963	
336.4	2.22874937	2.13374456	
336.6	2.23094841	2.13615393	
336.8	2.23319189	2.13855774	
337	2.23494767	2.14095601	
337.2	2.23643071	2.14334875	
337.4	2.23850957	2.14573597	
337.6	2.24085729	2.1481177	
337.8	2.24262114	2.15049393	
338	2.24499498	2.15286469	
338.2	2.24714614	2.15522998	
338.4	2.24973172	2.15758982	
338.6	2.25217124	2.15994422	
338.8	2.25395835	2.1622932	
339	2.25626318	2.16463676	
339.2	2.259282	2.16697491	
339.4	2.26188132	2.16930768	
339.6	2.26435618	2.17163507	
339.8	2.2667275	2.1739571	
340	2.26935064	2.17627377	
340.2	2.2715138	2.17858511	
340.4	2.27383373	2.18089112	
340.6	2.2756823	2.18319181	
340.8	2.27780098	2.1854872	
341	2.27980603	2.18777729	
341.2	2.28170276	2.19006211	
341.4	2.283731	2.19234167	
341.6	2.28611648	2.19461596	
341.8	2.28831557	2.19688502	
342	2.29020245	2.19914885	
342.2	2.29220183	2.20140745	
342.4	2.29410971	2.20366085	
342.6	2.29591234	2.20590906	
342.8	2.29796979	2.20815209	
343	2.30016157	2.21038994	
343.2	2.30216302	2.21262264	
343.4	2.303807	2.21485019	
343.6	2.30615379	2.21707261	
343.8	2.30789259	2.2192899	
344	2.30921874	2.22150208	
344.2	2.31107704	2.22370917	
344.4	2.3129636	2.22591116	
344.6	2.31447724	2.22810808	
344.8	2.31655006	2.23029994	
345	2.31805447	2.23248674	
345.2	2.3197759	2.23466851	
345.4	2.32151885	2.23684524	
345.6	2.32356669	2.23901696	
345.8	2.32471355	2.24118367	
346	2.32644381	2.24334539	
346.2	2.32843068	2.24550212	
346.4	2.32981703	2.24765389	
346.6	2.33183514	2.24980069	
346.8	2.33335126	2.25194255	
347	2.33490655	2.25407946	
347.2	2.3363354	2.25621146	
347.4	2.33811785	2.25833854	
347.6	2.34004085	2.26046071	
347.8	2.34171906	2.262578	
348	2.34327645	2.2646904	
348.2	2.34547377	2.26679793	
348.4	2.34752756	2.26890061	
348.6	2.34982345	2.27099844	
348.8	2.3517405	2.27309144	
349	2.35349131	2.27517961	
349.2	2.35567751	2.27726296	
349.4	2.35735899	2.27934152	
349.6	2.35887627	2.28141528	
349.8	2.36011186	2.28348427	
350	2.3618588	2.28554848	
350.2	2.36308467	2.28760794	
350.4	2.36426991	2.28966265	
350.6	2.36600677	2.29171262	
350.8	2.36759911	2.29375787	
351	2.36886863	2.2957984	
351.2	2.37022027	2.29783424	
351.4	2.37172783	2.29986537	
351.6	2.37335228	2.30189183	
351.8	2.37491426	2.30391362	
352	2.37610019	2.30593074	
352.2	2.37766802	2.30794322	
352.4	2.37959367	2.30995105	
352.6	2.38127714	2.31195426	
352.8	2.38255019	2.31395285	
353	2.38425055	2.31594684	
353.2	2.38574089	2.31793623	
353.4	2.38706335	2.31992103	
353.6	2.38824427	2.32190126	
353.8	2.38989488	2.32387692	
354	2.39142628	2.32584803	
354.2	2.39300294	2.3278146	
354.4	2.39456867	2.32977663	
354.6	2.39637102	2.33173415	
354.8	2.39787451	2.33368715	
355	2.39926931	2.33563564	
355.2	2.40081265	2.33757965	
355.4	2.40254073	2.33951917	
355.6	2.40412827	2.34145423	
355.8	2.40547964	2.34338482	
356	2.40674226	2.34531097	
356.2	2.40776827	2.34723267	
356.4	2.40933892	2.34914995	
356.6	2.4102407	2.3510628	
356.8	2.41164929	2.35297125	
357	2.41300863	2.3548753	
357.2	2.41396861	2.35677496	
357.4	2.4151111	2.35867024	
357.6	2.41639018	2.36056115	
357.8	2.41799913	2.3624477	
358	2.41923013	2.36432991	
358.2	2.42049163	2.36620777	
358.4	2.42195558	2.36808131	
358.6	2.42320128	2.36995053	
358.8	2.4243102	2.37181544	
359	2.42557073	2.37367605	
359.2	2.42647019	2.37553238	
359.4	2.42754411	2.37738442	
359.6	2.42816182	2.3792322	
359.8	2.42866927	2.38107571	
360	2.42866927	2.38291512	
360.2	2.42666462	2.38101461	
360.4	2.42465575	2.37911561	
360.6	2.42264927	2.37721812	
360.8	2.42050017	2.37532215	
361	2.41758987	2.3734277	
361.2	2.41482285	2.37153475	
361.4	2.41175799	2.36964331	
361.6	2.4088006	2.36775338	
361.8	2.4057578	2.36586496	
362	2.40263328	2.36397805	
362.2	2.39957156	2.36209264	
362.4	2.39606369	2.36020873	
362.6	2.39279034	2.35832632	
362.8	2.38973199	2.35644542	
363	2.38677811	2.35456602	
363.2	2.38396054	2.35268812	
363.4	2.38136037	2.35081171	
363.6	2.37816734	2.3489368	
363.8	2.37524745	2.34706339	
364	2.37229519	2.34519147	
364.2	2.36880095	2.34332104	
364.4	2.36606463	2.3414521	
364.6	2.36295809	2.33958466	
364.8	2.36020586	2.3377187	
365	2.35701087	2.33585424	
365.2	2.35435294	2.33399126	
365.4	2.35175654	2.33212976	
365.6	2.34896066	2.33026975	
365.8	2.34597387	2.32841123	
366	2.34296693	2.32655418	
366.2	2.33962908	2.32469862	
366.4	2.33661519	2.32284454	
366.6	2.33333367	2.32099193	
366.8	2.33014876	2.31914081	
367	2.32682293	2.31729116	
367.2	2.32375314	2.31544298	
367.4	2.32114294	2.31359628	
367.6	2.31805002	2.31175105	
367.8	2.3157131	2.3099073	
368	2.3127812	2.30806501	
368.2	2.30978728	2.30622419	
368.4	2.30730051	2.30438485	
368.6	2.30432372	2.30254696	
368.8	2.3020646	2.30071055	
369	2.29944781	2.2988756	
369.2	2.29700116	2.29704211	
369.4	2.29440824	2.29521009	
369.6	2.29179794	2.29337952	
369.8	2.28928951	2.29155042	
370	2.28639707	2.28972277	
370.2	2.28347953	2.28789658	
370.4	2.28097863	2.28607185	
370.6	2.27782101	2.28424858	
370.8	2.27512955	2.28242676	
371	2.27236328	2.28060639	
371.2	2.26965258	2.27878747	
371.4	2.26736285	2.27697001	
371.6	2.26479742	2.27515399	
371.8	2.26222431	2.27333942	
372	2.25948548	2.2715263	
372.2	2.25710042	2.26971463	
372.4	2.25480115	2.2679044	
372.6	2.25177744	2.26609561	
372.8	2.24928531	2.26428827	
373	2.24677155	2.26248236	
373.2	2.24383321	2.2606779	
373.4	2.24116354	2.25887488	
373.6	2.23858812	2.25707329	
373.8	2.23560567	2.25527315	
374	2.23278065	2.25347444	
374.2	2.23053421	2.25167716	
374.4	2.22792573	2.24988131	
374.6	2.22555115	2.2480869	
374.8	2.22360703	2.24629392	
375	2.22154628	2.24450237	
375.2	2.21897896	2.24271225	
375.4	2.21697784	2.24092356	
375.6	2.21451236	2.23913629	
375.8	2.2124197	2.23735045	
376	2.21038683	2.23556603	
376.2	2.20834876	2.23378303	
376.4	2.20622091	2.23200146	
376.6	2.20381475	2.23022131	
376.8	2.20164031	2.22844258	
377	2.19910255	2.22666527	
377.2	2.19655508	2.22488937	
377.4	2.1938791	2.22311489	
377.6	2.19123338	2.22134183	
377.8	2.18840741	2.21957018	
378	2.18580598	2.21779994	
378.2	2.1834977	2.21603112	
378.4	2.18066902	2.2142637	
378.6	2.17842981	2.2124977	
378.8	2.1762016	2.2107331	
379	2.17375869	2.20896991	
379.2	2.17114765	2.20720813	
379.4	2.16896542	2.20544775	
379.6	2.16659433	2.20368878	
379.8	2.16449077	2.20193121	
380	2.16218358	2.20017504	
380.2	2.16027514	2.19842027	
380.4	2.15817064	2.19666691	
380.6	2.1557355	2.19491494	
380.8	2.15381279	2.19316436	
381	2.15165249	2.19141519	
381.2	2.14975719	2.1896674	
381.4	2.14732637	2.18792102	
381.6	2.14565298	2.18617602	
381.8	2.14325366	2.18443242	
382	2.1414754	2.18269021	
382.2	2.13940027	2.18094938	
382.4	2.1371824	2.17920995	
382.6	2.13497632	2.1774719	
382.8	2.1330878	2.17573524	
383	2.13088882	2.17399997	
383.2	2.12896245	2.17226607	
383.4	2.12661463	2.17053357	
383.6	2.12452806	2.16880244	
383.8	2.12236594	2.16707269	
384	2.12027732	2.16534432	
384.2	2.11819437	2.16361734	
384.4	2.11564839	2.16189173	
384.6	2.11346137	2.16016749	
384.8	2.11155604	2.15844463	
385	2.10925058	2.15672315	
385.2	2.10707296	2.15500303	
385.4	2.1048803	2.15328429	
385.6	2.10341744	2.15156692	
385.8	2.10120532	2.14985092	
386	2.09929504	2.14813629	
386.2	2.09683915	2.14642303	
386.4	2.09463436	2.14471113	
386.6	2.09211615	2.1430006	
386.8	2.09030623	2.14129143	
387	2.0879662	2.13958362	
387.2	2.08601984	2.13787718	
387.4	2.08383581	2.1361721	
387.6	2.08199115	2.13446838	
387.8	2.08027377	2.13276601	
388	2.07820684	2.13106501	
388.2	2.07624212	2.12936536	
388.4	2.07441623	2.12766707	
388.6	2.07271363	2.12597013	
388.8	2.07080714	2.12427454	
389	2.06897379	2.12258031	
389.2	2.06674403	2.12088743	
389.4	2.06514875	2.1191959	
389.6	2.06331112	2.11750571	
389.8	2.06133816	2.11581688	
390	2.05907497	2.11412939	
390.2	2.05659438	2.11244325	
390.4	2.05448131	2.11075845	
390.6	2.05216902	2.109075	
390.8	2.05026531	2.10739289	
391	2.04820688	2.10571212	
391.2	2.04635143	2.10403269	
391.4	2.0442829	2.10235461	
391.6	2.04242958	2.10067786	
391.8	2.04053035	2.09900244	
392	2.03845478	2.09732837	
392.2	2.03680139	2.09565562	
392.4	2.03514856	2.09398422	
392.6	2.03344136	2.09231414	
392.8	2.0316243	2.0906454	
393	2.02994455	2.08897799	
393.2	2.0280954	2.0873119	
393.4	2.02675526	2.08564715	
393.6	2.02485864	2.08398373	
393.8	2.02338779	2.08232163	
394	2.02129971	2.08066086	
394.2	2.01952289	2.07900141	
394.4	2.01783771	2.07734328	
394.6	2.01580064	2.07568648	
394.8	2.0141311	2.074031	
395	2.01258124	2.07237684	
395.2	2.01060843	2.070724	
395.4	2.00900911	2.06907247	
395.6	2.00734641	2.06742227	
395.8	2.00557492	2.06577338	
396	2.00414709	2.0641258	
396.2	2.00248215	2.06247954	
396.4	2.00083603	2.06083459	
396.6	1.99917401	2.05919096	
396.8	1.99734827	2.05754863	
397	1.99560487	2.05590762	
397.2	1.99376045	2.05426791	
397.4	1.99145783	2.05262951	
397.6	1.98941777	2.05099242	
397.8	1.98774694	2.04935663	
398	1.98580343	2.04772215	
398.2	1.98402714	2.04608898	
398.4	1.98217557	2.0444571	
398.6	1.98053668	2.04282653	
398.8	1.97874495	2.04119725	
399	1.97696928	2.03956928	
399.2	1.97505846	2.0379426	
399.4	1.97375218	2.03631723	
399.6	1.97221408	2.03469314	
399.8	1.97059365	2.03307036	
400	1.96945135	2.03144886	
400.2	1.96775536	2.02982867	
400.4	1.96614523	2.02820976	
400.6	1.96419915	2.02659214	
400.8	1.96243528	2.02497582	
401	1.96036462	2.02336078	
401.2	1.95825973	2.02174703	
401.4	1.95621625	2.02013457	
401.6	1.95464108	2.0185234	
401.8	1.95284321	2.01691351	
402	1.95126922	2.0153049	
402.2	1.94949701	2.01369758	
402.4	1.94783236	2.01209154	
402.6	1.9463499	2.01048678	
402.8	1.94461753	2.0088833	
403	1.94290919	2.00728109	
403.2	1.94121235	2.00568017	
403.4	1.9400259	2.00408052	
403.6	1.93843135	2.00248215	
403.8	1.93700472	2.00088506	
404	1.93606081	1.99928923	
404.2	1.93411658	1.99769468	
404.4	1.93256774	1.9961014	
404.6	1.93105019	1.9945094	
404.8	1.92926898	1.99291866	
405	1.92724094	1.99132919	
405.2	1.9258493	1.98974099	
405.4	1.92409043	1.98815406	
405.6	1.92226086	1.98656839	
405.8	1.92050791	1.98498398	
406	1.91876803	1.98340084	
406.2	1.91673274	1.98181896	
406.4	1.91542835	1.98023835	
406.6	1.91415826	1.97865899	
406.8	1.91245875	1.9770809	
407	1.91052475	1.97550406	
407.2	1.90866412	1.97392848	
407.4	1.90733725	1.97235416	
407.6	1.90542497	1.97078109	
407.8	1.90429371	1.96920928	
408	1.90302975	1.96763872	
408.2	1.90089009	1.96606941	
408.4	1.89927421	1.96450135	
408.6	1.89753229	1.96293455	
408.8	1.89584804	1.96136899	
409	1.89444645	1.95980469	
409.2	1.89304949	1.95824163	
409.4	1.8913226	1.95667982	
409.6	1.88959943	1.95511925	
409.8	1.88832269	1.95355993	
410	1.88641223	1.95200185	
410.2	1.88514205	1.95044502	
410.4	1.88352209	1.94888942	
410.6	1.88195846	1.94733507	
410.8	1.88023481	1.94578196	
411	1.87889025	1.94423008	
411.2	1.87743119	1.94267944	
411.4	1.87631046	1.94113004	
411.6	1.87492982	1.93958188	
411.8	1.87418525	1.93803495	
412	1.87287934	1.93648925	
412.2	1.87109853	1.93494479	
412.4	1.86971028	1.93340156	
412.6	1.86836399	1.93185956	
412.8	1.86746559	1.93031879	
413	1.8664086	1.92877925	
413.2	1.86485088	1.92724093	
413.4	1.8635118	1.92570385	
413.6	1.86197473	1.92416798	
413.8	1.8608884	1.92263335	
414	1.8586647	1.92109994	
414.2	1.85688584	1.91956775	
414.4	1.85492768	1.91803678	
414.6	1.85317291	1.91650703	
414.8	1.85158896	1.91497851	
415	1.85055176	1.9134512	
415.2	1.84906549	1.91192511	
415.4	1.84797832	1.91040024	
415.6	1.84672084	1.90887658	
415.8	1.84552577	1.90735414	
416	1.84420595	1.90583292	
416.2	1.8424777	1.9043129	
416.4	1.84097354	1.9027941	
416.6	1.83988769	1.90127651	
416.8	1.83878382	1.89976013	
417	1.83740856	1.89824497	
417.2	1.83580743	1.896731	
417.4	1.83436913	1.89521825	
417.6	1.83302092	1.8937067	
417.8	1.8317531	1.89219636	
418	1.82989561	1.89068722	
418.2	1.82862401	1.88917929	
418.4	1.82739805	1.88767256	
418.6	1.82601943	1.88616703	
418.8	1.82508921	1.8846627	
419	1.82426782	1.88315958	
419.2	1.82288003	1.88165765	
419.4	1.82174474	1.88015691	
419.6	1.82047009	1.87865738	
419.8	1.81919056	1.87715904	
420	1.81767817	1.8756619	
420.2	1.81583304	1.87416595	
420.4	1.81489651	1.87267119	
420.6	1.81356006	1.87117763	
420.8	1.81191224	1.86968525	
421	1.81078206	1.86819407	
421.2	1.80944568	1.86670407	
421.4	1.80804865	1.86521527	
421.6	1.80690189	1.86372765	
421.8	1.80558551	1.86224122	
422	1.80410549	1.86075597	
422.2	1.80281894	1.85927191	
422.4	1.80119587	1.85778903	
422.6	1.79954751	1.85630734	
422.8	1.79785089	1.85482683	
423	1.79632785	1.85334749	
423.2	1.7945321	1.85186934	
423.4	1.79295531	1.85039237	
423.6	1.79137058	1.84891657	
423.8	1.79024011	1.84744195	
424	1.78850076	1.84596851	
424.2	1.78714696	1.84449624	
424.4	1.78597427	1.84302515	
424.6	1.78427262	1.84155523	
424.8	1.78287	1.84008648	
425	1.78177983	1.8386189	
425.2	1.78043758	1.8371525	
425.4	1.77941185	1.83568726	
425.6	1.77872246	1.83422319	
425.8	1.77775966	1.83276029	
426	1.77685072	1.83129856	
426.2	1.77560155	1.82983799	
426.4	1.77417327	1.82837859	
426.6	1.77292032	1.82692035	
426.8	1.77215302	1.82546328	
427	1.77108782	1.82400736	
427.2	1.76950609	1.82255261	
427.4	1.76863681	1.82109902	
427.6	1.76747473	1.81964659	
427.8	1.76651396	1.81819531	
428	1.76492139	1.8167452	
428.2	1.76360723	1.81529623	
428.4	1.76209746	1.81384843	
428.6	1.76052322	1.81240178	
428.8	1.75938101	1.81095628	
429	1.75794897	1.80951194	
429.2	1.75682474	1.80806875	
429.4	1.75584634	1.80662671	
429.6	1.75505994	1.80518582	
429.8	1.7537256	1.80374608	
430	1.75241017	1.80230749	
430.2	1.75149136	1.80087004	
430.4	1.75004207	1.79943374	
430.6	1.74884198	1.79799859	
430.8	1.7476832	1.79656458	
431	1.74603162	1.79513171	
431.2	1.74410135	1.79369999	
431.4	1.74302937	1.79226941	
431.6	1.74159674	1.79083997	
431.8	1.74019611	1.78941167	
432	1.7388944	1.78798451	
432.2	1.73791911	1.78655849	
432.4	1.73643666	1.78513361	
432.6	1.73546812	1.78370986	
432.8	1.73448585	1.78228724	
433	1.73315303	1.78086577	
433.2	1.73219214	1.77944542	
433.4	1.7307509	1.77802621	
433.6	1.72991846	1.77660813	
433.8	1.72862587	1.77519118	
434	1.72722456	1.77377536	
434.2	1.72627663	1.77236067	
434.4	1.72488064	1.77094711	
434.6	1.72368081	1.76953468	
434.8	1.72258002	1.76812337	
435	1.72107699	1.76671319	
435.2	1.71946991	1.76530413	
435.4	1.71862127	1.7638962	
435.6	1.71747032	1.76248939	
435.8	1.71596911	1.7610837	
436	1.71492597	1.75967914	
436.2	1.71388779	1.75827569	
436.4	1.71187399	1.75687336	
436.6	1.71095374	1.75547215	
436.8	1.70909036	1.75407206	
437	1.70741526	1.75267309	
437.2	1.70560541	1.75127523	
437.4	1.70402267	1.74987848	
437.6	1.70301049	1.74848285	
437.8	1.70162628	1.74708834	
438	1.70048463	1.74569493	
438.2	1.69940473	1.74430264	
438.4	1.69860096	1.74291145	
438.6	1.69752562	1.74152138	
438.8	1.69664831	1.74013242	
439	1.69529873	1.73874456	
439.2	1.69488943	1.73735781	
439.4	1.69461632	1.73597216	
439.6	1.69347726	1.73458762	
439.8	1.69243946	1.73320419	
440	1.6916559	1.73182186	
440.2	1.69076386	1.73044063	
440.4	1.68916911	1.7290605	
440.6	1.68812949	1.72768148	
440.8	1.68673499	1.72630355	
441	1.68564672	1.72492672	
441.2	1.68468473	1.72355099	
441.4	1.6837774	1.72217636	
441.6	1.68262741	1.72080282	
441.8	1.68164925	1.71943038	
442	1.68054705	1.71805904	
442.2	1.67930588	1.71668878	
442.4	1.67837537	1.71531962	
442.6	1.67739702	1.71395156	
442.8	1.67611969	1.71258458	
443	1.67520005	1.71121869	
443.2	1.67456151	1.7098539	
443.4	1.67324515	1.70849019	
443.6	1.67161605	1.70712757	
443.8	1.67057618	1.70576603	
444	1.66928618	1.70440559	
444.2	1.66817724	1.70304622	
444.4	1.6668651	1.70168795	
444.6	1.66603198	1.70033075	
444.8	1.66540627	1.69897464	
445	1.66419557	1.69761961	
445.2	1.66323712	1.69626565	
445.4	1.66212272	1.69491278	
445.6	1.66079536	1.69356099	
445.8	1.65994938	1.69221028	
446	1.6584942	1.69086064	
446.2	1.65731441	1.68951208	
446.4	1.65593374	1.6881646	
446.6	1.65456967	1.68681819	
446.8	1.65315809	1.68547285	
447	1.65187149	1.68412859	
447.2	1.65027694	1.6827854	
447.4	1.64896387	1.68144328	
447.6	1.64777932	1.68010223	
447.8	1.64675575	1.67876225	
448	1.64579447	1.67742334	
448.2	1.64532907	1.6760855	
448.4	1.64460234	1.67474872	
448.6	1.64378332	1.67341301	
448.8	1.64298183	1.67207837	
449	1.6419589	1.67074479	
449.2	1.6411883	1.66941227	
449.4	1.64010672	1.66808082	
449.6	1.63886537	1.66675042	
449.8	1.63781128	1.66542109	
450	1.63660219	1.66409282	
450.2	1.6355577	1.66276561	
450.4	1.63414867	1.66143946	
450.6	1.63287516	1.66011436	
450.8	1.63165122	1.65879033	
451	1.63013604	1.65746734	
451.2	1.6285403	1.65614542	
451.4	1.6276462	1.65482454	
451.6	1.62664805	1.65350472	
451.8	1.62569514	1.65218596	
452	1.62467631	1.65086824	
452.2	1.62376227	1.64955158	
452.4	1.62268013	1.64823597	
452.6	1.62150448	1.6469214	
452.8	1.62070361	1.64560789	
453	1.61979333	1.64429542	
453.2	1.6190972	1.642984	
453.4	1.61840676	1.64167362	
453.6	1.61745459	1.64036429	
453.8	1.61649015	1.639056	
454	1.61587898	1.63774876	
454.2	1.61504499	1.63644256	
454.4	1.61413609	1.6351374	
454.6	1.61333493	1.63383328	
454.8	1.61162102	1.63253021	
455	1.61066086	1.63122817	
455.2	1.60927535	1.62992717	
455.4	1.60856325	1.62862721	
455.6	1.60696508	1.62732828	
455.8	1.6056232	1.62603039	
456	1.60449499	1.62473354	
456.2	1.60377304	1.62343772	
456.4	1.60283067	1.62214293	
456.6	1.60188663	1.62084918	
456.8	1.60111504	1.61955646	
457	1.60026023	1.61826477	
457.2	1.59980101	1.61697411	
457.4	1.59902993	1.61568448	
457.6	1.59824239	1.61439587	
457.8	1.59720889	1.6131083	
458	1.59679797	1.61182175	
458.2	1.59607028	1.61053623	
458.4	1.59467072	1.60925173	
458.6	1.59306178	1.60796826	
458.8	1.59152348	1.60668581	
459	1.59062566	1.60540438	
459.2	1.58886849	1.60412398	
459.4	1.58716201	1.6028446	
459.6	1.58548827	1.60156624	
459.8	1.58433314	1.60028889	
460	1.58299776	1.59901257	
460.2	1.58183158	1.59773726	
460.4	1.58037651	1.59646298	
460.6	1.5791782	1.5951897	
460.8	1.57846656	1.59391745	
461	1.57817179	1.5926462	
461.2	1.5774612	1.59137598	
461.4	1.57722078	1.59010676	
461.6	1.57657388	1.58883856	
461.8	1.57579368	1.58757137	
462	1.57536755	1.58630519	
462.2	1.57464858	1.58504001	
462.4	1.57372257	1.58377585	
462.6	1.5725101	1.5825127	
462.8	1.57214705	1.58125055	
463	1.57134967	1.57998941	
463.2	1.57010555	1.57872928	
463.4	1.56898037	1.57747015	
463.6	1.56781001	1.57621203	
463.8	1.56688921	1.57495491	
464	1.5656158	1.57369879	
464.2	1.56437616	1.57244367	
464.4	1.56328738	1.57118955	
464.6	1.5623295	1.56993644	
464.8	1.5616427	1.56868432	
465	1.56037712	1.56743321	
465.2	1.55874686	1.56618309	
465.4	1.55828539	1.56493396	
465.6	1.55731194	1.56368584	
465.8	1.55701517	1.56243871	
466	1.55618661	1.56119257	
466.2	1.55581064	1.55994743	
466.4	1.55467807	1.55870328	
466.6	1.55330279	1.55746012	
466.8	1.5525423	1.55621796	
467	1.55141156	1.55497678	
467.2	1.55052078	1.5537366	
467.4	1.54952954	1.5524974	
467.6	1.54840131	1.5512592	
467.8	1.54807256	1.55002198	
468	1.54654546	1.54878574	
468.2	1.54561314	1.5475505	
468.4	1.54463236	1.54631623	
468.6	1.54328976	1.54508296	
468.8	1.54215566	1.54385066	
469	1.54088805	1.54261935	
469.2	1.54001658	1.54138902	
469.4	1.53996959	1.54015968	
469.6	1.53945683	1.53893131	
469.8	1.53902363	1.53770392	
470	1.53827876	1.53647751	
470.2	1.53765545	1.53525208	
470.4	1.53642542	1.53402763	
470.6	1.53540034	1.53280415	
470.8	1.53445624	1.53158165	
471	1.53336268	1.53036013	
471.2	1.53244167	1.52913957	
471.4	1.531536	1.52792	
471.6	1.53081284	1.52670139	
471.8	1.52995455	1.52548376	
472	1.5286277	1.5242671	
472.2	1.52802574	1.5230514	
472.4	1.52663661	1.52183668	
472.6	1.525264	1.52062293	
472.8	1.52448865	1.51941014	
473	1.5236641	1.51819832	
473.2	1.52299484	1.51698747	
473.4	1.5222437	1.51577759	
473.6	1.52130337	1.51456866	
473.8	1.52022364	1.51336071	
474	1.51939205	1.51215371	
474.2	1.51832578	1.51094768	
474.4	1.5174546	1.50974261	
474.6	1.51663522	1.50853851	
474.8	1.51560385	1.50733536	
475	1.51440099	1.50613317	
475.2	1.51371506	1.50493194	
475.4	1.51299843	1.50373167	
475.6	1.51197617	1.50253236	
475.8	1.5110292	1.501334	
476	1.50982969	1.5001366	
476.2	1.50925073	1.49894015	
476.4	1.50785105	1.49774466	
476.6	1.50702588	1.49655012	
476.8	1.50624245	1.49535654	
477	1.50555912	1.4941639	
477.2	1.50458963	1.49297222	
477.4	1.50351562	1.49178149	
477.6	1.50273282	1.4905917	
477.8	1.50171302	1.48940287	
478	1.50106818	1.48821498	
478.2	1.50032611	1.48702805	
478.4	1.49977278	1.48584205	
478.6	1.49919765	1.48465701	
478.8	1.49839662	1.48347291	
479	1.49778734	1.48228975	
479.2	1.49740287	1.48110754	
479.4	1.49698665	1.47992627	
479.6	1.49676095	1.47874594	
479.8	1.49656813	1.47756656	
