Conc1	3E-07	
Start1	240	
Stop1	479.8	
Kobs	0.0163548353441134	
Error Kobs	0.000114887357651816	
Koff	0	
Error Koff	0	
Time1	Data1	Fit1	
240	0.00383542	0	
240.2	0.00483328	0.00145169	
240.4	0.00592094	0.00289319	
240.6	0.00736455	0.00432457	
240.8	0.00897973	0.0057459	
241	0.01078985	0.00715725	
241.2	0.01273063	0.00855869	
241.4	0.01493258	0.00995029	
241.6	0.01683642	0.01133213	
241.8	0.01889112	0.01270425	
242	0.020804	0.01406675	
242.2	0.02249108	0.01541968	
242.4	0.02479112	0.01676311	
242.6	0.02648952	0.01809711	
242.8	0.02803636	0.01942174	
243	0.02978428	0.02073707	
243.2	0.03151849	0.02204317	
243.4	0.0329368	0.02334009	
243.6	0.03442021	0.02462791	
243.8	0.03567155	0.02590669	
244	0.03687087	0.02717649	
244.2	0.03813394	0.02843738	
244.4	0.03948397	0.02968941	
244.6	0.04080326	0.03093265	
244.8	0.04198867	0.03216716	
245	0.04338896	0.03339301	
245.2	0.04480585	0.03461024	
245.4	0.04624823	0.03581894	
245.6	0.04731573	0.03701914	
245.8	0.04846134	0.03821092	
246	0.04939088	0.03939433	
246.2	0.05035655	0.04056944	
246.4	0.05164823	0.04173629	
246.6	0.05251914	0.04289495	
246.8	0.05380304	0.04404547	
247	0.05499659	0.04518792	
247.2	0.05591875	0.04632234	
247.4	0.05674982	0.0474488	
247.6	0.05758675	0.04856736	
247.8	0.05848642	0.04967805	
248	0.05912335	0.05078095	
248.2	0.0605247	0.05187611	
248.4	0.06189872	0.05296358	
248.6	0.06288172	0.05404341	
248.8	0.06416547	0.05511566	
249	0.0654693	0.05618038	
249.2	0.06658527	0.05723763	
249.4	0.06755576	0.05828745	
249.6	0.06823382	0.05932991	
249.8	0.06891346	0.06036504	
250	0.06935795	0.06139291	
250.2	0.06995956	0.06241355	
250.4	0.07084599	0.06342704	
250.6	0.07141643	0.06443341	
250.8	0.07230765	0.06543271	
251	0.07347506	0.06642499	
251.2	0.07407917	0.06741031	
251.4	0.07523476	0.06838871	
251.6	0.07592165	0.06936024	
251.8	0.07693998	0.07032495	
252	0.07794313	0.07128289	
252.2	0.07944168	0.0722341	
252.4	0.08049016	0.07317863	
252.6	0.08146734	0.07411653	
252.8	0.08272386	0.07504785	
253	0.08383567	0.07597263	
253.2	0.08460486	0.07689091	
253.4	0.08526956	0.07780275	
253.6	0.08608165	0.07870818	
253.8	0.08676238	0.07960726	
254	0.0871434	0.08050003	
254.2	0.08741005	0.08138652	
254.4	0.08814869	0.0822668	
254.6	0.0887665	0.08314089	
254.8	0.08947967	0.08400884	
255	0.09022033	0.0848707	
255.2	0.09055752	0.08572651	
255.4	0.09127228	0.08657632	
255.6	0.09171688	0.08742015	
255.8	0.09248865	0.08825806	
256	0.09311868	0.08909009	
256.2	0.09388586	0.08991627	
256.4	0.09482729	0.09073666	
256.6	0.09561473	0.09155128	
256.8	0.09670182	0.09236019	
257	0.09724296	0.09316342	
257.2	0.09775845	0.093961	
257.4	0.09866841	0.09475299	
257.6	0.09946154	0.09553942	
257.8	0.09978326	0.09632032	
258	0.09992963	0.09709574	
258.2	0.10014291	0.09786572	
258.4	0.10086569	0.09863029	
258.6	0.10137168	0.09938949	
258.8	0.10206118	0.10014337	
259	0.10294777	0.10089195	
259.2	0.10339587	0.10163527	
259.4	0.10423074	0.10237338	
259.6	0.10512514	0.1031063	
259.8	0.10577981	0.10383408	
260	0.10646826	0.10455674	
260.2	0.1072779	0.10527434	
260.4	0.10837893	0.10598689	
260.6	0.10880141	0.10669444	
260.8	0.10951082	0.10739703	
261	0.10998122	0.10809468	
261.2	0.11082147	0.10878743	
261.4	0.11152935	0.10947532	
261.6	0.11212326	0.11015838	
261.8	0.11248308	0.11083665	
262	0.1131295	0.11151015	
262.2	0.11366621	0.11217892	
262.4	0.11432674	0.112843	
262.6	0.11490839	0.11350241	
262.8	0.11582924	0.1141572	
263	0.11655986	0.11480739	
263.2	0.11684266	0.11545301	
263.4	0.1175097	0.1160941	
263.6	0.11787099	0.11673069	
263.8	0.11812718	0.11736281	
264	0.11841565	0.11799049	
264.2	0.11894062	0.11861376	
264.4	0.11948445	0.11923266	
264.6	0.1196109	0.11984721	
264.8	0.11990494	0.12045745	
265	0.1202202	0.12106341	
265.2	0.120776	0.1216651	
265.4	0.12124718	0.12226258	
265.6	0.1218471	0.12285586	
265.8	0.12225509	0.12344497	
266	0.12285941	0.12402995	
266.2	0.12299317	0.12461082	
266.4	0.12357774	0.12518761	
266.6	0.12414905	0.12576036	
266.8	0.1248373	0.12632908	
267	0.12534194	0.12689381	
267.2	0.12582502	0.12745457	
267.4	0.12643286	0.1280114	
267.6	0.12700116	0.12856431	
267.8	0.12765607	0.12911335	
268	0.12826261	0.12965853	
268.2	0.12925715	0.13019988	
268.4	0.12989125	0.13073743	
268.6	0.13030235	0.13127121	
268.8	0.13067431	0.13180124	
269	0.13078847	0.13232755	
269.2	0.13145118	0.13285016	
269.4	0.13209069	0.1333691	
269.6	0.13233952	0.1338844	
269.8	0.13276892	0.13439608	
270	0.13278568	0.13490417	
270.2	0.13297168	0.1354087	
270.4	0.13358258	0.13590968	
270.6	0.13399519	0.13640714	
270.8	0.1342008	0.13690111	
271	0.1344453	0.13739161	
271.2	0.13510341	0.13787867	
271.4	0.13564143	0.13836231	
271.6	0.1360185	0.13884255	
271.8	0.13641393	0.13931942	
272	0.13709157	0.13979294	
272.2	0.13783805	0.14026314	
272.4	0.13795772	0.14073004	
272.6	0.13818128	0.14119365	
272.8	0.13877334	0.14165402	
273	0.13917275	0.14211115	
273.2	0.14001487	0.14256507	
273.4	0.14017775	0.1430158	
273.6	0.14049447	0.14346337	
273.8	0.14124965	0.1439078	
274	0.14141722	0.14434911	
274.2	0.14228141	0.14478732	
274.4	0.14282473	0.14522245	
274.6	0.14309874	0.14565453	
274.8	0.14350722	0.14608357	
275	0.1438052	0.1465096	
275.2	0.14428094	0.14693264	
275.4	0.14426392	0.14735271	
275.6	0.14396691	0.14776983	
275.8	0.14409191	0.14818402	
276	0.14444683	0.14859531	
276.2	0.14422514	0.1490037	
276.4	0.14414376	0.14940923	
276.6	0.14445424	0.14981191	
276.8	0.14478835	0.15021177	
277	0.14493337	0.15060881	
277.2	0.14526631	0.15100307	
277.4	0.14565359	0.15139456	
277.6	0.14653156	0.1517833	
277.8	0.14726604	0.15216932	
278	0.14771399	0.15255262	
278.2	0.14834883	0.15293323	
278.4	0.14865116	0.15331117	
278.6	0.14927055	0.15368646	
278.8	0.14978899	0.15405911	
279	0.15023943	0.15442914	
279.2	0.15091419	0.15479658	
279.4	0.15123563	0.15516143	
279.6	0.15154728	0.15552373	
279.8	0.15223309	0.15588348	
280	0.15254334	0.1562407	
280.2	0.15258501	0.15659542	
280.4	0.15318098	0.15694765	
280.6	0.15387539	0.1572974	
280.8	0.15421731	0.1576447	
281	0.15482606	0.15798956	
281.2	0.15558617	0.158332	
281.4	0.15588089	0.15867203	
281.6	0.15597745	0.15900968	
281.8	0.1563676	0.15934495	
282	0.15662593	0.15967788	
282.2	0.15691131	0.16000846	
282.4	0.15689732	0.16033672	
282.6	0.15692337	0.16066268	
282.8	0.15695676	0.16098635	
283	0.15742249	0.16130775	
283.2	0.15733708	0.16162689	
283.4	0.15746003	0.16194379	
283.6	0.15771226	0.16225847	
283.8	0.15788805	0.16257093	
284	0.15806959	0.1628812	
284.2	0.15821958	0.1631893	
284.4	0.15881613	0.16349523	
284.6	0.15935439	0.16379901	
284.8	0.1594004	0.16410066	
285	0.15981631	0.16440019	
285.2	0.16018237	0.16469762	
285.4	0.15987317	0.16499296	
285.6	0.15988231	0.16528623	
285.8	0.16033133	0.16557744	
286	0.16032949	0.1658666	
286.2	0.16045927	0.16615373	
286.4	0.16007759	0.16643885	
286.6	0.16018247	0.16672197	
286.8	0.1602547	0.16700309	
287	0.1601743	0.16728225	
287.2	0.15991797	0.16755944	
287.4	0.16052652	0.16783469	
287.6	0.16117638	0.168108	
287.8	0.16152128	0.1683794	
288	0.16180029	0.16864889	
288.2	0.16237026	0.16891649	
288.4	0.16312353	0.16918221	
288.6	0.16361476	0.16944606	
288.8	0.16388227	0.16970806	
289	0.16417414	0.16996823	
289.2	0.16449586	0.17022656	
289.4	0.16457358	0.17048308	
289.6	0.16478304	0.1707378	
289.8	0.16533287	0.17099074	
290	0.16565287	0.17124189	
290.2	0.16635829	0.17149128	
290.4	0.16660024	0.17173893	
290.6	0.16707753	0.17198483	
290.8	0.16716909	0.17222901	
291	0.1676609	0.17247147	
291.2	0.16827936	0.17271223	
291.4	0.1690949	0.1729513	
291.6	0.16941984	0.17318869	
291.8	0.16949593	0.17342441	
292	0.16967491	0.17365848	
292.2	0.16993228	0.17389091	
292.4	0.16994606	0.1741217	
292.6	0.16988468	0.17435088	
292.8	0.16941326	0.17457844	
293	0.1693363	0.17480441	
293.2	0.16939343	0.17502879	
293.4	0.16956618	0.17525159	
293.6	0.16949824	0.17547283	
293.8	0.1696893	0.17569252	
294	0.16975841	0.17591066	
294.2	0.17003365	0.17612728	
294.4	0.17015413	0.17634237	
294.6	0.17063497	0.17655595	
294.8	0.17119644	0.17676803	
295	0.17135615	0.17697863	
295.2	0.17181862	0.17718774	
295.4	0.17221844	0.17739539	
295.6	0.17246175	0.17760158	
295.8	0.17297383	0.17780632	
296	0.17328597	0.17800962	
296.2	0.17327319	0.1782115	
296.4	0.17330544	0.17841196	
296.6	0.17349976	0.17861101	
296.8	0.17358688	0.17880866	
297	0.17368157	0.17900493	
297.2	0.17420952	0.17919982	
297.4	0.17431001	0.17939334	
297.6	0.17421362	0.1795855	
297.8	0.17437669	0.17977631	
298	0.17496438	0.17996578	
298.2	0.17534782	0.18015392	
298.4	0.17531806	0.18034075	
298.6	0.17563699	0.18052625	
298.8	0.17571417	0.18071046	
299	0.17572564	0.18089337	
299.2	0.17639055	0.181075	
299.4	0.17675115	0.18125536	
299.6	0.17720607	0.18143445	
299.8	0.1775475	0.18161228	
300	0.17810596	0.18178886	
300.2	0.1781549	0.1819642	
300.4	0.17822542	0.18213831	
300.6	0.17857614	0.1823112	
300.8	0.17856885	0.18248287	
301	0.17851399	0.18265334	
301.2	0.17913825	0.18282262	
301.4	0.17892381	0.1829907	
301.6	0.17909771	0.1831576	
301.8	0.17913992	0.18332333	
302	0.17926736	0.1834879	
302.2	0.17899777	0.18365132	
302.4	0.17883953	0.18381358	
302.6	0.17863432	0.18397471	
302.8	0.1788231	0.1841347	
303	0.1792201	0.18429357	
303.2	0.17981191	0.18445133	
303.4	0.18010934	0.18460798	
303.6	0.18054379	0.18476353	
303.8	0.18085426	0.18491798	
304	0.18133094	0.18507136	
304.2	0.18136659	0.18522365	
304.4	0.18160035	0.18537488	
304.6	0.18154812	0.18552504	
304.8	0.18189111	0.18567415	
305	0.18201771	0.18582222	
305.2	0.18210712	0.18596924	
305.4	0.18204022	0.18611523	
305.6	0.18216825	0.1862602	
305.8	0.18234752	0.18640414	
306	0.18275958	0.18654708	
306.2	0.18308229	0.18668902	
306.4	0.1832648	0.18682995	
306.6	0.18329462	0.1869699	
306.8	0.18387285	0.18710887	
307	0.18442575	0.18724686	
307.2	0.18505735	0.18738388	
307.4	0.18534401	0.18751994	
307.6	0.18558383	0.18765504	
307.8	0.18578591	0.1877892	
308	0.18610516	0.18792241	
308.2	0.18634002	0.18805469	
308.4	0.18608941	0.18818604	
308.6	0.18600354	0.18831646	
308.8	0.1861541	0.18844598	
309	0.18602116	0.18857458	
309.2	0.1861787	0.18870228	
309.4	0.18619766	0.18882908	
309.6	0.18637642	0.18895499	
309.8	0.18679612	0.18908002	
310	0.18681883	0.18920417	
310.2	0.1866947	0.18932745	
310.4	0.18667668	0.18944986	
310.6	0.18651792	0.18957141	
310.8	0.18705779	0.18969211	
311	0.18737905	0.18981197	
311.2	0.18760967	0.18993098	
311.4	0.1877381	0.19004915	
311.6	0.18788499	0.1901665	
311.8	0.18831865	0.19028302	
312	0.18848586	0.19039873	
312.2	0.18860972	0.19051362	
312.4	0.18833748	0.1906277	
312.6	0.1885722	0.19074099	
312.8	0.18867568	0.19085348	
313	0.18905048	0.19096517	
313.2	0.1896123	0.19107609	
313.4	0.18965823	0.19118622	
313.6	0.18992262	0.19129559	
313.8	0.19020625	0.19140418	
314	0.19029593	0.19151201	
314.2	0.19062241	0.19161909	
314.4	0.19109422	0.19172541	
314.6	0.19119198	0.19183099	
314.8	0.19161899	0.19193582	
315	0.19154305	0.19203992	
315.2	0.19152333	0.19214329	
315.4	0.19155904	0.19224594	
315.6	0.19192008	0.19234786	
315.8	0.19185936	0.19244906	
316	0.19197838	0.19254956	
316.2	0.19190811	0.19264935	
316.4	0.19173723	0.19274844	
316.6	0.19180773	0.19284683	
316.8	0.19219748	0.19294454	
317	0.19248292	0.19304155	
317.2	0.19280037	0.19313789	
317.4	0.19278854	0.19323355	
317.6	0.1926099	0.19332854	
317.8	0.19255749	0.19342286	
318	0.19278973	0.19351652	
318.2	0.19305588	0.19360952	
318.4	0.19311164	0.19370187	
318.6	0.19317227	0.19379357	
318.8	0.19306832	0.19388462	
319	0.19320871	0.19397504	
319.2	0.19301648	0.19406482	
319.4	0.19297147	0.19415398	
319.6	0.19312271	0.1942425	
319.8	0.19309983	0.19433041	
320	0.1932728	0.19441769	
320.2	0.19333795	0.19450437	
320.4	0.19331894	0.19459043	
320.6	0.19366169	0.19467589	
320.8	0.19374119	0.19476075	
321	0.19398922	0.19484502	
321.2	0.19446361	0.19492869	
321.4	0.19448162	0.19501178	
321.6	0.19433982	0.19509428	
321.8	0.1948144	0.19517621	
322	0.19529386	0.19525756	
322.2	0.19590993	0.19533833	
322.4	0.19623621	0.19541854	
322.6	0.19642136	0.19549819	
322.8	0.19632945	0.19557728	
323	0.1965442	0.19565581	
323.2	0.19655918	0.19573379	
323.4	0.19647319	0.19581123	
323.6	0.19645137	0.19588812	
323.8	0.1965398	0.19596447	
324	0.19654096	0.19604028	
324.2	0.19660641	0.19611556	
324.4	0.19654948	0.19619032	
324.6	0.19658746	0.19626454	
324.8	0.19650977	0.19633825	
325	0.19710816	0.19641144	
325.2	0.19700649	0.19648412	
325.4	0.19692072	0.19655628	
325.6	0.19724343	0.19662794	
325.8	0.19731994	0.1966991	
326	0.19740575	0.19676975	
326.2	0.19714368	0.19683991	
326.4	0.19705384	0.19690958	
326.6	0.19686729	0.19697876	
326.8	0.19689337	0.19704745	
327	0.19707984	0.19711566	
327.2	0.1973796	0.19718339	
327.4	0.19740685	0.19725065	
327.6	0.19754971	0.19731743	
327.8	0.19800933	0.19738375	
328	0.198261	0.1974496	
328.2	0.19838738	0.19751499	
328.4	0.19860308	0.19757991	
328.6	0.19885353	0.19764439	
328.8	0.19942938	0.1977084	
329	0.1997739	0.19777197	
329.2	0.1996765	0.1978351	
329.4	0.19985377	0.19789778	
329.6	0.20024792	0.19796002	
329.8	0.19997621	0.19802182	
330	0.19994511	0.19808319	
330.2	0.19978786	0.19814413	
330.4	0.19969766	0.19820464	
330.6	0.19959917	0.19826473	
330.8	0.19976931	0.19832439	
331	0.19963123	0.19838364	
331.2	0.19969561	0.19844246	
331.4	0.1997631	0.19850088	
331.6	0.19948438	0.19855889	
331.8	0.19960399	0.19861648	
332	0.19967566	0.19867368	
332.2	0.19967418	0.19873047	
332.4	0.19989121	0.19878687	
332.6	0.20011778	0.19884286	
332.8	0.20020705	0.19889847	
333	0.20011033	0.19895368	
333.2	0.20011795	0.19900851	
333.4	0.20039806	0.19906295	
333.6	0.20076021	0.19911701	
333.8	0.20017221	0.19917069	
334	0.20039027	0.19922399	
334.2	0.20043388	0.19927692	
334.4	0.20035574	0.19932948	
334.6	0.20046738	0.19938167	
334.8	0.20069471	0.19943349	
335	0.20065907	0.19948495	
335.2	0.20124354	0.19953604	
335.4	0.20132966	0.19958678	
335.6	0.20142314	0.19963716	
335.8	0.20173625	0.19968719	
336	0.20220863	0.19973687	
336.2	0.20258068	0.1997862	
336.4	0.20263106	0.19983518	
336.6	0.2027081	0.19988382	
336.8	0.20274105	0.19993211	
337	0.20268452	0.19998007	
337.2	0.20330078	0.20002769	
337.4	0.20358465	0.20007497	
337.6	0.20345455	0.20012193	
337.8	0.2038765	0.20016855	
338	0.20413895	0.20021485	
338.2	0.2038913	0.20026082	
338.4	0.20377202	0.20030647	
338.6	0.20348838	0.2003518	
338.8	0.20349665	0.20039681	
339	0.20339269	0.2004415	
339.2	0.20380008	0.20048589	
339.4	0.20345722	0.20052995	
339.6	0.20361027	0.20057371	
339.8	0.20377048	0.20061717	
340	0.20361625	0.20066031	
340.2	0.20376108	0.20070316	
340.4	0.20353804	0.2007457	
340.6	0.20371938	0.20078795	
340.8	0.20376531	0.20082989	
341	0.20414289	0.20087155	
341.2	0.20455223	0.20091291	
341.4	0.20440627	0.20095398	
341.6	0.20459064	0.20099476	
341.8	0.20503538	0.20103526	
342	0.20474385	0.20107547	
342.2	0.20468982	0.2011154	
342.4	0.20457213	0.20115505	
342.6	0.20474383	0.20119442	
342.8	0.20447886	0.20123351	
343	0.20482812	0.20127233	
343.2	0.20491061	0.20131088	
343.4	0.20468273	0.20134916	
343.6	0.20474891	0.20138717	
343.8	0.2045516	0.20142491	
344	0.20408552	0.20146238	
344.2	0.2045582	0.2014996	
344.4	0.20478264	0.20153655	
344.6	0.20474983	0.20157324	
344.8	0.20466231	0.20160967	
345	0.20475599	0.20164585	
345.2	0.20457934	0.20168178	
345.4	0.2047388	0.20171745	
345.6	0.20528957	0.20175287	
345.8	0.20543032	0.20178805	
346	0.20578462	0.20182297	
346.2	0.2061254	0.20185765	
346.4	0.20631484	0.20189209	
346.6	0.20675614	0.20192629	
346.8	0.20659221	0.20196024	
347	0.2072313	0.20199396	
347.2	0.20695967	0.20202744	
347.4	0.20742076	0.20206069	
347.6	0.20742954	0.2020937	
347.8	0.20731051	0.20212648	
348	0.20733922	0.20215903	
348.2	0.20753363	0.20219135	
348.4	0.20756844	0.20222345	
348.6	0.20734784	0.20225532	
348.8	0.20717792	0.20228696	
349	0.20710481	0.20231839	
349.2	0.2065012	0.20234959	
349.4	0.20642499	0.20238057	
349.6	0.20641103	0.20241134	
349.8	0.20647789	0.20244189	
350	0.20681727	0.20247222	
350.2	0.20707401	0.20250235	
350.4	0.20728093	0.20253226	
350.6	0.20773233	0.20256196	
350.8	0.20781032	0.20259145	
351	0.20816153	0.20262074	
351.2	0.20838623	0.20264982	
351.4	0.20898708	0.20267869	
351.6	0.2087396	0.20270737	
351.8	0.20868778	0.20273584	
352	0.20855146	0.20276411	
352.2	0.20892196	0.20279218	
352.4	0.20916195	0.20282006	
352.6	0.20903905	0.20284774	
352.8	0.20885285	0.20287523	
353	0.20875117	0.20290252	
353.2	0.20827019	0.20292962	
353.4	0.20868619	0.20295653	
353.6	0.20880106	0.20298326	
353.8	0.20877036	0.20300979	
354	0.20870528	0.20303614	
354.2	0.2087804	0.2030623	
354.4	0.20884389	0.20308828	
354.6	0.20877926	0.20311408	
354.8	0.20856569	0.2031397	
355	0.20877151	0.20316513	
355.2	0.20907425	0.20319039	
355.4	0.20891723	0.20321547	
355.6	0.20873434	0.20324038	
355.8	0.20895106	0.20326511	
356	0.20903445	0.20328966	
356.2	0.20962547	0.20331405	
356.4	0.20987238	0.20333826	
356.6	0.20980374	0.2033623	
356.8	0.2099212	0.20338617	
357	0.21033007	0.20340988	
357.2	0.21047873	0.20343342	
357.4	0.21068333	0.20345679	
357.6	0.21088643	0.20348	
357.8	0.21084031	0.20350305	
358	0.21112133	0.20352594	
358.2	0.21121772	0.20354866	
358.4	0.21128352	0.20357123	
358.6	0.21134025	0.20359363	
358.8	0.21157056	0.20361588	
359	0.21183287	0.20363797	
359.2	0.21191893	0.20365991	
359.4	0.2118571	0.2036817	
359.6	0.21196458	0.20370333	
359.8	0.21208384	0.20372481	
360	0.21208384	0.20374614	
360.2	0.21143382	0.20308078	
360.4	0.21044587	0.20241759	
360.6	0.2098519	0.20175657	
360.8	0.20885628	0.20109771	
361	0.20793076	0.200441	
361.2	0.20669233	0.19978644	
361.4	0.20524312	0.19913401	
361.6	0.20392539	0.19848371	
361.8	0.20253544	0.19783554	
362	0.20137008	0.19718948	
362.2	0.19983882	0.19654554	
362.4	0.19838543	0.19590369	
362.6	0.19699179	0.19526395	
362.8	0.19600369	0.19462629	
363	0.19465696	0.19399071	
363.2	0.19358241	0.19335721	
363.4	0.19176935	0.19272578	
363.6	0.19050165	0.19209641	
363.8	0.18918281	0.1914691	
364	0.18804127	0.19084383	
364.2	0.18671775	0.19022061	
364.4	0.18561291	0.18959942	
364.6	0.18537173	0.18898026	
364.8	0.18469721	0.18836312	
365	0.18383669	0.187748	
365.2	0.18295094	0.18713488	
365.4	0.18205029	0.18652377	
365.6	0.18136034	0.18591465	
365.8	0.18033211	0.18530753	
366	0.17953573	0.18470238	
366.2	0.17866481	0.18409921	
366.4	0.17791603	0.18349801	
366.6	0.17702838	0.18289878	
366.8	0.17628938	0.1823015	
367	0.175384	0.18170617	
367.2	0.1744976	0.18111279	
367.4	0.17402559	0.18052134	
367.6	0.17316662	0.17993183	
367.8	0.17217545	0.17934424	
368	0.17172281	0.17875857	
368.2	0.17127613	0.17817481	
368.4	0.17093284	0.17759296	
368.6	0.17077949	0.17701301	
368.8	0.16975633	0.17643495	
369	0.16877798	0.17585878	
369.2	0.16829485	0.17528449	
369.4	0.16755338	0.17471208	
369.6	0.16689859	0.17414153	
369.8	0.16623049	0.17357285	
370	0.16570387	0.17300603	
370.2	0.1648843	0.17244106	
370.4	0.1637558	0.17187793	
370.6	0.16282733	0.17131664	
370.8	0.16254555	0.17075718	
371	0.16221307	0.17019955	
371.2	0.16191262	0.16964375	
371.4	0.16173875	0.16908975	
371.6	0.1607253	0.16853757	
371.8	0.16043868	0.16798719	
372	0.16001748	0.16743861	
372.2	0.15964767	0.16689182	
372.4	0.15916897	0.16634681	
372.6	0.15824881	0.16580358	
372.8	0.15753445	0.16526213	
373	0.15734721	0.16472245	
373.2	0.15683716	0.16418453	
373.4	0.15630564	0.16364836	
373.6	0.15579952	0.16311395	
373.8	0.15525634	0.16258128	
374	0.15461877	0.16205035	
374.2	0.15353879	0.16152116	
374.4	0.15261257	0.16099369	
374.6	0.1518332	0.16046794	
374.8	0.15157445	0.15994392	
375	0.15095555	0.1594216	
375.2	0.1503943	0.15890099	
375.4	0.1499704	0.15838208	
375.6	0.14928156	0.15786486	
375.8	0.14922891	0.15734933	
376	0.148664	0.15683549	
376.2	0.14847605	0.15632332	
376.4	0.14815585	0.15581283	
376.6	0.14738335	0.15530401	
376.8	0.14730051	0.15479684	
377	0.14654049	0.15429133	
377.2	0.14568512	0.15378748	
377.4	0.14544796	0.15328526	
377.6	0.14486095	0.15278469	
377.8	0.14437951	0.15228575	
378	0.14377344	0.15178845	
378.2	0.14292515	0.15129276	
378.4	0.14238884	0.1507987	
378.6	0.14182494	0.15030625	
378.8	0.14138898	0.1498154	
379	0.14064949	0.14932616	
379.2	0.14033803	0.14883852	
379.4	0.14009392	0.14835247	
379.6	0.13981621	0.147868	
379.8	0.13975041	0.14738512	
380	0.13917724	0.14690382	
380.2	0.13880821	0.14642409	
380.4	0.13866222	0.14594592	
380.6	0.13829062	0.14546932	
380.8	0.13802242	0.14499427	
381	0.13746837	0.14452077	
381.2	0.13756052	0.14404882	
381.4	0.13764336	0.14357841	
381.6	0.13756703	0.14310954	
381.8	0.13732856	0.1426422	
382	0.13711295	0.14217638	
382.2	0.13661307	0.14171209	
382.4	0.13610338	0.14124931	
382.6	0.13533412	0.14078804	
382.8	0.13482283	0.14032828	
383	0.134005	0.13987002	
383.2	0.13345013	0.13941326	
383.4	0.13285059	0.13895799	
383.6	0.13204662	0.1385042	
383.8	0.13156276	0.1380519	
384	0.13085222	0.13760108	
384.2	0.13031414	0.13715172	
384.4	0.12991709	0.13670384	
384.6	0.12938249	0.13625741	
384.8	0.12935562	0.13581245	
385	0.12958039	0.13536894	
385.2	0.12960619	0.13492687	
385.4	0.12951034	0.13448625	
385.6	0.12929858	0.13404707	
385.8	0.12887036	0.13360932	
386	0.12879415	0.133173	
386.2	0.12861457	0.13273811	
386.4	0.12811951	0.13230464	
386.6	0.12813913	0.13187258	
386.8	0.12801676	0.13144194	
387	0.127341	0.1310127	
387.2	0.1268606	0.13058486	
387.4	0.12640662	0.13015842	
387.6	0.12590497	0.12973337	
387.8	0.1254738	0.12930971	
388	0.12480529	0.12888743	
388.2	0.12435905	0.12846653	
388.4	0.12394267	0.12804701	
388.6	0.12347306	0.12762886	
388.8	0.12317027	0.12721207	
389	0.12278259	0.12679664	
389.2	0.12224758	0.12638257	
389.4	0.12199483	0.12596985	
389.6	0.12199069	0.12555848	
389.8	0.12186927	0.12514846	
390	0.12211272	0.12473977	
390.2	0.12178009	0.12433242	
390.4	0.12119733	0.12392639	
390.6	0.12110574	0.1235217	
390.8	0.1204224	0.12311832	
391	0.12000124	0.12271626	
391.2	0.11951155	0.12231552	
391.4	0.11882363	0.12191608	
391.6	0.11850562	0.12151795	
391.8	0.11808616	0.12112112	
392	0.11757194	0.12072558	
392.2	0.11715478	0.12033134	
392.4	0.11636708	0.11993838	
392.6	0.11565102	0.11954671	
392.8	0.11554331	0.11915631	
393	0.11547157	0.11876719	
393.2	0.11561508	0.11837934	
393.4	0.1155984	0.11799276	
393.6	0.11580788	0.11760744	
393.8	0.11546647	0.11722338	
394	0.11549185	0.11684057	
394.2	0.11504072	0.11645902	
394.4	0.11477686	0.11607871	
394.6	0.11441759	0.11569964	
394.8	0.11445665	0.1153218	
395	0.11428013	0.11494521	
395.2	0.11388831	0.11456984	
395.4	0.11360773	0.1141957	
395.6	0.11329816	0.11382278	
395.8	0.11276415	0.11345107	
396	0.11221415	0.11308059	
396.2	0.11181354	0.11271131	
396.4	0.11119005	0.11234323	
396.6	0.11080421	0.11197636	
396.8	0.11047791	0.11161069	
397	0.11009952	0.11124621	
397.2	0.10985666	0.11088292	
397.4	0.10925941	0.11052082	
397.6	0.10896546	0.1101599	
397.8	0.10850428	0.10980016	
398	0.10838317	0.1094416	
398.2	0.10788243	0.1090842	
398.4	0.10773847	0.10872797	
398.6	0.10769756	0.10837291	
398.8	0.10747531	0.108019	
399	0.10734783	0.10766625	
399.2	0.10721037	0.10731466	
399.4	0.1069599	0.10696421	
399.6	0.10675314	0.1066149	
399.8	0.10660585	0.10626674	
400	0.1064468	0.10591971	
400.2	0.10617012	0.10557382	
400.4	0.10604052	0.10522905	
400.6	0.10582263	0.10488542	
400.8	0.10573549	0.1045429	
401	0.10529292	0.1042015	
401.2	0.10516255	0.10386122	
401.4	0.10472472	0.10352205	
401.6	0.10460947	0.10318398	
401.8	0.10440565	0.10284702	
402	0.10402616	0.10251116	
402.2	0.10344032	0.1021764	
402.4	0.10358314	0.10184273	
402.6	0.10325171	0.10151015	
402.8	0.1027913	0.10117866	
403	0.10274949	0.10084825	
403.2	0.10229271	0.10051891	
403.4	0.10210064	0.10019066	
403.6	0.10212883	0.09986347	
403.8	0.10157418	0.09953736	
404	0.10065048	0.0992123	
404.2	0.1006691	0.09888831	
404.4	0.10045007	0.09856538	
404.6	0.10020351	0.0982435	
404.8	0.09984407	0.09792268	
405	0.09916007	0.0976029	
405.2	0.09885417	0.09728416	
405.4	0.09820849	0.09696647	
405.6	0.09795646	0.09664982	
405.8	0.09754187	0.09633419	
406	0.0970492	0.0960196	
406.2	0.09664798	0.09570604	
406.4	0.09642731	0.0953935	
406.6	0.09640077	0.09508198	
406.8	0.09638271	0.09477148	
407	0.09659371	0.09446199	
407.2	0.09634544	0.09415351	
407.4	0.096113	0.09384604	
407.6	0.0958995	0.09353958	
407.8	0.09552724	0.09323411	
408	0.09503528	0.09292964	
408.2	0.09541723	0.09262617	
408.4	0.09487703	0.09232369	
408.6	0.09475333	0.09202219	
408.8	0.09423763	0.09172168	
409	0.09374641	0.09142216	
409.2	0.0930232	0.09112361	
409.4	0.09306356	0.09082603	
409.6	0.09290086	0.09052943	
409.8	0.09271174	0.09023379	
410	0.09234833	0.08993912	
410.2	0.09218358	0.08964541	
410.4	0.09183592	0.08935267	
410.6	0.09215934	0.08906087	
410.8	0.09224084	0.08877004	
411	0.09224609	0.08848015	
411.2	0.09219879	0.0881912	
411.4	0.09216522	0.0879032	
411.6	0.09204682	0.08761615	
411.8	0.0921524	0.08733002	
412	0.09160514	0.08704484	
412.2	0.09091745	0.08676058	
412.4	0.09014052	0.08647725	
412.6	0.08969937	0.08619485	
412.8	0.08914907	0.08591337	
413	0.08865869	0.08563281	
413.2	0.08824222	0.08535317	
413.4	0.08806446	0.08507444	
413.6	0.08737294	0.08479661	
413.8	0.08714978	0.0845197	
414	0.08675094	0.08424369	
414.2	0.0867537	0.08396858	
414.4	0.08628117	0.08369437	
414.6	0.08664332	0.08342106	
414.8	0.0868798	0.08314864	
415	0.08707491	0.0828771	
415.2	0.08713068	0.08260646	
415.4	0.08693711	0.0823367	
415.6	0.08676569	0.08206782	
415.8	0.08684475	0.08179981	
416	0.08633198	0.08153269	
416.2	0.08604338	0.08126643	
416.4	0.08566932	0.08100105	
416.6	0.08541523	0.08073653	
416.8	0.08491527	0.08047287	
417	0.08434914	0.08021008	
417.2	0.08380684	0.07994814	
417.4	0.08325504	0.07968706	
417.6	0.08295613	0.07942683	
417.8	0.08294062	0.07916746	
418	0.08261757	0.07890892	
418.2	0.08247545	0.07865124	
418.4	0.08200728	0.07839439	
418.6	0.08192198	0.07813839	
418.8	0.08162478	0.07788322	
419	0.08154502	0.07762888	
419.2	0.08147428	0.07737537	
419.4	0.0813907	0.07712269	
419.6	0.08135639	0.07687084	
419.8	0.08115853	0.07661981	
420	0.08085572	0.0763696	
420.2	0.08053234	0.0761202	
420.4	0.07993025	0.07587162	
420.6	0.07975041	0.07562385	
420.8	0.07927245	0.0753769	
421	0.07896019	0.07513074	
421.2	0.07868589	0.07488539	
421.4	0.07856829	0.07464085	
421.6	0.07852477	0.0743971	
421.8	0.07827945	0.07415414	
422	0.07801779	0.07391199	
422.2	0.07813951	0.07367062	
422.4	0.07783059	0.07343004	
422.6	0.07777215	0.07319024	
422.8	0.07785827	0.07295123	
423	0.07844748	0.072713	
423.2	0.07840444	0.07247555	
423.4	0.0781841	0.07223887	
423.6	0.07803155	0.07200296	
423.8	0.07812067	0.07176783	
424	0.07799761	0.07153346	
424.2	0.07763299	0.07129986	
424.4	0.0774591	0.07106702	
424.6	0.07710964	0.07083494	
424.8	0.07669148	0.07060362	
425	0.07604575	0.07037306	
425.2	0.07557295	0.07014325	
425.4	0.07514632	0.06991418	
425.6	0.07472455	0.06968587	
425.8	0.07437253	0.0694583	
426	0.07406762	0.06923148	
426.2	0.07373103	0.06900539	
426.4	0.07352067	0.06878005	
426.6	0.07341029	0.06855544	
426.8	0.07365789	0.06833156	
427	0.07378549	0.06810842	
427.2	0.0734053	0.067886	
427.4	0.07366288	0.06766431	
427.6	0.07373787	0.06744335	
427.8	0.07402855	0.0672231	
428	0.07392117	0.06700358	
428.2	0.07389483	0.06678477	
428.4	0.07397612	0.06656667	
428.6	0.07409347	0.06634929	
428.8	0.07398956	0.06613262	
429	0.07333087	0.06591666	
429.2	0.0730477	0.0657014	
429.4	0.0725639	0.06548684	
429.6	0.0725653	0.06527299	
429.8	0.07205495	0.06505983	
430	0.07149077	0.06484737	
430.2	0.07113097	0.0646356	
430.4	0.07117238	0.06442452	
430.6	0.07067819	0.06421414	
430.8	0.07069025	0.06400444	
431	0.07012369	0.06379543	
431.2	0.06998455	0.06358709	
431.4	0.06992015	0.06337944	
431.6	0.06985054	0.06317247	
431.8	0.06974554	0.06296617	
432	0.07005282	0.06276055	
432.2	0.0702556	0.06255559	
432.4	0.07014441	0.06235131	
432.6	0.06978971	0.0621477	
432.8	0.06914104	0.06194474	
433	0.06846345	0.06174246	
433.2	0.06814466	0.06154083	
433.4	0.06796054	0.06133986	
433.6	0.06760486	0.06113955	
433.8	0.06681937	0.06093989	
434	0.06631242	0.06074088	
434.2	0.06577369	0.06054252	
434.4	0.06556302	0.06034482	
434.6	0.06488871	0.06014775	
434.8	0.06438738	0.05995133	
435	0.06386943	0.05975555	
435.2	0.06401987	0.05956041	
435.4	0.06363929	0.05936591	
435.6	0.06367241	0.05917205	
435.8	0.06351594	0.05897881	
436	0.06396744	0.05878621	
436.2	0.06378312	0.05859424	
436.4	0.06366595	0.05840289	
436.6	0.06349055	0.05821217	
436.8	0.06392238	0.05802207	
437	0.06392068	0.05783259	
437.2	0.06415274	0.05764373	
437.4	0.06422216	0.05745549	
437.6	0.06386328	0.05726786	
437.8	0.06376786	0.05708085	
438	0.06359573	0.05689444	
438.2	0.0637746	0.05670864	
438.4	0.06366207	0.05652346	
438.6	0.06353344	0.05633887	
438.8	0.06320255	0.05615489	
439	0.06351982	0.05597151	
439.2	0.06348688	0.05578873	
439.4	0.06315076	0.05560654	
439.6	0.06269889	0.05542495	
439.8	0.06232097	0.05524396	
440	0.06201723	0.05506355	
440.2	0.06152611	0.05488373	
440.4	0.06148183	0.0547045	
440.6	0.06115656	0.05452586	
440.8	0.06101531	0.0543478	
441	0.06072143	0.05417032	
441.2	0.0606105	0.05399342	
441.4	0.06042276	0.0538171	
441.6	0.06001526	0.05364135	
441.8	0.05992837	0.05346618	
442	0.05984202	0.05329158	
442.2	0.05990416	0.05311755	
442.4	0.05933974	0.05294409	
442.6	0.05973992	0.05277119	
442.8	0.05957247	0.05259886	
443	0.05949936	0.05242709	
443.2	0.05928163	0.05225588	
443.4	0.05888074	0.05208524	
443.6	0.05831894	0.05191514	
443.8	0.05805312	0.05174561	
444	0.05823648	0.05157663	
444.2	0.05816335	0.0514082	
444.4	0.05811325	0.05124032	
444.6	0.05801169	0.05107299	
444.8	0.05803914	0.0509062	
445	0.05835286	0.05073996	
445.2	0.05820946	0.05057426	
445.4	0.05777481	0.05040911	
445.6	0.05745894	0.05024449	
445.8	0.05739854	0.05008041	
446	0.05722306	0.04991687	
446.2	0.05678236	0.04975386	
446.4	0.05657674	0.04959138	
446.6	0.05663851	0.04942943	
446.8	0.05626233	0.04926801	
447	0.05588098	0.04910712	
447.2	0.05588154	0.04894676	
447.4	0.05530435	0.04878692	
447.6	0.05485399	0.0486276	
447.8	0.05487946	0.0484688	
448	0.05499459	0.04831052	
448.2	0.05498781	0.04815275	
448.4	0.054888	0.0479955	
448.6	0.05475137	0.04783877	
448.8	0.05493035	0.04768255	
449	0.05481383	0.04752683	
449.2	0.0545674	0.04737163	
449.4	0.05451178	0.04721693	
449.6	0.05471081	0.04706274	
449.8	0.05461136	0.04690905	
450	0.05423985	0.04675586	
450.2	0.05416283	0.04660317	
450.4	0.05432677	0.04645099	
450.6	0.05410877	0.04629929	
450.8	0.05357474	0.0461481	
451	0.0530815	0.0459974	
451.2	0.05268558	0.04584719	
451.4	0.05205432	0.04569747	
451.6	0.05199149	0.04554823	
451.8	0.05226161	0.04539949	
452	0.05231086	0.04525123	
452.2	0.05243389	0.04510346	
452.4	0.05204881	0.04495617	
452.6	0.0519216	0.04480936	
452.8	0.05209708	0.04466303	
453	0.0520566	0.04451718	
453.2	0.05196017	0.0443718	
453.4	0.05187419	0.0442269	
453.6	0.051558	0.04408247	
453.8	0.05154236	0.04393851	
454	0.05119393	0.04379503	
454.2	0.05139981	0.04365201	
454.4	0.05095875	0.04350946	
454.6	0.05049466	0.04336737	
454.8	0.04937453	0.04322575	
455	0.04910742	0.04308459	
455.2	0.04897418	0.04294389	
455.4	0.04864795	0.04280366	
455.6	0.04871087	0.04266387	
455.8	0.04870147	0.04252455	
456	0.04870702	0.04238568	
456.2	0.04848904	0.04224727	
456.4	0.04842407	0.0421093	
456.6	0.04803715	0.04197179	
456.8	0.04820129	0.04183472	
457	0.04806199	0.04169811	
457.2	0.04814005	0.04156194	
457.4	0.04807134	0.04142621	
457.6	0.04776548	0.04129093	
457.8	0.04783029	0.04115609	
458	0.04737664	0.04102169	
458.2	0.04731745	0.04088773	
458.4	0.04712014	0.0407542	
458.6	0.04686591	0.04062112	
458.8	0.04646026	0.04048846	
459	0.04639873	0.04035624	
459.2	0.04638952	0.04022445	
459.4	0.04629373	0.0400931	
459.6	0.04663891	0.03996217	
459.8	0.04672314	0.03983167	
460	0.04666759	0.03970159	
460.2	0.04640505	0.03957194	
460.4	0.04619495	0.03944271	
460.6	0.04609697	0.03931391	
460.8	0.04648875	0.03918552	
461	0.04641645	0.03905756	
461.2	0.04627449	0.03893001	
461.4	0.04589191	0.03880288	
461.6	0.0453129	0.03867616	
461.8	0.04508651	0.03854986	
462	0.04473541	0.03842397	
462.2	0.04477847	0.0382985	
462.4	0.04473123	0.03817343	
462.6	0.0441104	0.03804877	
462.8	0.04385939	0.03792451	
463	0.04340772	0.03780067	
463.2	0.04372993	0.03767722	
463.4	0.04380946	0.03755418	
463.6	0.04372656	0.03743155	
463.8	0.04347584	0.03730931	
464	0.04329509	0.03718747	
464.2	0.04327905	0.03706603	
464.4	0.04313439	0.03694499	
464.6	0.04334421	0.03682434	
464.8	0.04328461	0.03670408	
465	0.04292876	0.03658422	
465.2	0.04279583	0.03646475	
465.4	0.04295887	0.03634567	
465.6	0.04260571	0.03622698	
465.8	0.04278378	0.03610868	
466	0.0427199	0.03599076	
466.2	0.04306814	0.03587323	
466.4	0.0428312	0.03575608	
466.6	0.04273987	0.03563931	
466.8	0.04282595	0.03552293	
467	0.04264032	0.03540692	
467.2	0.04305525	0.0352913	
467.4	0.04308379	0.03517605	
467.6	0.04288026	0.03506118	
467.8	0.04281731	0.03494668	
468	0.04296081	0.03483256	
468.2	0.04283722	0.03471881	
468.4	0.04241065	0.03460543	
468.6	0.04212627	0.03449242	
468.8	0.04166827	0.03437978	
469	0.04128375	0.03426751	
469.2	0.04129202	0.03415561	
469.4	0.04125647	0.03404407	
469.6	0.04110102	0.03393289	
469.8	0.04090315	0.03382208	
470	0.04045904	0.03371163	
470.2	0.04057114	0.03360154	
470.4	0.04036758	0.03349181	
470.6	0.04029856	0.03338244	
470.8	0.03994574	0.03327343	
471	0.03980297	0.03316477	
471.2	0.03984679	0.03305646	
471.4	0.040028	0.03294851	
471.6	0.03985729	0.03284092	
471.8	0.03987045	0.03273367	
472	0.04006264	0.03262677	
472.2	0.03973116	0.03252023	
472.4	0.03923064	0.03241403	
472.6	0.03932588	0.03230818	
472.8	0.03942155	0.03220267	
473	0.03973093	0.03209751	
473.2	0.04001338	0.03199269	
473.4	0.0403018	0.03188821	
473.6	0.04003449	0.03178408	
473.8	0.03959142	0.03168028	
474	0.03930761	0.03157683	
474.2	0.03941505	0.03147371	
474.4	0.03923645	0.03137093	
474.6	0.03907348	0.03126848	
474.8	0.03905123	0.03116637	
475	0.03901013	0.03106459	
475.2	0.03896601	0.03096315	
475.4	0.03888028	0.03086204	
475.6	0.03844178	0.03076125	
475.8	0.03808374	0.0306608	
476	0.0379723	0.03056067	
476.2	0.03754323	0.03046087	
476.4	0.03736098	0.0303614	
476.6	0.03760555	0.03026225	
476.8	0.03740136	0.03016342	
477	0.03763078	0.03006492	
477.2	0.0376595	0.02996674	
477.4	0.03743445	0.02986888	
477.6	0.03686616	0.02977134	
477.8	0.03665552	0.02967412	
478	0.03644948	0.02957721	
478.2	0.03631945	0.02948062	
478.4	0.03602515	0.02938435	
478.6	0.03584819	0.02928839	
478.8	0.0355858	0.02919275	
479	0.0351557	0.02909742	
479.2	0.03469284	0.0290024	
479.4	0.03412604	0.02890768	
479.6	0.03369707	0.02881328	
479.8	0.03332908	0.02871919	
