Conc1	1E-07	
Start1	240	
Stop1	479.8	
Kobs	0.0163548353441134	
Error Kobs	0.000114887357651816	
Koff	0	
Error Koff	0	
Time1	Data1	Fit1	
240	-0.00697577	0	
240.2	-0.0061171	0.00035788	
240.4	-0.00537343	0.00071415	
240.6	-0.00444973	0.00106881	
240.8	-0.00343089	0.00142186	
241	-0.00212522	0.00177332	
241.2	-0.00110684	0.00212319	
241.4	-0.00024238	0.00247147	
241.6	0.00058478	0.00281819	
241.8	0.00161134	0.00316334	
242	0.00223574	0.00350692	
242.2	0.00235851	0.00384896	
242.4	0.00269721	0.00418945	
242.6	0.00320541	0.0045284	
242.8	0.0045686	0.00486582	
243	0.00544241	0.00520171	
243.2	0.00609261	0.00553609	
243.4	0.00653887	0.00586896	
243.6	0.00704323	0.00620032	
243.8	0.0081738	0.00653018	
244	0.00876625	0.00685855	
244.2	0.00925007	0.00718544	
244.4	0.00956042	0.00751086	
244.6	0.00972858	0.0078348	
244.8	0.01031925	0.00815728	
245	0.01144183	0.0084783	
245.2	0.01170144	0.00879787	
245.4	0.01167973	0.00911599	
245.6	0.01225149	0.00943268	
245.8	0.01285484	0.00974794	
246	0.01321383	0.01006177	
246.2	0.01321963	0.01037418	
246.4	0.0132179	0.01068518	
246.6	0.01406827	0.01099478	
246.8	0.015366	0.01130298	
247	0.01636195	0.01160978	
247.2	0.01672033	0.0119152	
247.4	0.0168846	0.01221924	
247.6	0.01719191	0.0125219	
247.8	0.01846577	0.0128232	
248	0.01889574	0.01312314	
248.2	0.01946601	0.01342172	
248.4	0.01920557	0.01371895	
248.6	0.01892452	0.01401483	
248.8	0.01930469	0.01430938	
249	0.01975653	0.0146026	
249.2	0.01963795	0.0148945	
249.4	0.01950095	0.01518507	
249.6	0.01969638	0.01547433	
249.8	0.01958642	0.01576229	
250	0.02026354	0.01604894	
250.2	0.02075206	0.0163343	
250.4	0.02061301	0.01661837	
250.6	0.02129578	0.01690115	
250.8	0.02214466	0.01718266	
251	0.02313434	0.01746289	
251.2	0.02383688	0.01774186	
251.4	0.02381043	0.01801957	
251.6	0.02407364	0.01829602	
251.8	0.0244488	0.01857122	
252	0.02495994	0.01884518	
252.2	0.02538563	0.0191179	
252.4	0.0255765	0.01938939	
252.6	0.02514654	0.01965966	
252.8	0.0252503	0.0199287	
253	0.02568663	0.02019652	
253.2	0.02607769	0.02046314	
253.4	0.02613159	0.02072855	
253.6	0.02610413	0.02099276	
253.8	0.02646506	0.02125577	
254	0.02748366	0.0215176	
254.2	0.02763218	0.02177825	
254.4	0.02717091	0.02203771	
254.6	0.02671715	0.02229601	
254.8	0.02696899	0.02255314	
255	0.0273147	0.0228091	
255.2	0.02770397	0.02306391	
255.4	0.02806636	0.02331757	
255.6	0.02857268	0.02357008	
255.8	0.02881172	0.02382145	
256	0.02964521	0.02407168	
256.2	0.03011973	0.02432078	
256.4	0.03037605	0.02456876	
256.6	0.02979803	0.02481562	
256.8	0.03043805	0.02506136	
257	0.03116567	0.02530599	
257.2	0.03194258	0.02554952	
257.4	0.03209793	0.02579194	
257.6	0.03182905	0.02603327	
257.8	0.03134669	0.02627351	
258	0.03164904	0.02651266	
258.2	0.03175605	0.02675073	
258.4	0.0317715	0.02698773	
258.6	0.0312807	0.02722365	
258.8	0.03179434	0.02745851	
259	0.03222668	0.02769231	
259.2	0.03311129	0.02792505	
259.4	0.03404182	0.02815674	
259.6	0.03413541	0.02838738	
259.8	0.03443978	0.02861698	
260	0.03519221	0.02884555	
260.2	0.03596859	0.02907308	
260.4	0.03617164	0.02929958	
260.6	0.03596879	0.02952506	
260.8	0.03660448	0.02974952	
261	0.03695513	0.02997296	
261.2	0.03725952	0.0301954	
261.4	0.03708107	0.03041683	
261.6	0.03671579	0.03063726	
261.8	0.0361042	0.03085669	
262	0.03664034	0.03107513	
262.2	0.03708345	0.03129258	
262.4	0.03739494	0.03150906	
262.6	0.03721325	0.03172455	
262.8	0.03702463	0.03193907	
263	0.03716137	0.03215262	
263.2	0.03787677	0.0323652	
263.4	0.03851549	0.03257683	
263.6	0.03871259	0.0327875	
263.8	0.03896175	0.03299721	
264	0.03931455	0.03320598	
264.2	0.03957104	0.03341381	
264.4	0.03957425	0.03362069	
264.6	0.03978707	0.03382664	
264.8	0.0400391	0.03403166	
265	0.04027183	0.03423576	
265.2	0.0407577	0.03443893	
265.4	0.04132198	0.03464118	
265.6	0.04132442	0.03484252	
265.8	0.04103319	0.03504295	
266	0.04145001	0.03524247	
266.2	0.0420096	0.0354411	
266.4	0.04239539	0.03563882	
266.6	0.04240912	0.03583565	
266.8	0.04226196	0.03603159	
267	0.04222887	0.03622665	
267.2	0.0424784	0.03642082	
267.4	0.04247553	0.03661412	
267.6	0.04269185	0.03680654	
267.8	0.04223398	0.0369981	
268	0.04205836	0.03718879	
268.2	0.04200532	0.03737861	
268.4	0.04240136	0.03756758	
268.6	0.04289036	0.0377557	
268.8	0.0424947	0.03794296	
269	0.04253931	0.03812938	
269.2	0.04282213	0.03831496	
269.4	0.04355236	0.03849969	
269.6	0.04375763	0.0386836	
269.8	0.04391438	0.03886667	
270	0.04393467	0.03904891	
270.2	0.0443266	0.03923033	
270.4	0.04486758	0.03941093	
270.6	0.04512078	0.03959072	
270.8	0.044876	0.03976969	
271	0.04466023	0.03994785	
271.2	0.04486145	0.04012521	
271.4	0.04505733	0.04030177	
271.6	0.04555522	0.04047753	
271.8	0.04514148	0.04065249	
272	0.0449535	0.04082667	
272.2	0.04525824	0.04100005	
272.4	0.04583708	0.04117266	
272.6	0.04625735	0.04134448	
272.8	0.04612164	0.04151553	
273	0.04606815	0.0416858	
273.2	0.04631956	0.04185531	
273.4	0.0469547	0.04202405	
273.6	0.04727465	0.04219202	
273.8	0.04734997	0.04235924	
274	0.04690301	0.0425257	
274.2	0.0474126	0.04269141	
274.4	0.04805927	0.04285637	
274.6	0.04850355	0.04302058	
274.8	0.04851037	0.04318406	
275	0.04813393	0.04334679	
275.2	0.04810106	0.04350879	
275.4	0.04836948	0.04367006	
275.6	0.04890469	0.04383059	
275.8	0.04930932	0.04399041	
276	0.04903474	0.0441495	
276.2	0.04911511	0.04430787	
276.4	0.04965077	0.04446552	
276.6	0.05017982	0.04462246	
276.8	0.05071588	0.0447787	
277	0.05067224	0.04493423	
277.2	0.05035131	0.04508905	
277.4	0.0502779	0.04524318	
277.6	0.05037807	0.04539661	
277.8	0.05043442	0.04554934	
278	0.04992627	0.04570139	
278.2	0.04987279	0.04585274	
278.4	0.04990808	0.04600342	
278.6	0.04979579	0.04615341	
278.8	0.04977687	0.04630273	
279	0.04921879	0.04645137	
279.2	0.04939151	0.04659934	
279.4	0.04944426	0.04674664	
279.6	0.05022217	0.04689327	
279.8	0.05067833	0.04703924	
280	0.05049626	0.04718456	
280.2	0.05086344	0.04732921	
280.4	0.05156844	0.04747321	
280.6	0.05238044	0.04761656	
280.8	0.05289128	0.04775927	
281	0.05311577	0.04790133	
281.2	0.05275873	0.04804274	
281.4	0.05274864	0.04818352	
281.6	0.05308672	0.04832366	
281.8	0.05364276	0.04846317	
282	0.05330892	0.04860205	
282.2	0.0534718	0.0487403	
282.4	0.05378927	0.04887792	
282.6	0.05429689	0.04901493	
282.8	0.05493739	0.04915131	
283	0.05470955	0.04928708	
283.2	0.05425849	0.04942223	
283.4	0.05425107	0.04955678	
283.6	0.05491865	0.04969071	
283.8	0.05535643	0.04982404	
284	0.055846	0.04995677	
284.2	0.05575186	0.0500889	
284.4	0.05554669	0.05022043	
284.6	0.05566056	0.05035136	
284.8	0.05609315	0.05048171	
285	0.05639304	0.05061147	
285.2	0.05612655	0.05074063	
285.4	0.05559117	0.05086922	
285.6	0.05551804	0.05099722	
285.8	0.05620433	0.05112465	
286	0.05638884	0.0512515	
286.2	0.0567104	0.05137778	
286.4	0.05636807	0.05150348	
286.6	0.05642725	0.05162862	
286.8	0.05624846	0.0517532	
287	0.056275	0.05187721	
287.2	0.05595059	0.05200066	
287.4	0.05586261	0.05212355	
287.6	0.05588444	0.05224588	
287.8	0.05652941	0.05236767	
288	0.05697896	0.0524889	
288.2	0.05705944	0.05260959	
288.4	0.05723595	0.05272973	
288.6	0.05747665	0.05284932	
288.8	0.05835368	0.05296838	
289	0.05917528	0.0530869	
289.2	0.05929264	0.05320488	
289.4	0.05905001	0.05332233	
289.6	0.05919681	0.05343925	
289.8	0.05970314	0.05355564	
290	0.05990755	0.0536715	
290.2	0.05987826	0.05378684	
290.4	0.05930852	0.05390166	
290.6	0.05891079	0.05401597	
290.8	0.05882281	0.05412975	
291	0.05908078	0.05424302	
291.2	0.05868594	0.05435578	
291.4	0.05814327	0.05446803	
291.6	0.05808393	0.05457977	
291.8	0.05833661	0.05469101	
292	0.05875286	0.05480174	
292.2	0.05901884	0.05491197	
292.4	0.05930017	0.05502171	
292.6	0.05926549	0.05513095	
292.8	0.05969333	0.05523969	
293	0.06028243	0.05534795	
293.2	0.06034141	0.05545571	
293.4	0.06048993	0.05556299	
293.6	0.06061895	0.05566978	
293.8	0.06064086	0.0557761	
294	0.06104077	0.05588193	
294.2	0.06110492	0.05598728	
294.4	0.06076936	0.05609215	
294.6	0.06012851	0.05619656	
294.8	0.06014574	0.05630049	
295	0.06008572	0.05640395	
295.2	0.06002692	0.05650694	
295.4	0.05983528	0.05660947	
295.6	0.05960479	0.05671153	
295.8	0.05949234	0.05681314	
296	0.05944516	0.05691428	
296.2	0.05964927	0.05701497	
296.4	0.05997152	0.0571152	
296.6	0.05986851	0.05721498	
296.8	0.05968734	0.05731431	
297	0.06027553	0.05741318	
297.2	0.06072883	0.05751162	
297.4	0.06112614	0.0576096	
297.6	0.061145	0.05770715	
297.8	0.06066043	0.05780425	
298	0.06069453	0.05790092	
298.2	0.06105055	0.05799715	
298.4	0.06122489	0.05809294	
298.6	0.06125417	0.0581883	
298.8	0.06139321	0.05828323	
299	0.06132665	0.05837773	
299.2	0.06147531	0.0584718	
299.4	0.06188166	0.05856545	
299.6	0.06216285	0.05865868	
299.8	0.06244919	0.05875148	
300	0.06230147	0.05884387	
300.2	0.06282698	0.05893583	
300.4	0.06316447	0.05902739	
300.6	0.06329035	0.05911852	
300.8	0.06318475	0.05920925	
301	0.06300082	0.05929956	
301.2	0.06286242	0.05938947	
301.4	0.06267754	0.05947897	
301.6	0.06227919	0.05956807	
301.8	0.06202966	0.05965677	
302	0.06195581	0.05974506	
302.2	0.06244868	0.05983295	
302.4	0.06244729	0.05992045	
302.6	0.06271299	0.06000755	
302.8	0.06264371	0.06009426	
303	0.06229354	0.06018058	
303.2	0.06224456	0.0602665	
303.4	0.06292206	0.06035204	
303.6	0.06350099	0.06043719	
303.8	0.06416219	0.06052196	
304	0.06429995	0.06060634	
304.2	0.06455742	0.06069035	
304.4	0.06469608	0.06077397	
304.6	0.06530353	0.06085721	
304.8	0.06516906	0.06094008	
305	0.06521724	0.06102258	
305.2	0.06539706	0.0611047	
305.4	0.06511719	0.06118645	
305.6	0.06544323	0.06126783	
305.8	0.06561934	0.06134884	
306	0.06539128	0.06142949	
306.2	0.06555777	0.06150977	
306.4	0.06558911	0.06158969	
306.6	0.0659992	0.06166925	
306.8	0.06606502	0.06174845	
307	0.0659963	0.06182729	
307.2	0.0659354	0.06190578	
307.4	0.0664677	0.06198391	
307.6	0.06679952	0.06206168	
307.8	0.0673188	0.06213911	
308	0.06734669	0.06221619	
308.2	0.06707084	0.06229291	
308.4	0.06702161	0.06236929	
308.6	0.06711976	0.06244533	
308.8	0.06702376	0.06252102	
309	0.0671382	0.06259637	
309.2	0.06634031	0.06267138	
309.4	0.06574847	0.06274605	
309.6	0.06564949	0.06282039	
309.8	0.06575992	0.06289438	
310	0.06600708	0.06296805	
310.2	0.06614109	0.06304138	
310.4	0.06595783	0.06311437	
310.6	0.06589496	0.06318704	
310.8	0.06616441	0.06325938	
311	0.06636957	0.0633314	
311.2	0.06633334	0.06340308	
311.4	0.06666682	0.06347445	
311.6	0.06654249	0.06354549	
311.8	0.06676451	0.06361621	
312	0.06709755	0.06368661	
312.2	0.06742941	0.06375669	
312.4	0.06757479	0.06382646	
312.6	0.06734082	0.06389591	
312.8	0.06746156	0.06396505	
313	0.06737433	0.06403387	
313.2	0.06761469	0.06410238	
313.4	0.06792047	0.06417059	
313.6	0.06803624	0.06423848	
313.8	0.06849653	0.06430607	
314	0.06881361	0.06437336	
314.2	0.06855711	0.06444034	
314.4	0.06807182	0.06450701	
314.6	0.06792535	0.06457339	
314.8	0.06801561	0.06463946	
315	0.06782316	0.06470524	
315.2	0.06787864	0.06477072	
315.4	0.06790013	0.0648359	
315.6	0.06767297	0.06490079	
315.8	0.06732825	0.06496539	
316	0.06767742	0.06502969	
316.2	0.06797073	0.0650937	
316.4	0.06822482	0.06515743	
316.6	0.06821901	0.06522086	
316.8	0.0680307	0.06528401	
317	0.0682432	0.06534688	
317.2	0.06890297	0.06540946	
317.4	0.06904911	0.06547175	
317.6	0.06906448	0.06553377	
317.8	0.06926622	0.06559551	
318	0.06927445	0.06565696	
318.2	0.06897579	0.06571814	
318.4	0.06921065	0.06577904	
318.6	0.06949314	0.06583967	
318.8	0.06949096	0.06590002	
319	0.0692416	0.0659601	
319.2	0.06961363	0.06601991	
319.4	0.07002047	0.06607945	
319.6	0.06993031	0.06613872	
319.8	0.06959333	0.06619772	
320	0.06984131	0.06625646	
320.2	0.0700146	0.06631493	
320.4	0.0702355	0.06637313	
320.6	0.06998069	0.06643107	
320.8	0.06925924	0.06648875	
321	0.06937075	0.06654617	
321.2	0.06947604	0.06660333	
321.4	0.06950815	0.06666024	
321.6	0.06973511	0.06671688	
321.8	0.06972016	0.06677327	
322	0.06969121	0.0668294	
322.2	0.06941367	0.06688528	
322.4	0.06957209	0.06694091	
322.6	0.06962493	0.06699629	
322.8	0.06936376	0.06705141	
323	0.06921917	0.06710629	
323.2	0.06915909	0.06716092	
323.4	0.06924325	0.0672153	
323.6	0.06906448	0.06726944	
323.8	0.06909586	0.06732333	
324	0.0690275	0.06737698	
324.2	0.06909689	0.06743038	
324.4	0.06893423	0.06748355	
324.6	0.06900234	0.06753647	
324.8	0.06934457	0.06758916	
325	0.06979907	0.06764161	
325.2	0.07007925	0.06769382	
325.4	0.07039355	0.06774579	
325.6	0.07079569	0.06779753	
325.8	0.07117028	0.06784903	
326	0.07128232	0.06790031	
326.2	0.07084907	0.06795135	
326.4	0.07094873	0.06800216	
326.6	0.07098443	0.06805274	
326.8	0.07094502	0.06810309	
327	0.07109089	0.06815322	
327.2	0.07096475	0.06820311	
327.4	0.07109992	0.06825279	
327.6	0.07090897	0.06830223	
327.8	0.07071798	0.06835146	
328	0.07065489	0.06840046	
328.2	0.07057797	0.06844924	
328.4	0.07033487	0.0684978	
328.6	0.07006597	0.06854614	
328.8	0.07009159	0.06859427	
329	0.07007858	0.06864217	
329.2	0.07047347	0.06868986	
329.4	0.07008055	0.06873733	
329.6	0.06994864	0.06878459	
329.8	0.07033182	0.06883163	
330	0.07053567	0.06887847	
330.2	0.07052394	0.06892509	
330.4	0.07111553	0.0689715	
330.6	0.0709847	0.0690177	
330.8	0.0712907	0.06906369	
331	0.07154457	0.06910947	
331.2	0.07182118	0.06915505	
331.4	0.07182568	0.06920042	
331.6	0.07125745	0.06924559	
331.8	0.07087117	0.06929055	
332	0.07118143	0.06933531	
332.2	0.07103168	0.06937986	
332.4	0.07095599	0.06942422	
332.6	0.07065609	0.06946837	
332.8	0.07042358	0.06951233	
333	0.07028676	0.06955608	
333.2	0.07062459	0.06959964	
333.4	0.0700059	0.069643	
333.6	0.07022721	0.06968617	
333.8	0.07076015	0.06972914	
334	0.07068249	0.06977192	
334.2	0.07083143	0.0698145	
334.4	0.07118714	0.06985689	
334.6	0.07052423	0.06989909	
334.8	0.07073189	0.0699411	
335	0.07068746	0.06998292	
335.2	0.07103972	0.07002454	
335.4	0.07126167	0.07006599	
335.6	0.07147731	0.07010724	
335.8	0.07161287	0.07014831	
336	0.07258703	0.07018919	
336.2	0.07255128	0.07022989	
336.4	0.07287742	0.0702704	
336.6	0.07289051	0.07031073	
336.8	0.07240939	0.07035088	
337	0.07248165	0.07039085	
337.2	0.07244487	0.07043063	
337.4	0.07231657	0.07047024	
337.6	0.07237275	0.07050967	
337.8	0.07246281	0.07054892	
338	0.07201215	0.07058799	
338.2	0.07197331	0.07062688	
338.4	0.07173627	0.0706656	
338.6	0.07124841	0.07070415	
338.8	0.07147224	0.07074252	
339	0.07137245	0.07078071	
339.2	0.07144483	0.07081874	
339.4	0.07152527	0.07085659	
339.6	0.07203443	0.07089427	
339.8	0.07189373	0.07093178	
340	0.07207608	0.07096913	
340.2	0.0717791	0.0710063	
340.4	0.07135169	0.0710433	
340.6	0.0713795	0.07108014	
340.8	0.07122755	0.07111681	
341	0.07159221	0.07115332	
341.2	0.07131122	0.07118966	
341.4	0.07161559	0.07122583	
341.6	0.07155646	0.07126185	
341.8	0.07171597	0.0712977	
342	0.07202716	0.07133339	
342.2	0.07240094	0.07136891	
342.4	0.07250274	0.07140428	
342.6	0.07239664	0.07143949	
342.8	0.0724658	0.07147453	
343	0.07223263	0.07150942	
343.2	0.07207673	0.07154415	
343.4	0.0725093	0.07157873	
343.6	0.07265617	0.07161315	
343.8	0.0721767	0.07164741	
344	0.07202324	0.07168152	
344.2	0.07224986	0.07171547	
344.4	0.0721593	0.07174927	
344.6	0.07269957	0.07178292	
344.8	0.07273153	0.07181641	
345	0.07271537	0.07184976	
345.2	0.07237202	0.07188295	
345.4	0.07258731	0.07191599	
345.6	0.07261119	0.07194889	
345.8	0.07273007	0.07198163	
346	0.07308355	0.07201423	
346.2	0.07318237	0.07204668	
346.4	0.07289086	0.07207898	
346.6	0.0729323	0.07211114	
346.8	0.07294548	0.07214315	
347	0.07281445	0.07217502	
347.2	0.07295936	0.07220674	
347.4	0.0728599	0.07223832	
347.6	0.07270322	0.07226976	
347.8	0.07316208	0.07230106	
348	0.07316653	0.07233221	
348.2	0.07318689	0.07236322	
348.4	0.07332583	0.0723941	
348.6	0.07331089	0.07242483	
348.8	0.07297741	0.07245542	
349	0.07320753	0.07248588	
349.2	0.07327466	0.0725162	
349.4	0.07334569	0.07254638	
349.6	0.07352651	0.07257643	
349.8	0.07359041	0.07260634	
350	0.07352192	0.07263611	
350.2	0.07342198	0.07266575	
350.4	0.07294952	0.07269526	
350.6	0.07335014	0.07272463	
350.8	0.07339859	0.07275387	
351	0.0735177	0.07278298	
351.2	0.07355179	0.07281195	
351.4	0.0732773	0.0728408	
351.6	0.07333143	0.07286951	
351.8	0.07322366	0.0728981	
352	0.0730502	0.07292655	
352.2	0.07320746	0.07295488	
352.4	0.07338664	0.07298308	
352.6	0.0732034	0.07301115	
352.8	0.07306881	0.0730391	
353	0.07357263	0.07306691	
353.2	0.07345318	0.07309461	
353.4	0.0735113	0.07312218	
353.6	0.07351577	0.07314962	
353.8	0.07336696	0.07317694	
354	0.07337859	0.07320413	
354.2	0.07358368	0.07323121	
354.4	0.0740796	0.07325816	
354.6	0.07458115	0.07328499	
354.8	0.07450342	0.07331169	
355	0.07479533	0.07333828	
355.2	0.07514759	0.07336475	
355.4	0.07519872	0.07339109	
355.6	0.07549695	0.07341732	
355.8	0.07567209	0.07344343	
356	0.07584056	0.07346942	
356.2	0.07579967	0.0734953	
356.4	0.07622018	0.07352105	
356.6	0.07600901	0.07354669	
356.8	0.07580812	0.07357222	
357	0.07570411	0.07359763	
357.2	0.07550064	0.07362292	
357.4	0.07526059	0.0736481	
357.6	0.07518396	0.07367317	
357.8	0.07514889	0.07369812	
358	0.07503873	0.07372296	
358.2	0.0747859	0.07374769	
358.4	0.07469316	0.07377231	
358.6	0.07454737	0.07379681	
358.8	0.07493259	0.07382121	
359	0.07566947	0.07384549	
359.2	0.07615221	0.07386967	
359.4	0.07618783	0.07389373	
359.6	0.07662169	0.07391769	
359.8	0.07709039	0.07394154	
360	0.07709039	0.07396528	
360.2	0.07710381	0.07372374	
360.4	0.0768765	0.07348298	
360.6	0.07638499	0.07324302	
360.8	0.07617231	0.07300383	
361	0.07620163	0.07276543	
361.2	0.07617566	0.0725278	
361.4	0.07606912	0.07229096	
361.6	0.07542565	0.07205488	
361.8	0.07443369	0.07181958	
362	0.07414164	0.07158504	
362.2	0.07392549	0.07135127	
362.4	0.0733566	0.07111827	
362.6	0.07250906	0.07088602	
362.8	0.07175391	0.07065453	
363	0.07153631	0.0704238	
363.2	0.07106984	0.07019382	
363.4	0.07068503	0.0699646	
363.6	0.06949406	0.06973612	
363.8	0.06860507	0.06950839	
364	0.06835783	0.0692814	
364.2	0.06813535	0.06905515	
364.4	0.06780712	0.06882964	
364.6	0.06789621	0.06860487	
364.8	0.06807381	0.06838083	
365	0.06765793	0.06815753	
365.2	0.06745693	0.06793495	
365.4	0.06720573	0.0677131	
365.6	0.06657411	0.06749198	
365.8	0.06599958	0.06727157	
366	0.06622063	0.06705189	
366.2	0.06591098	0.06683292	
366.4	0.0654366	0.06661467	
366.6	0.06488247	0.06639713	
366.8	0.06427224	0.06618031	
367	0.06385208	0.06596419	
367.2	0.06354462	0.06574877	
367.4	0.06339877	0.06553406	
367.6	0.06275451	0.06532005	
367.8	0.06250761	0.06510674	
368	0.0627598	0.06489413	
368.2	0.06265599	0.06468221	
368.4	0.06245471	0.06447098	
368.6	0.0628607	0.06426044	
368.8	0.06258424	0.06405059	
369	0.06197991	0.06384143	
369.2	0.0619217	0.06363294	
369.4	0.06194988	0.06342514	
369.6	0.06196106	0.06321802	
369.8	0.06142446	0.06301157	
370	0.0611232	0.0628058	
370.2	0.0604379	0.0626007	
370.4	0.06005815	0.06239627	
370.6	0.05974594	0.06219251	
370.8	0.05965645	0.06198941	
371	0.05945461	0.06178698	
371.2	0.05893846	0.0615852	
371.4	0.05842801	0.06138409	
371.6	0.05808319	0.06118363	
371.8	0.05839384	0.06098383	
372	0.05797414	0.06078468	
372.2	0.05727569	0.06058618	
372.4	0.05675252	0.06038833	
372.6	0.05656347	0.06019112	
372.8	0.05627125	0.05999456	
373	0.05592905	0.05979864	
373.2	0.05570447	0.05960336	
373.4	0.05562151	0.05940872	
373.6	0.05530293	0.05921471	
373.8	0.05497043	0.05902134	
374	0.05504193	0.0588286	
374.2	0.05469413	0.05863649	
374.4	0.0544507	0.058445	
374.6	0.05431091	0.05825414	
374.8	0.05436024	0.05806391	
375	0.0541051	0.05787429	
375.2	0.05354633	0.0576853	
375.4	0.05308236	0.05749692	
375.6	0.05345892	0.05730915	
375.8	0.05356332	0.057122	
376	0.05322134	0.05693547	
376.2	0.05293153	0.05674954	
376.4	0.05237751	0.05656421	
376.6	0.05199879	0.0563795	
376.8	0.05212738	0.05619538	
377	0.05203263	0.05601187	
377.2	0.05184993	0.05582895	
377.4	0.05169205	0.05564664	
377.6	0.05127353	0.05546492	
377.8	0.05124019	0.05528379	
378	0.05090695	0.05510325	
378.2	0.05043818	0.05492331	
378.4	0.05002119	0.05474395	
378.6	0.04984128	0.05456518	
378.8	0.0495201	0.05438699	
379	0.04929103	0.05420938	
379.2	0.04905679	0.05403235	
379.4	0.04880577	0.0538559	
379.6	0.04883668	0.05368003	
379.8	0.04820884	0.05350473	
380	0.04830477	0.05333	
380.2	0.04853557	0.05315585	
380.4	0.04835167	0.05298226	
380.6	0.0479753	0.05280924	
380.8	0.04758117	0.05263679	
381	0.04739927	0.05246489	
381.2	0.04741246	0.05229356	
381.4	0.04729203	0.05212279	
381.6	0.04716992	0.05195258	
381.8	0.0470576	0.05178292	
382	0.04668518	0.05161382	
382.2	0.04706626	0.05144527	
382.4	0.04697486	0.05127727	
382.6	0.04729007	0.05110981	
382.8	0.04706695	0.05094291	
383	0.04663481	0.05077655	
383.2	0.04651754	0.05061073	
383.4	0.04633335	0.05044546	
383.6	0.04626468	0.05028072	
383.8	0.04585779	0.05011652	
384	0.04550593	0.04995286	
384.2	0.04553286	0.04978973	
384.4	0.04499057	0.04962714	
384.6	0.0446018	0.04946507	
384.8	0.0441993	0.04930354	
385	0.04420969	0.04914253	
385.2	0.04409844	0.04898205	
385.4	0.04391448	0.0488221	
385.6	0.04363219	0.04866266	
385.8	0.04304179	0.04850375	
386	0.04283208	0.04834535	
386.2	0.04307082	0.04818747	
386.4	0.04277586	0.04803011	
386.6	0.04315458	0.04787326	
386.8	0.04279672	0.04771693	
387	0.0424938	0.0475611	
387.2	0.04263746	0.04740579	
387.4	0.04253643	0.04725098	
387.6	0.04273218	0.04709667	
387.8	0.04217811	0.04694287	
388	0.04197099	0.04678957	
388.2	0.04203071	0.04663678	
388.4	0.04164006	0.04648448	
388.6	0.04145918	0.04633268	
388.8	0.04153936	0.04618137	
389	0.04173022	0.04603056	
389.2	0.0414395	0.04588024	
389.4	0.04127174	0.04573042	
389.6	0.04130588	0.04558108	
389.8	0.04133228	0.04543223	
390	0.04141553	0.04528386	
390.2	0.04139599	0.04513598	
390.4	0.04108208	0.04498859	
390.6	0.04115698	0.04484167	
390.8	0.04086681	0.04469523	
391	0.04070484	0.04454928	
391.2	0.04042687	0.0444038	
391.4	0.04018972	0.04425879	
391.6	0.03961774	0.04411426	
391.8	0.03895006	0.0439702	
392	0.03853676	0.04382661	
392.2	0.0379789	0.04368348	
392.4	0.03775853	0.04354083	
392.6	0.03740347	0.04339864	
392.8	0.03737031	0.04325692	
393	0.0369911	0.04311566	
393.2	0.03671761	0.04297486	
393.4	0.03633059	0.04283452	
393.6	0.03629182	0.04269464	
393.8	0.03605588	0.04255521	
394	0.03596825	0.04241624	
394.2	0.03611142	0.04227773	
394.4	0.03596273	0.04213967	
394.6	0.03587117	0.04200205	
394.8	0.03588845	0.04186489	
395	0.03581222	0.04172818	
395.2	0.03598172	0.04159191	
395.4	0.03606854	0.04145608	
395.6	0.03598438	0.0413207	
395.8	0.03632531	0.04118577	
396	0.03615675	0.04105127	
396.2	0.03668469	0.04091721	
396.4	0.03672951	0.04078359	
396.6	0.03673991	0.04065041	
396.8	0.03665655	0.04051766	
397	0.03626847	0.04038534	
397.2	0.03614109	0.04025346	
397.4	0.03586421	0.04012201	
397.6	0.03546714	0.03999098	
397.8	0.03511144	0.03986039	
398	0.03476562	0.03973022	
398.2	0.03439461	0.03960047	
398.4	0.03381959	0.03947115	
398.6	0.03344223	0.03934226	
398.8	0.03316546	0.03921378	
399	0.03306906	0.03908572	
399.2	0.0330154	0.03895808	
399.4	0.03252668	0.03883086	
399.6	0.03206411	0.03870405	
399.8	0.03190703	0.03857766	
400	0.03173559	0.03845168	
400.2	0.03182464	0.03832611	
400.4	0.03163478	0.03820095	
400.6	0.03174669	0.0380762	
400.8	0.03130486	0.03795186	
401	0.03122313	0.03782792	
401.2	0.03121488	0.03770439	
401.4	0.03130739	0.03758126	
401.6	0.03069104	0.03745854	
401.8	0.03075906	0.03733621	
402	0.03042396	0.03721429	
402.2	0.03024353	0.03709276	
402.4	0.03023053	0.03697163	
402.6	0.03036978	0.03685089	
402.8	0.03009842	0.03673055	
403	0.03052248	0.0366106	
403.2	0.03040302	0.03649105	
403.4	0.03022104	0.03637188	
403.6	0.029859	0.0362531	
403.8	0.03013886	0.03613471	
404	0.02999975	0.03601671	
404.2	0.02977575	0.03589909	
404.4	0.02984445	0.03578186	
404.6	0.0297206	0.03566501	
404.8	0.02962852	0.03554854	
405	0.02968699	0.03543246	
405.2	0.02999313	0.03531675	
405.4	0.02991949	0.03520141	
405.6	0.02944673	0.03508646	
405.8	0.02938943	0.03497188	
406	0.02902768	0.03485768	
406.2	0.02873649	0.03474384	
406.4	0.02849495	0.03463038	
406.6	0.02860326	0.03451729	
406.8	0.02844735	0.03440457	
407	0.02872185	0.03429222	
407.2	0.02834863	0.03418024	
407.4	0.02841548	0.03406862	
407.6	0.02855552	0.03395736	
407.8	0.02881394	0.03384647	
408	0.02839214	0.03373594	
408.2	0.02837034	0.03362577	
408.4	0.02835294	0.03351596	
408.6	0.02809627	0.03340651	
408.8	0.02824433	0.03329742	
409	0.02833561	0.03318868	
409.2	0.02835115	0.0330803	
409.4	0.02796246	0.03297227	
409.6	0.02771817	0.0328646	
409.8	0.02781221	0.03275727	
410	0.0272835	0.0326503	
410.2	0.02679841	0.03254368	
410.4	0.02653211	0.0324374	
410.6	0.02649929	0.03233147	
410.8	0.02603938	0.03222589	
411	0.02560204	0.03212065	
411.2	0.02512673	0.03201576	
411.4	0.02513784	0.03191121	
411.6	0.02494288	0.031807	
411.8	0.02456023	0.03170313	
412	0.02408249	0.0315996	
412.2	0.02416194	0.0314964	
412.4	0.02361001	0.03139355	
412.6	0.02326957	0.03129103	
412.8	0.02339733	0.03118884	
413	0.02339927	0.03108699	
413.2	0.02333953	0.03098548	
413.4	0.02296179	0.03088429	
413.6	0.02259231	0.03078343	
413.8	0.02280196	0.03068291	
414	0.02277193	0.03058271	
414.2	0.02314337	0.03048283	
414.4	0.0228502	0.03038329	
414.6	0.02282503	0.03028407	
414.8	0.02264519	0.03018517	
415	0.02268895	0.0300866	
415.2	0.02288168	0.02998835	
415.4	0.02328866	0.02989042	
415.6	0.02348988	0.02979281	
415.8	0.02338232	0.02969551	
416	0.0232275	0.02959854	
416.2	0.02352073	0.02950188	
416.4	0.02350657	0.02940554	
416.6	0.02351884	0.02930951	
416.8	0.02363126	0.0292138	
417	0.02355726	0.0291184	
417.2	0.02334167	0.02902331	
417.4	0.02298504	0.02892853	
417.6	0.02308195	0.02883406	
417.8	0.02313652	0.0287399	
418	0.0228262	0.02864604	
418.2	0.02238437	0.0285525	
418.4	0.02224815	0.02845926	
418.6	0.02259135	0.02836632	
418.8	0.02233743	0.02827368	
419	0.02197526	0.02818135	
419.2	0.02149109	0.02808932	
419.4	0.02173658	0.02799759	
419.6	0.02190291	0.02790616	
419.8	0.02177652	0.02781503	
420	0.02138328	0.0277242	
420.2	0.02099376	0.02763366	
420.4	0.02087539	0.02754342	
420.6	0.02107469	0.02745348	
420.8	0.02136541	0.02736382	
421	0.02144113	0.02727446	
421.2	0.02108407	0.02718539	
421.4	0.02085394	0.02709662	
421.6	0.02092667	0.02700813	
421.8	0.02104913	0.02691993	
422	0.02127743	0.02683202	
422.2	0.0211912	0.0267444	
422.4	0.0216472	0.02665706	
422.6	0.02135573	0.02657001	
422.8	0.02131363	0.02648324	
423	0.02125319	0.02639676	
423.2	0.02131103	0.02631056	
423.4	0.02133813	0.02622464	
423.6	0.02092835	0.026139	
423.8	0.02006285	0.02605364	
424	0.01981012	0.02596855	
424.2	0.01971998	0.02588375	
424.4	0.01940423	0.02579922	
424.6	0.01905885	0.02571497	
424.8	0.01859165	0.025631	
425	0.01849939	0.0255473	
425.2	0.01781595	0.02546387	
425.4	0.01781835	0.02538071	
425.6	0.01722793	0.02529783	
425.8	0.01707954	0.02521522	
426	0.01720854	0.02513287	
426.2	0.01721352	0.0250508	
426.4	0.01750656	0.02496899	
426.6	0.01733204	0.02488745	
426.8	0.01766969	0.02480618	
427	0.01774483	0.02472517	
427.2	0.01821373	0.02464443	
427.4	0.01839867	0.02456395	
427.6	0.01847464	0.02448373	
427.8	0.01838633	0.02440378	
428	0.01881959	0.02432408	
428.2	0.01932132	0.02424465	
428.4	0.01904669	0.02416548	
428.6	0.0191636	0.02408656	
428.8	0.01892907	0.0240079	
429	0.01864278	0.0239295	
429.2	0.01831974	0.02385136	
429.4	0.01842118	0.02377347	
429.6	0.01801831	0.02369583	
429.8	0.01802786	0.02361845	
430	0.01752908	0.02354132	
430.2	0.01728418	0.02346445	
430.4	0.01720345	0.02338782	
430.6	0.01728217	0.02331144	
430.8	0.01765795	0.02323532	
431	0.01729794	0.02315944	
431.2	0.01716382	0.02308381	
431.4	0.01717858	0.02300843	
431.6	0.01694284	0.02293329	
431.8	0.01739653	0.0228584	
432	0.01765368	0.02278375	
432.2	0.01754489	0.02270935	
432.4	0.01647718	0.02263519	
432.6	0.01630207	0.02256127	
432.8	0.01622401	0.02248759	
433	0.01609834	0.02241416	
433.2	0.01567602	0.02234096	
433.4	0.01508169	0.022268	
433.6	0.01432854	0.02219529	
433.8	0.01407255	0.0221228	
434	0.01386196	0.02205056	
434.2	0.01381045	0.02197855	
434.4	0.01364909	0.02190678	
434.6	0.01350667	0.02183524	
434.8	0.0131975	0.02176393	
435	0.01309254	0.02169286	
435.2	0.01370353	0.02162202	
435.4	0.01384882	0.02155141	
435.6	0.01350706	0.02148103	
435.8	0.01380947	0.02141088	
436	0.01369207	0.02134096	
436.2	0.01376155	0.02127127	
436.4	0.01340971	0.02120181	
436.6	0.01308842	0.02113257	
436.8	0.01286542	0.02106356	
437	0.01255705	0.02099477	
437.2	0.01233509	0.02092621	
437.4	0.01228518	0.02085787	
437.6	0.01193534	0.02078976	
437.8	0.01196313	0.02072187	
438	0.01172874	0.0206542	
438.2	0.01173804	0.02058675	
438.4	0.01229894	0.02051952	
438.6	0.0120454	0.02045251	
438.8	0.01190084	0.02038572	
439	0.01208185	0.02031915	
439.2	0.01251834	0.0202528	
439.4	0.01240818	0.02018666	
439.6	0.01255354	0.02012074	
439.8	0.01284431	0.02005503	
440	0.01249748	0.01998954	
440.2	0.01237154	0.01992426	
440.4	0.01205034	0.01985919	
440.6	0.01216361	0.01979434	
440.8	0.01227561	0.0197297	
441	0.01200119	0.01966527	
441.2	0.01159811	0.01960105	
441.4	0.01133706	0.01953704	
441.6	0.01134808	0.01947324	
441.8	0.01142894	0.01940965	
442	0.01130247	0.01934626	
442.2	0.01105198	0.01928309	
442.4	0.01110912	0.01922011	
442.6	0.0106549	0.01915735	
442.8	0.01108399	0.01909479	
443	0.01115607	0.01903243	
443.2	0.0114589	0.01897028	
443.4	0.01088784	0.01890833	
443.6	0.01077432	0.01884658	
443.8	0.01066391	0.01878504	
444	0.01046264	0.01872369	
444.2	0.01082662	0.01866255	
444.4	0.01060789	0.0186016	
444.6	0.01031724	0.01854086	
444.8	0.01066504	0.01848031	
445	0.01063061	0.01841996	
445.2	0.01078307	0.01835981	
445.4	0.01084283	0.01829985	
445.6	0.01053676	0.01824009	
445.8	0.01052292	0.01818052	
446	0.01082831	0.01812115	
446.2	0.0111218	0.01806198	
446.4	0.01139728	0.01800299	
446.6	0.0112801	0.0179442	
446.8	0.01115575	0.0178856	
447	0.01080991	0.0178272	
447.2	0.01103377	0.01776898	
447.4	0.01110539	0.01771095	
447.6	0.01096735	0.01765311	
447.8	0.01043116	0.01759547	
448	0.01019176	0.01753801	
448.2	0.00993864	0.01748073	
448.4	0.00952628	0.01742365	
448.6	0.009343	0.01736675	
448.8	0.00939016	0.01731004	
449	0.00849365	0.01725351	
449.2	0.00831122	0.01719716	
449.4	0.00811386	0.017141	
449.6	0.00801699	0.01708503	
449.8	0.0079111	0.01702924	
450	0.00777232	0.01697362	
450.2	0.00790135	0.01691819	
450.4	0.00812774	0.01686295	
450.6	0.00849945	0.01680788	
450.8	0.00861123	0.01675299	
451	0.00867165	0.01669828	
451.2	0.00879283	0.01664375	
451.4	0.00890227	0.0165894	
451.6	0.00859685	0.01653522	
451.8	0.00891955	0.01648123	
452	0.00906007	0.0164274	
452.2	0.00842667	0.01637376	
452.4	0.00816021	0.01632029	
452.6	0.00814337	0.01626699	
452.8	0.0083375	0.01621387	
453	0.00822638	0.01616092	
453.2	0.00814488	0.01610815	
453.4	0.00772482	0.01605554	
453.6	0.00718899	0.01600311	
453.8	0.00715679	0.01595085	
454	0.00758222	0.01589876	
454.2	0.00775154	0.01584684	
454.4	0.00729749	0.01579509	
454.6	0.00709327	0.01574351	
454.8	0.00703169	0.0156921	
455	0.00725314	0.01564086	
455.2	0.00763566	0.01558978	
455.4	0.00746719	0.01553887	
455.6	0.00718576	0.01548812	
455.8	0.00738579	0.01543755	
456	0.00729426	0.01538713	
456.2	0.00753014	0.01533688	
456.4	0.00755564	0.0152868	
456.6	0.00772741	0.01523688	
456.8	0.00737982	0.01518712	
457	0.00731516	0.01513753	
457.2	0.00747704	0.01508809	
457.4	0.0072922	0.01503882	
457.6	0.0069301	0.01498971	
457.8	0.00666434	0.01494076	
458	0.00628464	0.01489197	
458.2	0.00610279	0.01484334	
458.4	0.00604072	0.01479486	
458.6	0.00646444	0.01474655	
458.8	0.00641498	0.01469839	
459	0.00625946	0.01465039	
459.2	0.00594306	0.01460255	
459.4	0.005851	0.01455486	
459.6	0.00619733	0.01450733	
459.8	0.00641626	0.01445996	
460	0.00611579	0.01441274	
460.2	0.00580133	0.01436567	
460.4	0.00562214	0.01431876	
460.6	0.00635882	0.014272	
460.8	0.00670588	0.01422539	
461	0.00688328	0.01417894	
461.2	0.00675677	0.01413263	
461.4	0.00634312	0.01408648	
461.6	0.00620707	0.01404048	
461.8	0.00639834	0.01399463	
462	0.0065897	0.01394893	
462.2	0.00604062	0.01390338	
462.4	0.00534888	0.01385797	
462.6	0.00513711	0.01381272	
462.8	0.0051137	0.01376761	
463	0.00537053	0.01372265	
463.2	0.00534756	0.01367784	
463.4	0.00520905	0.01363317	
463.6	0.00481989	0.01358865	
463.8	0.00459335	0.01354427	
464	0.0043881	0.01350004	
464.2	0.00479858	0.01345596	
464.4	0.00511059	0.01341202	
464.6	0.00505496	0.01336822	
464.8	0.00488979	0.01332456	
465	0.00464385	0.01328105	
465.2	0.00538976	0.01323768	
465.4	0.00527497	0.01319445	
465.6	0.00518792	0.01315136	
465.8	0.00479647	0.01310841	
466	0.00443139	0.01306561	
466.2	0.00419337	0.01302294	
466.4	0.00426302	0.01298041	
466.6	0.00457902	0.01293802	
466.8	0.00448413	0.01289577	
467	0.00424414	0.01285366	
467.2	0.00400851	0.01281168	
467.4	0.00424863	0.01276984	
467.6	0.00432252	0.01272814	
467.8	0.00428962	0.01268658	
468	0.00371264	0.01264515	
468.2	0.00356977	0.01260385	
468.4	0.0034241	0.01256269	
468.6	0.00383434	0.01252167	
468.8	0.00422886	0.01248078	
469	0.004415	0.01244002	
469.2	0.004801	0.0123994	
469.4	0.00448352	0.0123589	
469.6	0.00472145	0.01231854	
469.8	0.00494266	0.01227832	
470	0.00538054	0.01223822	
470.2	0.0049175	0.01219826	
470.4	0.00455831	0.01215842	
470.6	0.00452077	0.01211872	
470.8	0.00450945	0.01207914	
471	0.00459079	0.01203969	
471.2	0.00443354	0.01200038	
471.4	0.003809	0.01196119	
471.6	0.00297552	0.01192213	
471.8	0.00240345	0.01188319	
472	0.002492	0.01184439	
472.2	0.00301255	0.01180571	
472.4	0.00296131	0.01176716	
472.6	0.00263558	0.01172873	
472.8	0.00233273	0.01169043	
473	0.00254482	0.01165225	
473.2	0.00260925	0.0116142	
473.4	0.00289475	0.01157627	
473.6	0.00255974	0.01153847	
473.8	0.00202389	0.01150079	
474	0.00225861	0.01146323	
474.2	0.00267277	0.0114258	
474.4	0.00311728	0.01138848	
474.6	0.00321808	0.01135129	
474.8	0.0025858	0.01131422	
475	0.00249566	0.01127728	
475.2	0.00252307	0.01124045	
475.4	0.00274888	0.01120374	
475.6	0.00308328	0.01116715	
475.8	0.00349491	0.01113069	
476	0.00363973	0.01109434	
476.2	0.00355166	0.01105811	
476.4	0.00332759	0.011022	
476.6	0.00338996	0.010986	
476.8	0.00344032	0.01095013	
477	0.002836	0.01091437	
477.2	0.0021175	0.01087873	
477.4	0.00176492	0.0108432	
477.6	0.00154407	0.01080779	
477.8	0.00192965	0.0107725	
478	0.00273146	0.01073732	
478.2	0.00285615	0.01070225	
478.4	0.00219137	0.0106673	
478.6	0.00157242	0.01063247	
478.8	0.00106612	0.01059775	
479	0.00142971	0.01056314	
479.2	0.00124891	0.01052864	
479.4	0.00086208	0.01049426	
479.6	0.00019001	0.01045999	
479.8	-0.00029645	0.01042583	
