Conc1	5.72E-08	
Start1	300	
Stop1	539.8	
Kobs	5.88780867363369E-54	
Error Kobs	0.000252523136736854	
Koff	0	
Error Koff	0	
Time1	Data1	Fit1	
300	0.02646375	0	
300.2	0.02583553	0.00025827	
300.4	0.02530542	0.00051546	
300.6	0.02472436	0.00077157	
300.8	0.02422791	0.0010266	
301	0.02361775	0.00128057	
301.2	0.02315734	0.00153346	
301.4	0.02289414	0.0017853	
301.6	0.02254182	0.00203608	
301.8	0.02219577	0.0022858	
302	0.02165096	0.00253448	
302.2	0.02100207	0.00278212	
302.4	0.02102987	0.00302871	
302.6	0.02126987	0.00327427	
302.8	0.02145571	0.0035188	
303	0.0215206	0.0037623	
303.2	0.02134536	0.00400478	
303.4	0.0211239	0.00424624	
303.6	0.02135997	0.00448669	
303.8	0.02129396	0.00472613	
304	0.02154471	0.00496456	
304.2	0.02165783	0.00520199	
304.4	0.02206678	0.00543843	
304.6	0.02252958	0.00567387	
304.8	0.02279918	0.00590833	
305	0.02312447	0.0061418	
305.2	0.0236582	0.00637429	
305.4	0.0240519	0.00660581	
305.6	0.02400175	0.00683635	
305.8	0.02411382	0.00706592	
306	0.024169	0.00729454	
306.2	0.02417665	0.00752219	
306.4	0.02451169	0.00774888	
306.6	0.0241449	0.00797463	
306.8	0.02362678	0.00819943	
307	0.02367491	0.00842328	
307.2	0.02375864	0.00864619	
307.4	0.02358349	0.00886817	
307.6	0.02391926	0.00908922	
307.8	0.02419153	0.00930934	
308	0.02461764	0.00952853	
308.2	0.0251172	0.00974681	
308.4	0.02505007	0.00996416	
308.6	0.02501308	0.01018061	
308.8	0.02508971	0.01039615	
309	0.02535188	0.01061078	
309.2	0.02537703	0.01082451	
309.4	0.02541985	0.01103734	
309.6	0.02534905	0.01124929	
309.8	0.02561769	0.01146034	
310	0.02557538	0.0116705	
310.2	0.02520041	0.01187978	
310.4	0.02502485	0.01208819	
310.6	0.02496477	0.01229572	
310.8	0.02547236	0.01250238	
311	0.02603364	0.01270817	
311.2	0.02621958	0.01291309	
311.4	0.02625321	0.01311716	
311.6	0.02650638	0.01332037	
311.8	0.02663444	0.01352273	
312	0.02689702	0.01372424	
312.2	0.02715766	0.0139249	
312.4	0.02659548	0.01412472	
312.6	0.02659064	0.0143237	
312.8	0.02657554	0.01452184	
313	0.02670611	0.01471916	
313.2	0.02648132	0.01491564	
313.4	0.0262692	0.0151113	
313.6	0.02608463	0.01530614	
313.8	0.02591832	0.01550016	
314	0.02580189	0.01569337	
314.2	0.02608076	0.01588577	
314.4	0.02621064	0.01607736	
314.6	0.02701676	0.01626814	
314.8	0.02761195	0.01645812	
315	0.02806935	0.01664731	
315.2	0.02872808	0.0168357	
315.4	0.02886557	0.0170233	
315.6	0.0289949	0.01721011	
315.8	0.02923861	0.01739614	
316	0.02946615	0.01758139	
316.2	0.02930931	0.01776586	
316.4	0.0287415	0.01794956	
316.6	0.02893562	0.01813248	
316.8	0.02858705	0.01831464	
317	0.02861078	0.01849603	
317.2	0.02827657	0.01867666	
317.4	0.02799309	0.01885654	
317.6	0.02761793	0.01903565	
317.8	0.02733125	0.01921402	
318	0.02702061	0.01939164	
318.2	0.0268719	0.01956851	
318.4	0.02642232	0.01974464	
318.6	0.0266601	0.01992003	
318.8	0.02692128	0.02009468	
319	0.02732347	0.0202686	
319.2	0.02745016	0.02044179	
319.4	0.0272392	0.02061425	
319.6	0.02762043	0.02078599	
319.8	0.0276721	0.02095701	
320	0.02775489	0.02112731	
320.2	0.02793021	0.0212969	
320.4	0.02822005	0.02146577	
320.6	0.02866895	0.02163394	
320.8	0.02877277	0.0218014	
321	0.02938155	0.02196815	
321.2	0.02939428	0.02213421	
321.4	0.02945367	0.02229957	
321.6	0.02925936	0.02246423	
321.8	0.02914182	0.0226282	
322	0.02898975	0.02279149	
322.2	0.02888551	0.02295409	
322.4	0.0287889	0.02311601	
322.6	0.02869771	0.02327724	
322.8	0.02881425	0.02343781	
323	0.0290197	0.02359769	
323.2	0.02897329	0.02375691	
323.4	0.02926905	0.02391545	
323.6	0.02964139	0.02407334	
323.8	0.02944918	0.02423056	
324	0.02949057	0.02438711	
324.2	0.02969424	0.02454302	
324.4	0.03016529	0.02469826	
324.6	0.03041367	0.02485286	
324.8	0.03091797	0.02500681	
325	0.03095907	0.02516011	
325.2	0.03120659	0.02531276	
325.4	0.03138031	0.02546478	
325.6	0.03131568	0.02561616	
325.8	0.03139384	0.0257669	
326	0.03166644	0.02591701	
326.2	0.03177664	0.02606649	
326.4	0.03150528	0.02621534	
326.6	0.03136262	0.02636357	
326.8	0.03117005	0.02651117	
327	0.03148156	0.02665816	
327.2	0.03123808	0.02680453	
327.4	0.03142365	0.02695028	
327.6	0.03118253	0.02709542	
327.8	0.03081017	0.02723996	
328	0.03091218	0.02738388	
328.2	0.03131223	0.02752721	
328.4	0.03192362	0.02766993	
328.6	0.03194297	0.02781205	
328.8	0.03237903	0.02795357	
329	0.03269636	0.0280945	
329.2	0.03326943	0.02823484	
329.4	0.0330528	0.02837459	
329.6	0.03318813	0.02851376	
329.8	0.03337578	0.02865233	
330	0.03339952	0.02879033	
330.2	0.03335042	0.02892775	
330.4	0.0329786	0.02906459	
330.6	0.03287281	0.02920086	
330.8	0.03233423	0.02933655	
331	0.03238577	0.02947168	
331.2	0.03206741	0.02960624	
331.4	0.03220671	0.02974023	
331.6	0.03210491	0.02987366	
331.8	0.03215307	0.03000653	
332	0.03263368	0.03013884	
332.2	0.03304093	0.0302706	
332.4	0.03329116	0.03040181	
332.6	0.03341891	0.03053246	
332.8	0.03400855	0.03066256	
333	0.03427686	0.03079212	
333.2	0.03404986	0.03092114	
333.4	0.03402322	0.03104961	
333.6	0.0341737	0.03117755	
333.8	0.03404224	0.03130494	
334	0.03404229	0.03143181	
334.2	0.03422674	0.03155814	
334.4	0.03417376	0.03168394	
334.6	0.03406829	0.03180921	
334.8	0.03417979	0.03193395	
335	0.03432831	0.03205818	
335.2	0.03458768	0.03218188	
335.4	0.0348917	0.03230506	
335.6	0.03503267	0.03242772	
335.8	0.03536123	0.03254987	
336	0.03560425	0.03267151	
336.2	0.03564461	0.03279263	
336.4	0.035686	0.03291325	
336.6	0.03594903	0.03303336	
336.8	0.03597273	0.03315297	
337	0.03563746	0.03327207	
337.2	0.03544917	0.03339068	
337.4	0.03533968	0.03350879	
337.6	0.03521992	0.0336264	
337.8	0.03500047	0.03374352	
338	0.03528225	0.03386014	
338.2	0.03559212	0.03397628	
338.4	0.03537674	0.03409193	
338.6	0.03571396	0.03420709	
338.8	0.03572911	0.03432177	
339	0.03584062	0.03443597	
339.2	0.03556148	0.03454969	
339.4	0.0354834	0.03466293	
339.6	0.03522745	0.0347757	
339.8	0.03583218	0.03488799	
340	0.03555558	0.03499981	
340.2	0.03561932	0.03511116	
340.4	0.03538389	0.03522205	
340.6	0.03528468	0.03533247	
340.8	0.03498935	0.03544242	
341	0.03484397	0.03555192	
341.2	0.03468934	0.03566095	
341.4	0.03459895	0.03576953	
341.6	0.03475862	0.03587765	
341.8	0.03477473	0.03598532	
342	0.03492329	0.03609253	
342.2	0.03522084	0.0361993	
342.4	0.03511202	0.03630562	
342.6	0.03535684	0.03641149	
342.8	0.03518202	0.03651691	
343	0.03540794	0.0366219	
343.2	0.03518141	0.03672644	
343.4	0.03531964	0.03683055	
343.6	0.03572869	0.03693421	
343.8	0.03633497	0.03703744	
344	0.03629754	0.03714024	
344.2	0.03660283	0.03724261	
344.4	0.0364999	0.03734455	
344.6	0.03686229	0.03744606	
344.8	0.03683608	0.03754714	
345	0.03714329	0.0376478	
345.2	0.03708494	0.03774804	
345.4	0.03710051	0.03784785	
345.6	0.03678134	0.03794725	
345.8	0.0366398	0.03804623	
346	0.03699606	0.0381448	
346.2	0.03701902	0.03824295	
346.4	0.03682483	0.03834068	
346.6	0.03656981	0.03843801	
346.8	0.03671366	0.03853493	
347	0.03637505	0.03863144	
347.2	0.0364963	0.03872755	
347.4	0.03618985	0.03882326	
347.6	0.03664215	0.03891856	
347.8	0.03679652	0.03901346	
348	0.03716574	0.03910797	
348.2	0.03709673	0.03920207	
348.4	0.03716762	0.03929579	
348.6	0.03737246	0.0393891	
348.8	0.03729107	0.03948203	
349	0.03755467	0.03957457	
349.2	0.03749862	0.03966672	
349.4	0.03754833	0.03975848	
349.6	0.03753882	0.03984986	
349.8	0.03821674	0.03994085	
350	0.03842143	0.04003146	
350.2	0.03806627	0.04012169	
350.4	0.03805777	0.04021154	
350.6	0.03782857	0.04030102	
350.8	0.03778843	0.04039012	
351	0.03756046	0.04047884	
351.2	0.03778329	0.04056719	
351.4	0.03751805	0.04065518	
351.6	0.03811015	0.04074279	
351.8	0.03812607	0.04083003	
352	0.03790119	0.04091691	
352.2	0.03773544	0.04100343	
352.4	0.03771867	0.04108958	
352.6	0.03758387	0.04117537	
352.8	0.03765791	0.0412608	
353	0.03780126	0.04134587	
353.2	0.03790889	0.04143058	
353.4	0.03781401	0.04151494	
353.6	0.03789127	0.04159894	
353.8	0.03800332	0.04168259	
354	0.03783932	0.04176589	
354.2	0.03780596	0.04184884	
354.4	0.03782651	0.04193144	
354.6	0.03800802	0.0420137	
354.8	0.03831373	0.04209561	
355	0.0384732	0.04217717	
355.2	0.03835357	0.0422584	
355.4	0.03864201	0.04233928	
355.6	0.03921277	0.04241982	
355.8	0.03894196	0.04250003	
356	0.03893997	0.0425799	
356.2	0.03921574	0.04265943	
356.4	0.03939047	0.04273863	
356.6	0.0396945	0.04281749	
356.8	0.03986742	0.04289603	
357	0.03991813	0.04297424	
357.2	0.03964955	0.04305211	
357.4	0.03958001	0.04312967	
357.6	0.03990823	0.04320689	
357.8	0.04011865	0.04328379	
358	0.04034504	0.04336037	
358.2	0.04030998	0.04343663	
358.4	0.04057037	0.04351256	
358.6	0.04065334	0.04358818	
358.8	0.04030977	0.04366348	
359	0.03997597	0.04373847	
359.2	0.03974244	0.04381314	
359.4	0.03999626	0.04388749	
359.6	0.04000408	0.04396154	
359.8	0.04003182	0.04403527	
360	0.03988962	0.04410869	
360.2	0.04000198	0.04418181	
360.4	0.04038644	0.04425462	
360.6	0.0402769	0.04432712	
360.8	0.04006622	0.04439932	
361	0.03987929	0.04447121	
361.2	0.04003063	0.04454281	
361.4	0.0404045	0.0446141	
361.6	0.04027846	0.0446851	
361.8	0.04026135	0.04475579	
362	0.04064347	0.04482619	
362.2	0.04049491	0.04489629	
362.4	0.04045659	0.0449661	
362.6	0.04023994	0.04503562	
362.8	0.03987396	0.04510485	
363	0.03983631	0.04517378	
363.2	0.03939228	0.04524242	
363.4	0.03958367	0.04531078	
363.6	0.0396204	0.04537885	
363.8	0.03996861	0.04544663	
364	0.03970116	0.04551413	
364.2	0.03988729	0.04558135	
364.4	0.04002139	0.04564828	
364.6	0.03994994	0.04571493	
364.8	0.0402222	0.04578131	
365	0.04082955	0.0458474	
365.2	0.04113027	0.04591322	
365.4	0.04118007	0.04597876	
365.6	0.04139066	0.04604403	
365.8	0.04181993	0.04610902	
366	0.04208172	0.04617374	
366.2	0.04172344	0.04623818	
366.4	0.04145094	0.04630236	
366.6	0.04161841	0.04636627	
366.8	0.04138821	0.0464299	
367	0.04124712	0.04649328	
367.2	0.04092844	0.04655638	
367.4	0.04120025	0.04661922	
367.6	0.0408596	0.0466818	
367.8	0.04091822	0.04674411	
368	0.04083353	0.04680617	
368.2	0.04062172	0.04686796	
368.4	0.0410268	0.04692949	
368.6	0.04175062	0.04699077	
368.8	0.04200653	0.04705178	
369	0.04249946	0.04711255	
369.2	0.0424066	0.04717305	
369.4	0.04272321	0.0472333	
369.6	0.04239551	0.0472933	
369.8	0.04243432	0.04735305	
370	0.04234022	0.04741255	
370.2	0.04244402	0.04747179	
370.4	0.04252072	0.04753079	
370.6	0.04302814	0.04758954	
370.8	0.04270814	0.04764805	
371	0.04260561	0.0477063	
371.2	0.04279966	0.04776432	
371.4	0.04284071	0.04782209	
371.6	0.04264482	0.04787962	
371.8	0.04285091	0.0479369	
372	0.04285716	0.04799395	
372.2	0.04288409	0.04805075	
372.4	0.04298782	0.04810732	
372.6	0.0428094	0.04816365	
372.8	0.04276675	0.04821975	
373	0.0427201	0.0482756	
373.2	0.04271187	0.04833123	
373.4	0.0426757	0.04838662	
373.6	0.04257379	0.04844178	
373.8	0.04280619	0.0484967	
374	0.04285835	0.0485514	
374.2	0.0431189	0.04860586	
374.4	0.0430796	0.0486601	
374.6	0.0431025	0.04871411	
374.8	0.04320832	0.0487679	
375	0.04339487	0.04882145	
375.2	0.043406	0.04887479	
375.4	0.04318613	0.04892789	
375.6	0.04287793	0.04898078	
375.8	0.04309372	0.04903344	
376	0.04289725	0.04908589	
376.2	0.04246037	0.04913811	
376.4	0.04171257	0.04919011	
376.6	0.04162602	0.0492419	
376.8	0.0419454	0.04929347	
377	0.04172708	0.04934482	
377.2	0.04229472	0.04939595	
377.4	0.04238573	0.04944687	
377.6	0.04190835	0.04949758	
377.8	0.04188084	0.04954807	
378	0.04246753	0.04959836	
378.2	0.04267456	0.04964843	
378.4	0.04241201	0.04969829	
378.6	0.04256693	0.04974794	
378.8	0.04279548	0.04979738	
379	0.04273164	0.04984662	
379.2	0.04298535	0.04989565	
379.4	0.04329015	0.04994447	
379.6	0.04341472	0.04999309	
379.8	0.04377511	0.05004151	
380	0.04323561	0.05008972	
380.2	0.04312396	0.05013773	
380.4	0.04336522	0.05018553	
380.6	0.04387487	0.05023314	
380.8	0.04409425	0.05028055	
381	0.04418791	0.05032775	
381.2	0.04471671	0.05037476	
381.4	0.04422028	0.05042158	
381.6	0.04364613	0.05046819	
381.8	0.04407641	0.05051461	
382	0.04423389	0.05056084	
382.2	0.04372543	0.05060687	
382.4	0.04339548	0.05065271	
382.6	0.04350993	0.05069835	
382.8	0.04363752	0.0507438	
383	0.04348666	0.05078907	
383.2	0.0435902	0.05083414	
383.4	0.04378233	0.05087902	
383.6	0.04396821	0.05092372	
383.8	0.04397379	0.05096823	
384	0.04388031	0.05101255	
384.2	0.04425242	0.05105668	
384.4	0.04458423	0.05110063	
384.6	0.04481065	0.0511444	
384.8	0.04487809	0.05118798	
385	0.04514764	0.05123138	
385.2	0.04529777	0.05127459	
385.4	0.04474126	0.05131763	
385.6	0.04485214	0.05136048	
385.8	0.04534318	0.05140316	
386	0.04527262	0.05144565	
386.2	0.04530455	0.05148797	
386.4	0.04521573	0.05153011	
386.6	0.04491265	0.05157207	
386.8	0.04480249	0.05161386	
387	0.04467363	0.05165547	
387.2	0.04471895	0.0516969	
387.4	0.04470142	0.05173817	
387.6	0.04483574	0.05177926	
387.8	0.04470665	0.05182017	
388	0.04503983	0.05186092	
388.2	0.04516181	0.05190149	
388.4	0.04555497	0.05194189	
388.6	0.04586295	0.05198213	
388.8	0.04614317	0.05202219	
389	0.04617439	0.05206209	
389.2	0.04630043	0.05210182	
389.4	0.04651101	0.05214138	
389.6	0.04686578	0.05218078	
389.8	0.04721103	0.05222001	
390	0.04708547	0.05225907	
390.2	0.04700927	0.05229798	
390.4	0.04655496	0.05233672	
390.6	0.04652335	0.05237529	
390.8	0.04625372	0.05241371	
391	0.04602962	0.05245196	
391.2	0.04594344	0.05249005	
391.4	0.0458256	0.05252799	
391.6	0.04588212	0.05256576	
391.8	0.04584189	0.05260337	
392	0.04577508	0.05264083	
392.2	0.04565588	0.05267813	
392.4	0.04534961	0.05271527	
392.6	0.0451519	0.05275226	
392.8	0.0449375	0.05278909	
393	0.04509496	0.05282577	
393.2	0.04543725	0.05286229	
393.4	0.04552904	0.05289866	
393.6	0.04554711	0.05293488	
393.8	0.04550828	0.05297095	
394	0.04541105	0.05300686	
394.2	0.04540675	0.05304262	
394.4	0.04545346	0.05307824	
394.6	0.04546625	0.0531137	
394.8	0.04546934	0.05314902	
395	0.04582878	0.05318418	
395.2	0.0460121	0.0532192	
395.4	0.04580996	0.05325407	
395.6	0.0458267	0.0532888	
395.8	0.04586785	0.05332338	
396	0.04588833	0.05335781	
396.2	0.04585324	0.0533921	
396.4	0.04549849	0.05342625	
396.6	0.04569831	0.05346025	
396.8	0.04600324	0.05349411	
397	0.04650881	0.05352783	
397.2	0.04661601	0.05356141	
397.4	0.0464592	0.05359484	
397.6	0.04682496	0.05362814	
397.8	0.04657737	0.05366129	
398	0.04696288	0.05369431	
398.2	0.04739895	0.05372719	
398.4	0.04755068	0.05375993	
398.6	0.04805261	0.05379253	
398.8	0.04854171	0.05382499	
399	0.04868948	0.05385732	
399.2	0.04886869	0.05388952	
399.4	0.04890349	0.05392157	
399.6	0.04910606	0.0539535	
399.8	0.04938552	0.05398529	
400	0.04954623	0.05401694	
400.2	0.04911744	0.05404847	
400.4	0.0488681	0.05407986	
400.6	0.04883236	0.05411112	
400.8	0.04881396	0.05414224	
401	0.04841113	0.05417324	
401.2	0.04807676	0.05420411	
401.4	0.04746157	0.05423485	
401.6	0.04726743	0.05426546	
401.8	0.04672973	0.05429594	
402	0.04696725	0.05432629	
402.2	0.04698603	0.05435651	
402.4	0.04693105	0.05438661	
402.6	0.04701652	0.05441658	
402.8	0.04666367	0.05444643	
403	0.04656408	0.05447615	
403.2	0.04707627	0.05450574	
403.4	0.04735426	0.05453521	
403.6	0.04766924	0.05456456	
403.8	0.04804992	0.05459379	
404	0.04822614	0.05462289	
404.2	0.04827781	0.05465187	
404.4	0.04852752	0.05468073	
404.6	0.04865515	0.05470946	
404.8	0.04874464	0.05473808	
405	0.04860684	0.05476657	
405.2	0.04860731	0.05479495	
405.4	0.04856444	0.05482321	
405.6	0.048478	0.05485135	
405.8	0.04829775	0.05487937	
406	0.04798776	0.05490727	
406.2	0.04782884	0.05493506	
406.4	0.04759321	0.05496273	
406.6	0.04747513	0.05499028	
406.8	0.04719357	0.05501772	
407	0.04729485	0.05504504	
407.2	0.04730812	0.05507225	
407.4	0.04715832	0.05509934	
407.6	0.04695566	0.05512632	
407.8	0.04696079	0.05515319	
408	0.04713104	0.05517994	
408.2	0.0473962	0.05520658	
408.4	0.04748484	0.05523311	
408.6	0.04745914	0.05525953	
408.8	0.04797287	0.05528584	
409	0.04837389	0.05531203	
409.2	0.04867779	0.05533812	
409.4	0.04891024	0.0553641	
409.6	0.04875852	0.05538996	
409.8	0.04849197	0.05541572	
410	0.04872392	0.05544138	
410.2	0.04919233	0.05546692	
410.4	0.04903005	0.05549236	
410.6	0.04903074	0.05551769	
410.8	0.04874208	0.05554291	
411	0.04884528	0.05556803	
411.2	0.04844746	0.05559304	
411.4	0.04858676	0.05561795	
411.6	0.04811947	0.05564275	
411.8	0.04802272	0.05566745	
412	0.04829356	0.05569204	
412.2	0.04834598	0.05571653	
412.4	0.04850683	0.05574092	
412.6	0.0486384	0.05576521	
412.8	0.04904712	0.05578939	
413	0.04905164	0.05581348	
413.2	0.04901858	0.05583746	
413.4	0.04924483	0.05586134	
413.6	0.04914834	0.05588512	
413.8	0.04924275	0.0559088	
414	0.04961667	0.05593238	
414.2	0.04950985	0.05595587	
414.4	0.04917359	0.05597925	
414.6	0.04933651	0.05600254	
414.8	0.04892534	0.05602572	
415	0.04906686	0.05604881	
415.2	0.04852403	0.05607181	
415.4	0.04868063	0.05609471	
415.6	0.04854777	0.05611751	
415.8	0.04877065	0.05614021	
416	0.04876537	0.05616282	
416.2	0.04883752	0.05618534	
416.4	0.04929997	0.05620776	
416.6	0.04939975	0.05623009	
416.8	0.04963298	0.05625232	
417	0.04995492	0.05627446	
417.2	0.05022154	0.05629651	
417.4	0.05051402	0.05631846	
417.6	0.05064051	0.05634032	
417.8	0.05090845	0.05636209	
418	0.0509463	0.05638377	
418.2	0.05088845	0.05640536	
418.4	0.0507959	0.05642686	
418.6	0.05074647	0.05644826	
418.8	0.05030851	0.05646958	
419	0.05051203	0.05649081	
419.2	0.05026702	0.05651195	
419.4	0.05037664	0.056533	
419.6	0.05028737	0.05655396	
419.8	0.05004909	0.05657483	
420	0.04948719	0.05659551	
420.2	0.04955582	0.05659551	
420.4	0.04977737	0.05659551	
420.6	0.05026282	0.05659551	
420.8	0.05099909	0.05659551	
421	0.05166655	0.05659551	
421.2	0.05214839	0.05659551	
421.4	0.05302766	0.05659551	
421.6	0.05358843	0.05659551	
421.8	0.05421502	0.05659551	
422	0.05485909	0.05659551	
422.2	0.05572837	0.05659551	
422.4	0.05591934	0.05659551	
422.6	0.05639716	0.05659551	
422.8	0.05653835	0.05659551	
423	0.05653521	0.05659551	
423.2	0.05678535	0.05659551	
423.4	0.05682562	0.05659551	
423.6	0.05706866	0.05659551	
423.8	0.05722996	0.05659551	
424	0.05745377	0.05659551	
424.2	0.0574595	0.05659551	
424.4	0.05771026	0.05659551	
424.6	0.05784524	0.05659551	
424.8	0.05779901	0.05659551	
425	0.05786002	0.05659551	
425.2	0.05775903	0.05659551	
425.4	0.05777146	0.05659551	
425.6	0.05741904	0.05659551	
425.8	0.05767625	0.05659551	
426	0.05760935	0.05659551	
426.2	0.05778003	0.05659551	
426.4	0.05817361	0.05659551	
426.6	0.05805572	0.05659551	
426.8	0.05781226	0.05659551	
427	0.05788919	0.05659551	
427.2	0.05821644	0.05659551	
427.4	0.05841252	0.05659551	
427.6	0.05871394	0.05659551	
427.8	0.05895195	0.05659551	
428	0.05901225	0.05659551	
428.2	0.05899304	0.05659551	
428.4	0.05900822	0.05659551	
428.6	0.05908788	0.05659551	
428.8	0.05920082	0.05659551	
429	0.0593114	0.05659551	
429.2	0.05934522	0.05659551	
429.4	0.05929543	0.05659551	
429.6	0.05961544	0.05659551	
429.8	0.05997036	0.05659551	
430	0.05973335	0.05659551	
430.2	0.0596042	0.05659551	
430.4	0.05916249	0.05659551	
430.6	0.05889659	0.05659551	
430.8	0.05877124	0.05659551	
431	0.05901216	0.05659551	
431.2	0.05896309	0.05659551	
431.4	0.05894133	0.05659551	
431.6	0.05906863	0.05659551	
431.8	0.05936705	0.05659551	
432	0.05919307	0.05659551	
432.2	0.05899114	0.05659551	
432.4	0.05890295	0.05659551	
432.6	0.05887713	0.05659551	
432.8	0.05882744	0.05659551	
433	0.05885153	0.05659551	
433.2	0.05871607	0.05659551	
433.4	0.05855253	0.05659551	
433.6	0.05862947	0.05659551	
433.8	0.05830528	0.05659551	
434	0.05800447	0.05659551	
434.2	0.05766835	0.05659551	
434.4	0.05748134	0.05659551	
434.6	0.05780012	0.05659551	
434.8	0.05779368	0.05659551	
435	0.05810161	0.05659551	
435.2	0.05810678	0.05659551	
435.4	0.05831943	0.05659551	
435.6	0.05831646	0.05659551	
435.8	0.05831872	0.05659551	
436	0.05812034	0.05659551	
436.2	0.05839224	0.05659551	
436.4	0.0583831	0.05659551	
436.6	0.05851991	0.05659551	
436.8	0.05859765	0.05659551	
437	0.05853871	0.05659551	
437.2	0.05825961	0.05659551	
437.4	0.05791239	0.05659551	
437.6	0.05808885	0.05659551	
437.8	0.05816248	0.05659551	
438	0.05809452	0.05659551	
438.2	0.0580289	0.05659551	
438.4	0.05814723	0.05659551	
438.6	0.05818831	0.05659551	
438.8	0.05862376	0.05659551	
439	0.05856381	0.05659551	
439.2	0.05828144	0.05659551	
439.4	0.05849182	0.05659551	
439.6	0.0586118	0.05659551	
439.8	0.05922862	0.05659551	
440	0.05954781	0.05659551	
440.2	0.06000199	0.05659551	
440.4	0.05988687	0.05659551	
440.6	0.05993176	0.05659551	
440.8	0.06000458	0.05659551	
441	0.06004214	0.05659551	
441.2	0.06030312	0.05659551	
441.4	0.06025487	0.05659551	
441.6	0.06067517	0.05659551	
441.8	0.06081048	0.05659551	
442	0.06051689	0.05659551	
442.2	0.06033035	0.05659551	
442.4	0.06026949	0.05659551	
442.6	0.05979551	0.05659551	
442.8	0.06007479	0.05659551	
443	0.0596906	0.05659551	
443.2	0.05975771	0.05659551	
443.4	0.05999415	0.05659551	
443.6	0.06001722	0.05659551	
443.8	0.0600993	0.05659551	
444	0.06015509	0.05659551	
444.2	0.06011036	0.05659551	
444.4	0.05998536	0.05659551	
444.6	0.06016361	0.05659551	
444.8	0.06019366	0.05659551	
445	0.0602783	0.05659551	
445.2	0.06106013	0.05659551	
445.4	0.06111146	0.05659551	
445.6	0.06100328	0.05659551	
445.8	0.06095188	0.05659551	
446	0.06066468	0.05659551	
446.2	0.06001802	0.05659551	
446.4	0.05980388	0.05659551	
446.6	0.05960287	0.05659551	
446.8	0.06009506	0.05659551	
447	0.059962	0.05659551	
447.2	0.0598586	0.05659551	
447.4	0.05958739	0.05659551	
447.6	0.05984101	0.05659551	
447.8	0.0598156	0.05659551	
448	0.05993148	0.05659551	
448.2	0.06013277	0.05659551	
448.4	0.06029605	0.05659551	
448.6	0.06025764	0.05659551	
448.8	0.06018948	0.05659551	
449	0.06033307	0.05659551	
449.2	0.06078239	0.05659551	
449.4	0.06051063	0.05659551	
449.6	0.06046665	0.05659551	
449.8	0.06031615	0.05659551	
450	0.06017597	0.05659551	
450.2	0.06003681	0.05659551	
450.4	0.06015849	0.05659551	
450.6	0.06016193	0.05659551	
450.8	0.06018633	0.05659551	
451	0.06004064	0.05659551	
451.2	0.05964171	0.05659551	
451.4	0.05975865	0.05659551	
451.6	0.05976538	0.05659551	
451.8	0.0594362	0.05659551	
452	0.0598099	0.05659551	
452.2	0.05993428	0.05659551	
452.4	0.05997015	0.05659551	
452.6	0.05979842	0.05659551	
452.8	0.06023573	0.05659551	
453	0.06048772	0.05659551	
453.2	0.06093629	0.05659551	
453.4	0.06098055	0.05659551	
453.6	0.06119919	0.05659551	
453.8	0.06137584	0.05659551	
454	0.06152606	0.05659551	
454.2	0.06152849	0.05659551	
454.4	0.06142872	0.05659551	
454.6	0.06118928	0.05659551	
454.8	0.06070443	0.05659551	
455	0.06059699	0.05659551	
455.2	0.06033673	0.05659551	
455.4	0.06060422	0.05659551	
455.6	0.06032411	0.05659551	
455.8	0.06063838	0.05659551	
456	0.0607959	0.05659551	
456.2	0.0605002	0.05659551	
456.4	0.06091286	0.05659551	
456.6	0.06071156	0.05659551	
456.8	0.06145056	0.05659551	
457	0.06113547	0.05659551	
457.2	0.06120006	0.05659551	
457.4	0.0610805	0.05659551	
457.6	0.06079004	0.05659551	
457.8	0.06090746	0.05659551	
458	0.0606438	0.05659551	
458.2	0.06070257	0.05659551	
458.4	0.06064677	0.05659551	
458.6	0.06039151	0.05659551	
458.8	0.06050606	0.05659551	
459	0.06069017	0.05659551	
459.2	0.06054371	0.05659551	
459.4	0.06074986	0.05659551	
459.6	0.06059167	0.05659551	
459.8	0.06078426	0.05659551	
460	0.06055203	0.05659551	
460.2	0.06085384	0.05659551	
460.4	0.06105458	0.05659551	
460.6	0.06092525	0.05659551	
460.8	0.0614747	0.05659551	
461	0.06119047	0.05659551	
461.2	0.06110224	0.05659551	
461.4	0.06118566	0.05659551	
461.6	0.06121142	0.05659551	
461.8	0.06144084	0.05659551	
462	0.06167586	0.05659551	
462.2	0.0619668	0.05659551	
462.4	0.06186972	0.05659551	
462.6	0.06192408	0.05659551	
462.8	0.06179402	0.05659551	
463	0.061277	0.05659551	
463.2	0.06156138	0.05659551	
463.4	0.06148706	0.05659551	
463.6	0.06118145	0.05659551	
463.8	0.06099333	0.05659551	
464	0.0611759	0.05659551	
464.2	0.06157995	0.05659551	
464.4	0.06146979	0.05659551	
464.6	0.0614983	0.05659551	
464.8	0.0617549	0.05659551	
465	0.06141289	0.05659551	
465.2	0.06144528	0.05659551	
465.4	0.06165849	0.05659551	
465.6	0.06153874	0.05659551	
465.8	0.06133689	0.05659551	
466	0.06138596	0.05659551	
466.2	0.06132609	0.05659551	
466.4	0.06134855	0.05659551	
466.6	0.06119063	0.05659551	
466.8	0.06107184	0.05659551	
467	0.06107071	0.05659551	
467.2	0.0615421	0.05659551	
467.4	0.06106221	0.05659551	
467.6	0.06109203	0.05659551	
467.8	0.06108894	0.05659551	
468	0.06164518	0.05659551	
468.2	0.06161422	0.05659551	
468.4	0.06139605	0.05659551	
468.6	0.06126916	0.05659551	
468.8	0.06142541	0.05659551	
469	0.06094587	0.05659551	
469.2	0.06149187	0.05659551	
469.4	0.06106756	0.05659551	
469.6	0.0608436	0.05659551	
469.8	0.06049266	0.05659551	
470	0.06068891	0.05659551	
470.2	0.06043301	0.05659551	
470.4	0.0604282	0.05659551	
470.6	0.06016946	0.05659551	
470.8	0.06007276	0.05659551	
471	0.06006517	0.05659551	
471.2	0.06039678	0.05659551	
471.4	0.06040012	0.05659551	
471.6	0.06046701	0.05659551	
471.8	0.06110606	0.05659551	
472	0.06133244	0.05659551	
472.2	0.06109232	0.05659551	
472.4	0.06117978	0.05659551	
472.6	0.06122543	0.05659551	
472.8	0.06146807	0.05659551	
473	0.06172076	0.05659551	
473.2	0.06234023	0.05659551	
473.4	0.06191779	0.05659551	
473.6	0.06176673	0.05659551	
473.8	0.06139344	0.05659551	
474	0.06119713	0.05659551	
474.2	0.06068556	0.05659551	
474.4	0.06078688	0.05659551	
474.6	0.06046364	0.05659551	
474.8	0.06076822	0.05659551	
475	0.06091967	0.05659551	
475.2	0.06099188	0.05659551	
475.4	0.06116265	0.05659551	
475.6	0.061179	0.05659551	
475.8	0.06141481	0.05659551	
476	0.06096482	0.05659551	
476.2	0.06073672	0.05659551	
476.4	0.06085321	0.05659551	
476.6	0.06068796	0.05659551	
476.8	0.06072393	0.05659551	
477	0.06113891	0.05659551	
477.2	0.06102569	0.05659551	
477.4	0.06067753	0.05659551	
477.6	0.06022954	0.05659551	
477.8	0.06003341	0.05659551	
478	0.05994382	0.05659551	
478.2	0.06006271	0.05659551	
478.4	0.06027908	0.05659551	
478.6	0.06052516	0.05659551	
478.8	0.06140375	0.05659551	
479	0.06129368	0.05659551	
479.2	0.06153732	0.05659551	
479.4	0.06206649	0.05659551	
479.6	0.06203649	0.05659551	
479.8	0.06225807	0.05659551	
480	0.06247934	0.05659551	
480.2	0.06245517	0.05659551	
480.4	0.06240773	0.05659551	
480.6	0.06235625	0.05659551	
480.8	0.06234348	0.05659551	
481	0.06262553	0.05659551	
481.2	0.06260117	0.05659551	
481.4	0.06251939	0.05659551	
481.6	0.06214934	0.05659551	
481.8	0.06203637	0.05659551	
482	0.06173948	0.05659551	
482.2	0.0618616	0.05659551	
482.4	0.06201837	0.05659551	
482.6	0.06208251	0.05659551	
482.8	0.06179339	0.05659551	
483	0.06139438	0.05659551	
483.2	0.06157084	0.05659551	
483.4	0.06182091	0.05659551	
483.6	0.06173144	0.05659551	
483.8	0.06198839	0.05659551	
484	0.06211203	0.05659551	
484.2	0.06221226	0.05659551	
484.4	0.06234956	0.05659551	
484.6	0.06253777	0.05659551	
484.8	0.06278189	0.05659551	
485	0.06287582	0.05659551	
485.2	0.06274474	0.05659551	
485.4	0.06231613	0.05659551	
485.6	0.06167977	0.05659551	
485.8	0.06162	0.05659551	
486	0.06165455	0.05659551	
486.2	0.06200973	0.05659551	
486.4	0.06174004	0.05659551	
486.6	0.0617628	0.05659551	
486.8	0.06111453	0.05659551	
487	0.06103675	0.05659551	
487.2	0.06105685	0.05659551	
487.4	0.0612523	0.05659551	
487.6	0.06120941	0.05659551	
487.8	0.06149402	0.05659551	
488	0.06182093	0.05659551	
488.2	0.06177981	0.05659551	
488.4	0.06189855	0.05659551	
488.6	0.06200084	0.05659551	
488.8	0.0619354	0.05659551	
489	0.06167849	0.05659551	
489.2	0.06156004	0.05659551	
489.4	0.06129465	0.05659551	
489.6	0.06123914	0.05659551	
489.8	0.06188654	0.05659551	
490	0.06220203	0.05659551	
490.2	0.06278286	0.05659551	
490.4	0.06275961	0.05659551	
490.6	0.06314617	0.05659551	
490.8	0.06271426	0.05659551	
491	0.06287301	0.05659551	
491.2	0.06309312	0.05659551	
491.4	0.06309126	0.05659551	
491.6	0.06277844	0.05659551	
491.8	0.06266905	0.05659551	
492	0.06225149	0.05659551	
492.2	0.06209294	0.05659551	
492.4	0.0620137	0.05659551	
492.6	0.06205752	0.05659551	
492.8	0.06172015	0.05659551	
493	0.06161768	0.05659551	
493.2	0.0615471	0.05659551	
493.4	0.06126587	0.05659551	
493.6	0.0613473	0.05659551	
493.8	0.06164505	0.05659551	
494	0.06173563	0.05659551	
494.2	0.06206818	0.05659551	
494.4	0.06191643	0.05659551	
494.6	0.06201797	0.05659551	
494.8	0.06177639	0.05659551	
495	0.06209412	0.05659551	
495.2	0.06187801	0.05659551	
495.4	0.06175475	0.05659551	
495.6	0.06156028	0.05659551	
495.8	0.06150583	0.05659551	
496	0.06121148	0.05659551	
496.2	0.06140521	0.05659551	
496.4	0.06136003	0.05659551	
496.6	0.06148062	0.05659551	
496.8	0.06147193	0.05659551	
497	0.06177535	0.05659551	
497.2	0.06182644	0.05659551	
497.4	0.06184506	0.05659551	
497.6	0.06178576	0.05659551	
497.8	0.06179706	0.05659551	
498	0.06185597	0.05659551	
498.2	0.06203595	0.05659551	
498.4	0.06199511	0.05659551	
498.6	0.06228544	0.05659551	
498.8	0.06246245	0.05659551	
499	0.06245118	0.05659551	
499.2	0.06230002	0.05659551	
499.4	0.06251278	0.05659551	
499.6	0.06271315	0.05659551	
499.8	0.06270867	0.05659551	
500	0.0625002	0.05659551	
500.2	0.06262045	0.05659551	
500.4	0.06307841	0.05659551	
500.6	0.06314847	0.05659551	
500.8	0.0633008	0.05659551	
501	0.06339341	0.05659551	
501.2	0.06311172	0.05659551	
501.4	0.06353245	0.05659551	
501.6	0.06336584	0.05659551	
501.8	0.06353119	0.05659551	
502	0.06360052	0.05659551	
502.2	0.06368501	0.05659551	
502.4	0.06341162	0.05659551	
502.6	0.06331635	0.05659551	
502.8	0.06309086	0.05659551	
503	0.06277966	0.05659551	
503.2	0.06283685	0.05659551	
503.4	0.0627035	0.05659551	
503.6	0.06291599	0.05659551	
503.8	0.06281851	0.05659551	
504	0.06262813	0.05659551	
504.2	0.06257461	0.05659551	
504.4	0.06269616	0.05659551	
504.6	0.06250459	0.05659551	
504.8	0.06249193	0.05659551	
505	0.06273862	0.05659551	
505.2	0.06254326	0.05659551	
505.4	0.06285042	0.05659551	
505.6	0.06264769	0.05659551	
505.8	0.06302831	0.05659551	
506	0.0629716	0.05659551	
506.2	0.06284776	0.05659551	
506.4	0.06256715	0.05659551	
506.6	0.06259686	0.05659551	
506.8	0.06302071	0.05659551	
507	0.06299811	0.05659551	
507.2	0.06332463	0.05659551	
507.4	0.06358717	0.05659551	
507.6	0.0639807	0.05659551	
507.8	0.06394313	0.05659551	
508	0.06381075	0.05659551	
508.2	0.06373443	0.05659551	
508.4	0.06350329	0.05659551	
508.6	0.06329394	0.05659551	
508.8	0.06308514	0.05659551	
509	0.06294638	0.05659551	
509.2	0.06216555	0.05659551	
509.4	0.06190079	0.05659551	
509.6	0.06177093	0.05659551	
509.8	0.06205858	0.05659551	
510	0.06201363	0.05659551	
510.2	0.06202052	0.05659551	
510.4	0.06201994	0.05659551	
510.6	0.06237496	0.05659551	
510.8	0.06301045	0.05659551	
511	0.06322285	0.05659551	
511.2	0.06406368	0.05659551	
511.4	0.06449234	0.05659551	
511.6	0.06485546	0.05659551	
511.8	0.06484238	0.05659551	
512	0.06489982	0.05659551	
512.2	0.06475848	0.05659551	
512.4	0.0642967	0.05659551	
512.6	0.06407154	0.05659551	
512.8	0.06407046	0.05659551	
513	0.06397608	0.05659551	
513.2	0.06382848	0.05659551	
513.4	0.06361576	0.05659551	
513.6	0.06353474	0.05659551	
513.8	0.06367127	0.05659551	
514	0.06362612	0.05659551	
514.2	0.06352358	0.05659551	
514.4	0.06325333	0.05659551	
514.6	0.06319537	0.05659551	
514.8	0.06353908	0.05659551	
515	0.06353663	0.05659551	
515.2	0.06388911	0.05659551	
515.4	0.06391518	0.05659551	
515.6	0.06408678	0.05659551	
515.8	0.06408209	0.05659551	
516	0.06402025	0.05659551	
516.2	0.06377082	0.05659551	
516.4	0.06359226	0.05659551	
516.6	0.06386163	0.05659551	
516.8	0.06407214	0.05659551	
517	0.06413487	0.05659551	
517.2	0.06381603	0.05659551	
517.4	0.06324625	0.05659551	
517.6	0.06307452	0.05659551	
517.8	0.06292883	0.05659551	
518	0.062778	0.05659551	
518.2	0.06246039	0.05659551	
518.4	0.06230581	0.05659551	
518.6	0.06240651	0.05659551	
518.8	0.06264547	0.05659551	
519	0.06235455	0.05659551	
519.2	0.06247727	0.05659551	
519.4	0.06261586	0.05659551	
519.6	0.06286247	0.05659551	
519.8	0.06304637	0.05659551	
520	0.06296617	0.05659551	
520.2	0.06312391	0.05659551	
520.4	0.06342996	0.05659551	
520.6	0.06388961	0.05659551	
520.8	0.0643295	0.05659551	
521	0.06443118	0.05659551	
521.2	0.06412419	0.05659551	
521.4	0.06421449	0.05659551	
521.6	0.06433969	0.05659551	
521.8	0.06411967	0.05659551	
522	0.06365723	0.05659551	
522.2	0.06356906	0.05659551	
522.4	0.06376057	0.05659551	
522.6	0.06340944	0.05659551	
522.8	0.0632496	0.05659551	
523	0.06293357	0.05659551	
523.2	0.06347801	0.05659551	
523.4	0.06348571	0.05659551	
523.6	0.06351937	0.05659551	
523.8	0.06371643	0.05659551	
524	0.06386395	0.05659551	
524.2	0.06418497	0.05659551	
524.4	0.06429201	0.05659551	
524.6	0.06449062	0.05659551	
524.8	0.06476011	0.05659551	
525	0.06459611	0.05659551	
525.2	0.06461898	0.05659551	
525.4	0.06466011	0.05659551	
525.6	0.06475099	0.05659551	
525.8	0.0644547	0.05659551	
526	0.06433264	0.05659551	
526.2	0.06453182	0.05659551	
526.4	0.06463998	0.05659551	
526.6	0.06443314	0.05659551	
526.8	0.06460616	0.05659551	
527	0.06485661	0.05659551	
527.2	0.06506344	0.05659551	
527.4	0.06445255	0.05659551	
527.6	0.06463041	0.05659551	
527.8	0.06500791	0.05659551	
528	0.06480502	0.05659551	
528.2	0.06467131	0.05659551	
528.4	0.06475991	0.05659551	
528.6	0.06475538	0.05659551	
528.8	0.06481761	0.05659551	
529	0.06467232	0.05659551	
529.2	0.06459878	0.05659551	
529.4	0.06461901	0.05659551	
529.6	0.06486274	0.05659551	
529.8	0.06492662	0.05659551	
530	0.0648913	0.05659551	
530.2	0.06488058	0.05659551	
530.4	0.06495709	0.05659551	
530.6	0.06488047	0.05659551	
530.8	0.06455752	0.05659551	
531	0.06453787	0.05659551	
531.2	0.06440878	0.05659551	
531.4	0.06447193	0.05659551	
531.6	0.06471696	0.05659551	
531.8	0.06474347	0.05659551	
532	0.0640489	0.05659551	
532.2	0.06415196	0.05659551	
532.4	0.06436399	0.05659551	
532.6	0.06396264	0.05659551	
532.8	0.06406181	0.05659551	
533	0.06391952	0.05659551	
533.2	0.06412041	0.05659551	
533.4	0.06428294	0.05659551	
533.6	0.06425341	0.05659551	
533.8	0.06456964	0.05659551	
534	0.06463687	0.05659551	
534.2	0.06485156	0.05659551	
534.4	0.06479028	0.05659551	
534.6	0.06474771	0.05659551	
534.8	0.06441318	0.05659551	
535	0.06481228	0.05659551	
535.2	0.06503987	0.05659551	
535.4	0.06456	0.05659551	
535.6	0.06435781	0.05659551	
535.8	0.06415469	0.05659551	
536	0.06402554	0.05659551	
536.2	0.06430252	0.05659551	
536.4	0.06428537	0.05659551	
536.6	0.06412851	0.05659551	
536.8	0.06441334	0.05659551	
537	0.0642398	0.05659551	
537.2	0.06437303	0.05659551	
537.4	0.06431865	0.05659551	
537.6	0.06425239	0.05659551	
537.8	0.06431134	0.05659551	
538	0.06398965	0.05659551	
538.2	0.06360724	0.05659551	
538.4	0.06316448	0.05659551	
538.6	0.06287676	0.05659551	
538.8	0.06258345	0.05659551	
539	0.06245453	0.05659551	
539.2	0.0620705	0.05659551	
539.4	0.06152541	0.05659551	
539.6	0.0615518	0.05659551	
539.8	0.06145499	0.05659551	
