Conc1	1.145E-07	
Start1	300	
Stop1	539.8	
Kobs	5.88780867363369E-54	
Error Kobs	0.000278157234840575	
Koff	0	
Error Koff	0	
Time1	Data1	Fit1	
300	0.0239276	0	
300.2	0.02308762	0.00019218	
300.4	0.02245912	0.00038355	
300.6	0.02174355	0.00057414	
300.8	0.0207972	0.00076393	
301	0.02008035	0.00095293	
301.2	0.01961437	0.00114115	
301.4	0.01904905	0.00132859	
301.6	0.01858938	0.00151525	
301.8	0.01823059	0.00170113	
302	0.01752196	0.00188625	
302.2	0.01743129	0.00207059	
302.4	0.01764349	0.00225417	
302.6	0.01759669	0.00243698	
302.8	0.01733653	0.00261904	
303	0.01691154	0.00280034	
303.2	0.01683016	0.00298089	
303.4	0.01680591	0.00316069	
303.6	0.01674323	0.00333974	
303.8	0.01701914	0.00351805	
304	0.01695579	0.00369562	
304.2	0.01760993	0.00387245	
304.4	0.01817664	0.00404854	
304.6	0.01845795	0.00422391	
304.8	0.0186501	0.00439855	
305	0.01926917	0.00457246	
305.2	0.01974349	0.00474565	
305.4	0.01992755	0.00491812	
305.6	0.01992172	0.00508988	
305.8	0.01975278	0.00526092	
306	0.01934987	0.00543125	
306.2	0.01930117	0.00560087	
306.4	0.01927716	0.00576979	
306.6	0.01881819	0.00593801	
306.8	0.01851567	0.00610553	
307	0.01828951	0.00627235	
307.2	0.01862089	0.00643849	
307.4	0.01841884	0.00660393	
307.6	0.01832219	0.00676868	
307.8	0.01879027	0.00693275	
308	0.01889956	0.00709614	
308.2	0.01910751	0.00725886	
308.4	0.019076	0.00742089	
308.6	0.0187215	0.00758225	
308.8	0.01885815	0.00774295	
309	0.01903944	0.00790297	
309.2	0.01901142	0.00806233	
309.4	0.01854908	0.00822103	
309.6	0.01778928	0.00837907	
309.8	0.0181074	0.00853646	
310	0.01785195	0.00869319	
310.2	0.01779546	0.00884927	
310.4	0.01818934	0.0090047	
310.6	0.01791142	0.00915949	
310.8	0.01793827	0.00931363	
311	0.01841412	0.00946713	
311.2	0.01859626	0.00962	
311.4	0.01879151	0.00977223	
311.6	0.01896746	0.00992383	
311.8	0.01952572	0.0100748	
312	0.01968284	0.01022514	
312.2	0.01962124	0.01037486	
312.4	0.01977965	0.01052396	
312.6	0.02003899	0.01067244	
312.8	0.02051155	0.0108203	
313	0.02048434	0.01096755	
313.2	0.02003594	0.01111418	
313.4	0.01952291	0.01126021	
313.6	0.01956575	0.01140563	
313.8	0.02007342	0.01155045	
314	0.01951269	0.01169466	
314.2	0.01961572	0.01183828	
314.4	0.01946684	0.0119813	
314.6	0.01930633	0.01212373	
314.8	0.01955722	0.01226557	
315	0.01999258	0.01240681	
315.2	0.0203618	0.01254747	
315.4	0.02077432	0.01268755	
315.6	0.02085263	0.01282704	
315.8	0.02093079	0.01296596	
316	0.02106832	0.0131043	
316.2	0.02129821	0.01324206	
316.4	0.02209192	0.01337925	
316.6	0.02257087	0.01351587	
316.8	0.02237713	0.01365193	
317	0.02244654	0.01378742	
317.2	0.02200616	0.01392235	
317.4	0.0218799	0.01405671	
317.6	0.02196087	0.01419052	
317.8	0.02151817	0.01432378	
318	0.02140541	0.01445648	
318.2	0.02125923	0.01458863	
318.4	0.02101409	0.01472023	
318.6	0.02103198	0.01485128	
318.8	0.02096996	0.01498179	
319	0.02093609	0.01511176	
319.2	0.02103402	0.01524119	
319.4	0.02107911	0.01537008	
319.6	0.02088639	0.01549844	
319.8	0.02092459	0.01562626	
320	0.02139189	0.01575355	
320.2	0.02195669	0.01588032	
320.4	0.02243024	0.01600655	
320.6	0.02221867	0.01613227	
320.8	0.0221613	0.01625746	
321	0.02245296	0.01638213	
321.2	0.02231935	0.01650628	
321.4	0.02208919	0.01662992	
321.6	0.0221357	0.01675305	
321.8	0.02162869	0.01687566	
322	0.0214932	0.01699776	
322.2	0.02093927	0.01711936	
322.4	0.02098886	0.01724045	
322.6	0.02072804	0.01736104	
322.8	0.02064086	0.01748113	
323	0.02059175	0.01760072	
323.2	0.02066649	0.01771982	
323.4	0.02101811	0.01783842	
323.6	0.02092708	0.01795652	
323.8	0.02141257	0.01807414	
324	0.02201891	0.01819127	
324.2	0.02244658	0.01830791	
324.4	0.02270475	0.01842407	
324.6	0.02296598	0.01853974	
324.8	0.02339498	0.01865494	
325	0.02366263	0.01876966	
325.2	0.02380769	0.0188839	
325.4	0.02327248	0.01899766	
325.6	0.02310207	0.01911096	
325.8	0.02266016	0.01922378	
326	0.02252178	0.01933613	
326.2	0.02242469	0.01944802	
326.4	0.02247499	0.01955944	
326.6	0.02221004	0.01967041	
326.8	0.0223685	0.01978091	
327	0.02260106	0.01989095	
327.2	0.02271267	0.02000053	
327.4	0.02285294	0.02010966	
327.6	0.02319133	0.02021834	
327.8	0.02364641	0.02032656	
328	0.02402293	0.02043434	
328.2	0.02418821	0.02054167	
328.4	0.02428158	0.02064855	
328.6	0.0241127	0.02075499	
328.8	0.02393489	0.02086098	
329	0.02386689	0.02096654	
329.2	0.02366111	0.02107166	
329.4	0.02317611	0.02117634	
329.6	0.02316682	0.02128059	
329.8	0.02323993	0.0213844	
330	0.02311348	0.02148779	
330.2	0.02300345	0.02159074	
330.4	0.02309173	0.02169327	
330.6	0.02308405	0.02179537	
330.8	0.02349068	0.02189704	
331	0.02383191	0.0219983	
331.2	0.02367112	0.02209913	
331.4	0.02389742	0.02219955	
331.6	0.02433108	0.02229955	
331.8	0.02458526	0.02239913	
332	0.02496029	0.0224983	
332.2	0.02494161	0.02259706	
332.4	0.02473405	0.02269541	
332.6	0.02466406	0.02279335	
332.8	0.02491233	0.02289088	
333	0.02520974	0.02298801	
333.2	0.0253593	0.02308473	
333.4	0.0255251	0.02318106	
333.6	0.0257104	0.02327698	
333.8	0.02604122	0.0233725	
334	0.02599376	0.02346763	
334.2	0.02592717	0.02356236	
334.4	0.02583359	0.0236567	
334.6	0.02542436	0.02375065	
334.8	0.02546149	0.02384421	
335	0.02530479	0.02393738	
335.2	0.02526479	0.02403016	
335.4	0.02554715	0.02412256	
335.6	0.02565273	0.02421457	
335.8	0.02581726	0.02430621	
336	0.02586987	0.02439746	
336.2	0.02578732	0.02448833	
336.4	0.02572508	0.02457883	
336.6	0.02616905	0.02466894	
336.8	0.02631487	0.02475869	
337	0.02655385	0.02484806	
337.2	0.02680022	0.02493706	
337.4	0.02689965	0.0250257	
337.6	0.02682286	0.02511396	
337.8	0.02729969	0.02520186	
338	0.02708331	0.02528939	
338.2	0.02691188	0.02537656	
338.4	0.02668571	0.02546337	
338.6	0.02635192	0.02554981	
338.8	0.02634626	0.0256359	
339	0.0262697	0.02572163	
339.2	0.0263518	0.025807	
339.4	0.02634562	0.02589202	
339.6	0.02630272	0.02597669	
339.8	0.02614173	0.02606101	
340	0.02619209	0.02614497	
340.2	0.02632372	0.02622859	
340.4	0.02625584	0.02631186	
340.6	0.02654913	0.02639478	
340.8	0.0265014	0.02647736	
341	0.02639805	0.02655959	
341.2	0.02661772	0.02664149	
341.4	0.02656092	0.02672304	
341.6	0.02648896	0.02680426	
341.8	0.02711841	0.02688514	
342	0.02712253	0.02696568	
342.2	0.02729201	0.02704589	
342.4	0.0272316	0.02712577	
342.6	0.02728392	0.02720531	
342.8	0.02768635	0.02728452	
343	0.02810243	0.02736341	
343.2	0.02830656	0.02744197	
343.4	0.02847948	0.0275202	
343.6	0.02853724	0.0275981	
343.8	0.02852577	0.02767569	
344	0.02863034	0.02775295	
344.2	0.02853161	0.02782989	
344.4	0.02820983	0.02790651	
344.6	0.02804414	0.02798281	
344.8	0.02804868	0.02805879	
345	0.02769467	0.02813446	
345.2	0.02780898	0.02820982	
345.4	0.02755672	0.02828486	
345.6	0.02739249	0.02835959	
345.8	0.0273049	0.02843401	
346	0.02697747	0.02850813	
346.2	0.02690282	0.02858193	
346.4	0.02691897	0.02865543	
346.6	0.02703608	0.02872862	
346.8	0.02736166	0.02880151	
347	0.027394	0.02887409	
347.2	0.0270926	0.02894638	
347.4	0.02745796	0.02901836	
347.6	0.02743168	0.02909005	
347.8	0.02761828	0.02916144	
348	0.02784917	0.02923253	
348.2	0.02800684	0.02930332	
348.4	0.02791035	0.02937383	
348.6	0.02829527	0.02944404	
348.8	0.02857092	0.02951395	
349	0.02808931	0.02958358	
349.2	0.02856807	0.02965292	
349.4	0.02862119	0.02972197	
349.6	0.0287559	0.02979073	
349.8	0.02862137	0.02985921	
350	0.02863195	0.02992741	
350.2	0.02838258	0.02999532	
350.4	0.02829638	0.03006295	
350.6	0.02834744	0.03013029	
350.8	0.02836074	0.03019736	
351	0.0284392	0.03026415	
351.2	0.02864625	0.03033067	
351.4	0.02883201	0.0303969	
351.6	0.02873464	0.03046286	
351.8	0.02887486	0.03052855	
352	0.02890192	0.03059397	
352.2	0.0290348	0.03065911	
352.4	0.02896493	0.03072398	
352.6	0.0294771	0.03078859	
352.8	0.02970303	0.03085292	
353	0.02973241	0.03091699	
353.2	0.03017334	0.03098079	
353.4	0.03003669	0.03104433	
353.6	0.0298191	0.0311076	
353.8	0.02941526	0.03117061	
354	0.02910234	0.03123336	
354.2	0.02873841	0.03129585	
354.4	0.02876168	0.03135808	
354.6	0.02854699	0.03142005	
354.8	0.02865974	0.03148176	
355	0.02841961	0.03154322	
355.2	0.02798364	0.03160442	
355.4	0.02747895	0.03166537	
355.6	0.02763849	0.03172606	
355.8	0.02753199	0.0317865	
356	0.027563	0.0318467	
356.2	0.02763807	0.03190664	
356.4	0.0276379	0.03196633	
356.6	0.02794701	0.03202577	
356.8	0.02787483	0.03208497	
357	0.02802474	0.03214393	
357.2	0.02816124	0.03220263	
357.4	0.02844657	0.0322611	
357.6	0.02851374	0.03231932	
357.8	0.02910208	0.0323773	
358	0.02946316	0.03243503	
358.2	0.02972233	0.03249253	
358.4	0.02987493	0.03254979	
358.6	0.02999572	0.03260682	
358.8	0.03042298	0.0326636	
359	0.03025063	0.03272015	
359.2	0.03049015	0.03277647	
359.4	0.03093079	0.03283255	
359.6	0.03133424	0.03288839	
359.8	0.03084409	0.03294401	
360	0.03055927	0.0329994	
360.2	0.03003509	0.03305455	
360.4	0.0295627	0.03310948	
360.6	0.02945894	0.03316418	
360.8	0.02936891	0.03321865	
361	0.02938242	0.03327289	
361.2	0.02899626	0.03332691	
361.4	0.02897014	0.03338071	
361.6	0.02884507	0.03343428	
361.8	0.02906569	0.03348763	
362	0.02886028	0.03354076	
362.2	0.02882049	0.03359366	
362.4	0.02859248	0.03364635	
362.6	0.02887093	0.03369882	
362.8	0.02924283	0.03375107	
363	0.02954226	0.03380311	
363.2	0.02970621	0.03385493	
363.4	0.03008782	0.03390653	
363.6	0.03000541	0.03395792	
363.8	0.02999431	0.03400909	
364	0.03007195	0.03406006	
364.2	0.02991008	0.03411081	
364.4	0.03008346	0.03416135	
364.6	0.03021153	0.03421168	
364.8	0.03009617	0.0342618	
365	0.02975845	0.03431171	
365.2	0.02945314	0.03436142	
365.4	0.02941686	0.03441092	
365.6	0.02916583	0.03446021	
365.8	0.02910687	0.0345093	
366	0.0288584	0.03455819	
366.2	0.02886148	0.03460687	
366.4	0.02870063	0.03465535	
366.6	0.02893821	0.03470363	
366.8	0.02887638	0.03475171	
367	0.02880735	0.03479959	
367.2	0.02863786	0.03484727	
367.4	0.02924401	0.03489475	
367.6	0.02926504	0.03494204	
367.8	0.02974423	0.03498913	
368	0.02965526	0.03503602	
368.2	0.02963554	0.03508272	
368.4	0.02991934	0.03512923	
368.6	0.03010006	0.03517554	
368.8	0.03029855	0.03522166	
369	0.03036829	0.03526759	
369.2	0.03077185	0.03531332	
369.4	0.03092484	0.03535887	
369.6	0.03110203	0.03540423	
369.8	0.0314	0.0354494	
370	0.03161545	0.03549438	
370.2	0.03167093	0.03553918	
370.4	0.03151257	0.03558379	
370.6	0.03162068	0.03562821	
370.8	0.03153519	0.03567245	
371	0.03139776	0.03571651	
371.2	0.03152888	0.03576038	
371.4	0.03161834	0.03580407	
371.6	0.03109057	0.03584758	
371.8	0.03084771	0.03589091	
372	0.03017721	0.03593406	
372.2	0.03026308	0.03597703	
372.4	0.03035633	0.03601982	
372.6	0.03026491	0.03606244	
372.8	0.03027809	0.03610487	
373	0.03053832	0.03614713	
373.2	0.03083152	0.03618922	
373.4	0.03056313	0.03623113	
373.6	0.030984	0.03627287	
373.8	0.0313762	0.03631443	
374	0.03168149	0.03635582	
374.2	0.03185221	0.03639704	
374.4	0.03198413	0.03643809	
374.6	0.03221575	0.03647896	
374.8	0.03182507	0.03651967	
375	0.03184537	0.03656021	
375.2	0.0318737	0.03660058	
375.4	0.03168219	0.03664078	
375.6	0.03131397	0.03668082	
375.8	0.03109155	0.03672069	
376	0.03116098	0.03676039	
376.2	0.03131293	0.03679993	
376.4	0.03095446	0.0368393	
376.6	0.03082596	0.03687851	
376.8	0.03105483	0.03691756	
377	0.03123385	0.03695645	
377.2	0.0313172	0.03699517	
377.4	0.03128077	0.03703374	
377.6	0.03134254	0.03707214	
377.8	0.03111967	0.03711039	
378	0.0309218	0.03714847	
378.2	0.03061619	0.0371864	
378.4	0.03022752	0.03722417	
378.6	0.03021221	0.03726178	
378.8	0.02998216	0.03729924	
379	0.03008471	0.03733654	
379.2	0.03021057	0.03737369	
379.4	0.03045487	0.03741068	
379.6	0.03036175	0.03744752	
379.8	0.03080746	0.03748421	
380	0.03140538	0.03752074	
380.2	0.03180471	0.03755712	
380.4	0.03228279	0.03759335	
380.6	0.0327103	0.03762943	
380.8	0.03333622	0.03766536	
381	0.03396422	0.03770114	
381.2	0.03406114	0.03773678	
381.4	0.03398662	0.03777226	
381.6	0.03351127	0.0378076	
381.8	0.03334683	0.03784279	
382	0.03306229	0.03787783	
382.2	0.03266267	0.03791273	
382.4	0.03261104	0.03794749	
382.6	0.03249642	0.0379821	
382.8	0.03241749	0.03801656	
383	0.03225755	0.03805089	
383.2	0.03222464	0.03808507	
383.4	0.03227504	0.0381191	
383.6	0.032275	0.038153	
383.8	0.03263744	0.03818676	
384	0.03305183	0.03822037	
384.2	0.03326019	0.03825385	
384.4	0.03315652	0.03828719	
384.6	0.03344913	0.03832039	
384.8	0.03397251	0.03835345	
385	0.0341689	0.03838637	
385.2	0.03398904	0.03841916	
385.4	0.034029	0.03845181	
385.6	0.03381138	0.03848433	
385.8	0.03367793	0.03851671	
386	0.03341335	0.03854896	
386.2	0.03280295	0.03858107	
386.4	0.03276468	0.03861305	
386.6	0.0327346	0.03864489	
386.8	0.03277018	0.03867661	
387	0.0328252	0.03870819	
387.2	0.032966	0.03873964	
387.4	0.03309229	0.03877096	
387.6	0.03319466	0.03880215	
387.8	0.03339958	0.03883321	
388	0.03369276	0.03886415	
388.2	0.03365815	0.03889495	
388.4	0.03367828	0.03892563	
388.6	0.03411271	0.03895617	
388.8	0.03411291	0.03898659	
389	0.03391323	0.03901689	
389.2	0.03371516	0.03904706	
389.4	0.03341228	0.0390771	
389.6	0.03305234	0.03910702	
389.8	0.03283051	0.03913682	
390	0.03261851	0.03916649	
390.2	0.03218539	0.03919604	
390.4	0.03252008	0.03922546	
390.6	0.03223469	0.03925477	
390.8	0.03245741	0.03928395	
391	0.03256689	0.03931301	
391.2	0.03264047	0.03934195	
391.4	0.03272455	0.03937077	
391.6	0.03304208	0.03939947	
391.8	0.03336065	0.03942805	
392	0.03352481	0.03945651	
392.2	0.03374203	0.03948486	
392.4	0.03382723	0.03951308	
392.6	0.03424908	0.03954119	
392.8	0.03433329	0.03956918	
393	0.03437203	0.03959706	
393.2	0.03405279	0.03962482	
393.4	0.03389694	0.03965247	
393.6	0.0338642	0.03968	
393.8	0.03400626	0.03970741	
394	0.03408119	0.03973471	
394.2	0.03352116	0.0397619	
394.4	0.03322117	0.03978898	
394.6	0.03289354	0.03981594	
394.8	0.03298769	0.03984279	
395	0.03294955	0.03986954	
395.2	0.0331415	0.03989616	
395.4	0.03334068	0.03992268	
395.6	0.03354936	0.03994909	
395.8	0.03351857	0.03997539	
396	0.03366656	0.04000158	
396.2	0.03411007	0.04002766	
396.4	0.03399316	0.04005363	
396.6	0.03405603	0.0400795	
396.8	0.03408219	0.04010525	
397	0.03385094	0.0401309	
397.2	0.033416	0.04015645	
397.4	0.0337282	0.04018189	
397.6	0.0339748	0.04020722	
397.8	0.03400622	0.04023245	
398	0.03400274	0.04025757	
398.2	0.0335085	0.04028259	
398.4	0.03392314	0.0403075	
398.6	0.03414167	0.04033231	
398.8	0.03456511	0.04035702	
399	0.0351402	0.04038162	
399.2	0.03556345	0.04040613	
399.4	0.03580626	0.04043053	
399.6	0.03598108	0.04045483	
399.8	0.03597901	0.04047903	
400	0.03604957	0.04050312	
400.2	0.03600091	0.04052712	
400.4	0.03532132	0.04055102	
400.6	0.03501855	0.04057482	
400.8	0.03492524	0.04059852	
401	0.03432696	0.04062212	
401.2	0.03410752	0.04064563	
401.4	0.03431749	0.04066903	
401.6	0.0343922	0.04069234	
401.8	0.03443408	0.04071556	
402	0.03463703	0.04073867	
402.2	0.03469688	0.04076169	
402.4	0.03503123	0.04078462	
402.6	0.03511206	0.04080745	
402.8	0.03539561	0.04083018	
403	0.03581081	0.04085282	
403.2	0.03632736	0.04087537	
403.4	0.03661853	0.04089782	
403.6	0.03656185	0.04092018	
403.8	0.0365558	0.04094245	
404	0.03653598	0.04096462	
404.2	0.03666653	0.0409867	
404.4	0.03656519	0.04100869	
404.6	0.03663969	0.04103059	
404.8	0.03665525	0.0410524	
405	0.03647086	0.04107412	
405.2	0.03654042	0.04109574	
405.4	0.03687761	0.04111728	
405.6	0.03718474	0.04113873	
405.8	0.03736894	0.04116009	
406	0.03721566	0.04118136	
406.2	0.03697235	0.04120254	
406.4	0.03687914	0.04122364	
406.6	0.03681732	0.04124464	
406.8	0.03663529	0.04126556	
407	0.0370563	0.04128639	
407.2	0.03708053	0.04130714	
407.4	0.03715889	0.0413278	
407.6	0.03698163	0.04134837	
407.8	0.03696951	0.04136886	
408	0.03733833	0.04138927	
408.2	0.03743004	0.04140959	
408.4	0.03749006	0.04142982	
408.6	0.0374271	0.04144997	
408.8	0.03771999	0.04147004	
409	0.037563	0.04149002	
409.2	0.03761999	0.04150992	
409.4	0.03736064	0.04152974	
409.6	0.03719564	0.04154947	
409.8	0.03706992	0.04156913	
410	0.0368301	0.0415887	
410.2	0.03663896	0.04160819	
410.4	0.03667483	0.0416276	
410.6	0.03652034	0.04164693	
410.8	0.0364089	0.04166618	
411	0.03645406	0.04168535	
411.2	0.03616269	0.04170444	
411.4	0.03601526	0.04172345	
411.6	0.03551109	0.04174238	
411.8	0.03533674	0.04176123	
412	0.03543998	0.04178001	
412.2	0.03529338	0.0417987	
412.4	0.03497346	0.04181732	
412.6	0.03471719	0.04183586	
412.8	0.03486996	0.04185433	
413	0.03451193	0.04187271	
413.2	0.03414073	0.04189103	
413.4	0.03407629	0.04190926	
413.6	0.03440891	0.04192742	
413.8	0.03438998	0.04194551	
414	0.03459598	0.04196351	
414.2	0.0348643	0.04198145	
414.4	0.03511082	0.04199931	
414.6	0.03534108	0.0420171	
414.8	0.03558667	0.04203481	
415	0.03574428	0.04205245	
415.2	0.03571945	0.04207001	
415.4	0.03566625	0.0420875	
415.6	0.03600241	0.04210492	
415.8	0.03646332	0.04212227	
416	0.0366248	0.04213954	
416.2	0.03684482	0.04215675	
416.4	0.03677644	0.04217388	
416.6	0.03691089	0.04219094	
416.8	0.03720398	0.04220793	
417	0.0369568	0.04222485	
417.2	0.0367516	0.0422417	
417.4	0.03731562	0.04225848	
417.6	0.03729534	0.04227519	
417.8	0.03719183	0.04229183	
418	0.03731938	0.0423084	
418.2	0.0372843	0.0423249	
418.4	0.03709791	0.04234134	
418.6	0.03706037	0.0423577	
418.8	0.03689929	0.042374	
419	0.03667412	0.04239023	
419.2	0.0363427	0.04240639	
419.4	0.0361858	0.04242249	
419.6	0.03628093	0.04243852	
419.8	0.03608987	0.04245448	
420	0.03096649	0.0424703	
420.2	0.03172249	0.0424703	
420.4	0.03276087	0.0424703	
420.6	0.03396674	0.0424703	
420.8	0.03522259	0.0424703	
421	0.03677887	0.0424703	
421.2	0.03787733	0.0424703	
421.4	0.03905851	0.0424703	
421.6	0.04018814	0.0424703	
421.8	0.04101818	0.0424703	
422	0.04178227	0.0424703	
422.2	0.04190951	0.0424703	
422.4	0.04218608	0.0424703	
422.6	0.04189733	0.0424703	
422.8	0.04218006	0.0424703	
423	0.04263539	0.0424703	
423.2	0.04272971	0.0424703	
423.4	0.04305487	0.0424703	
423.6	0.04337586	0.0424703	
423.8	0.04392954	0.0424703	
424	0.04379692	0.0424703	
424.2	0.04399477	0.0424703	
424.4	0.04438589	0.0424703	
424.6	0.04507499	0.0424703	
424.8	0.04562265	0.0424703	
425	0.04600696	0.0424703	
425.2	0.04588249	0.0424703	
425.4	0.04620815	0.0424703	
425.6	0.04630133	0.0424703	
425.8	0.04613167	0.0424703	
426	0.04606706	0.0424703	
426.2	0.04606495	0.0424703	
426.4	0.04610216	0.0424703	
426.6	0.04578646	0.0424703	
426.8	0.04584203	0.0424703	
427	0.04559846	0.0424703	
427.2	0.0457499	0.0424703	
427.4	0.04623826	0.0424703	
427.6	0.04636739	0.0424703	
427.8	0.04639368	0.0424703	
428	0.04660051	0.0424703	
428.2	0.04708587	0.0424703	
428.4	0.04697594	0.0424703	
428.6	0.04744426	0.0424703	
428.8	0.04743285	0.0424703	
429	0.0472409	0.0424703	
429.2	0.04729615	0.0424703	
429.4	0.04718219	0.0424703	
429.6	0.04681478	0.0424703	
429.8	0.04665426	0.0424703	
430	0.04666269	0.0424703	
430.2	0.04639186	0.0424703	
430.4	0.04588392	0.0424703	
430.6	0.04535658	0.0424703	
430.8	0.04516461	0.0424703	
431	0.04517274	0.0424703	
431.2	0.04505903	0.0424703	
431.4	0.04504311	0.0424703	
431.6	0.04492296	0.0424703	
431.8	0.04482422	0.0424703	
432	0.04469478	0.0424703	
432.2	0.04483622	0.0424703	
432.4	0.04463547	0.0424703	
432.6	0.04477889	0.0424703	
432.8	0.04488876	0.0424703	
433	0.04512742	0.0424703	
433.2	0.04513216	0.0424703	
433.4	0.04525976	0.0424703	
433.6	0.04558159	0.0424703	
433.8	0.04586665	0.0424703	
434	0.04605945	0.0424703	
434.2	0.04584436	0.0424703	
434.4	0.04601278	0.0424703	
434.6	0.04583252	0.0424703	
434.8	0.04605317	0.0424703	
435	0.04630319	0.0424703	
435.2	0.04613244	0.0424703	
435.4	0.04619603	0.0424703	
435.6	0.04625752	0.0424703	
435.8	0.04632561	0.0424703	
436	0.0460129	0.0424703	
436.2	0.04617288	0.0424703	
436.4	0.04580265	0.0424703	
436.6	0.04542321	0.0424703	
436.8	0.04528423	0.0424703	
437	0.0450452	0.0424703	
437.2	0.04479367	0.0424703	
437.4	0.0449958	0.0424703	
437.6	0.0446754	0.0424703	
437.8	0.04440328	0.0424703	
438	0.04425719	0.0424703	
438.2	0.04374442	0.0424703	
438.4	0.04372846	0.0424703	
438.6	0.04368859	0.0424703	
438.8	0.04426134	0.0424703	
439	0.0447777	0.0424703	
439.2	0.0452462	0.0424703	
439.4	0.04560391	0.0424703	
439.6	0.0458997	0.0424703	
439.8	0.04635692	0.0424703	
440	0.04655654	0.0424703	
440.2	0.04680585	0.0424703	
440.4	0.04694674	0.0424703	
440.6	0.04700455	0.0424703	
440.8	0.04703154	0.0424703	
441	0.04718515	0.0424703	
441.2	0.04759237	0.0424703	
441.4	0.04777586	0.0424703	
441.6	0.04758306	0.0424703	
441.8	0.04768482	0.0424703	
442	0.04758176	0.0424703	
442.2	0.04733278	0.0424703	
442.4	0.0474589	0.0424703	
442.6	0.04716422	0.0424703	
442.8	0.0473583	0.0424703	
443	0.04729293	0.0424703	
443.2	0.04697331	0.0424703	
443.4	0.04654399	0.0424703	
443.6	0.04611679	0.0424703	
443.8	0.04610487	0.0424703	
444	0.0461186	0.0424703	
444.2	0.04592645	0.0424703	
444.4	0.04610802	0.0424703	
444.6	0.04602069	0.0424703	
444.8	0.04587669	0.0424703	
445	0.04556224	0.0424703	
445.2	0.0457069	0.0424703	
445.4	0.04555108	0.0424703	
445.6	0.04558949	0.0424703	
445.8	0.04543106	0.0424703	
446	0.04552943	0.0424703	
446.2	0.04583302	0.0424703	
446.4	0.04554086	0.0424703	
446.6	0.04560862	0.0424703	
446.8	0.04571389	0.0424703	
447	0.04567645	0.0424703	
447.2	0.04542991	0.0424703	
447.4	0.0454208	0.0424703	
447.6	0.04571053	0.0424703	
447.8	0.0460577	0.0424703	
448	0.04653386	0.0424703	
448.2	0.04670848	0.0424703	
448.4	0.04712914	0.0424703	
448.6	0.0474408	0.0424703	
448.8	0.04721176	0.0424703	
449	0.04669844	0.0424703	
449.2	0.04699537	0.0424703	
449.4	0.04688185	0.0424703	
449.6	0.04681847	0.0424703	
449.8	0.04637551	0.0424703	
450	0.04633574	0.0424703	
450.2	0.04592973	0.0424703	
450.4	0.0454113	0.0424703	
450.6	0.04520591	0.0424703	
450.8	0.04500945	0.0424703	
451	0.04476885	0.0424703	
451.2	0.04463288	0.0424703	
451.4	0.04463767	0.0424703	
451.6	0.04492799	0.0424703	
451.8	0.04491731	0.0424703	
452	0.04511354	0.0424703	
452.2	0.045549	0.0424703	
452.4	0.04575041	0.0424703	
452.6	0.04628075	0.0424703	
452.8	0.04630676	0.0424703	
453	0.04649784	0.0424703	
453.2	0.04674948	0.0424703	
453.4	0.04676523	0.0424703	
453.6	0.04687609	0.0424703	
453.8	0.04685692	0.0424703	
454	0.04674046	0.0424703	
454.2	0.04687551	0.0424703	
454.4	0.0472644	0.0424703	
454.6	0.04671419	0.0424703	
454.8	0.04693749	0.0424703	
455	0.04684637	0.0424703	
455.2	0.04675371	0.0424703	
455.4	0.04675787	0.0424703	
455.6	0.04633804	0.0424703	
455.8	0.04614064	0.0424703	
456	0.04600278	0.0424703	
456.2	0.04595331	0.0424703	
456.4	0.04563726	0.0424703	
456.6	0.04604139	0.0424703	
456.8	0.04587557	0.0424703	
457	0.04595633	0.0424703	
457.2	0.04570393	0.0424703	
457.4	0.04564415	0.0424703	
457.6	0.04577576	0.0424703	
457.8	0.04576852	0.0424703	
458	0.04577304	0.0424703	
458.2	0.04601927	0.0424703	
458.4	0.04588569	0.0424703	
458.6	0.04537253	0.0424703	
458.8	0.045844	0.0424703	
459	0.04616546	0.0424703	
459.2	0.04609256	0.0424703	
459.4	0.04591086	0.0424703	
459.6	0.04578558	0.0424703	
459.8	0.04603748	0.0424703	
460	0.04599777	0.0424703	
460.2	0.04599821	0.0424703	
460.4	0.04615391	0.0424703	
460.6	0.04615153	0.0424703	
460.8	0.0460912	0.0424703	
461	0.04621207	0.0424703	
461.2	0.04589939	0.0424703	
461.4	0.04578231	0.0424703	
461.6	0.04575321	0.0424703	
461.8	0.04544851	0.0424703	
462	0.04521466	0.0424703	
462.2	0.04560526	0.0424703	
462.4	0.04543281	0.0424703	
462.6	0.04557972	0.0424703	
462.8	0.0458936	0.0424703	
463	0.0459305	0.0424703	
463.2	0.04550938	0.0424703	
463.4	0.04526551	0.0424703	
463.6	0.04537425	0.0424703	
463.8	0.04503953	0.0424703	
464	0.04507902	0.0424703	
464.2	0.04508835	0.0424703	
464.4	0.04527895	0.0424703	
464.6	0.04503825	0.0424703	
464.8	0.04527427	0.0424703	
465	0.04560146	0.0424703	
465.2	0.04555748	0.0424703	
465.4	0.04565652	0.0424703	
465.6	0.04547024	0.0424703	
465.8	0.0457261	0.0424703	
466	0.04602103	0.0424703	
466.2	0.04668574	0.0424703	
466.4	0.04632761	0.0424703	
466.6	0.0463946	0.0424703	
466.8	0.04624576	0.0424703	
467	0.045906	0.0424703	
467.2	0.04565413	0.0424703	
467.4	0.04551447	0.0424703	
467.6	0.04524715	0.0424703	
467.8	0.04491467	0.0424703	
468	0.04509608	0.0424703	
468.2	0.04530199	0.0424703	
468.4	0.04517719	0.0424703	
468.6	0.04511371	0.0424703	
468.8	0.04518851	0.0424703	
469	0.04538301	0.0424703	
469.2	0.04531541	0.0424703	
469.4	0.04545927	0.0424703	
469.6	0.04564745	0.0424703	
469.8	0.04591332	0.0424703	
470	0.04577971	0.0424703	
470.2	0.04599994	0.0424703	
470.4	0.0456384	0.0424703	
470.6	0.04570006	0.0424703	
470.8	0.04602381	0.0424703	
471	0.04590874	0.0424703	
471.2	0.04607559	0.0424703	
471.4	0.04612254	0.0424703	
471.6	0.04599836	0.0424703	
471.8	0.04605262	0.0424703	
472	0.04646932	0.0424703	
472.2	0.04638947	0.0424703	
472.4	0.04601381	0.0424703	
472.6	0.04641252	0.0424703	
472.8	0.04638338	0.0424703	
473	0.04654233	0.0424703	
473.2	0.04678413	0.0424703	
473.4	0.04705325	0.0424703	
473.6	0.04689419	0.0424703	
473.8	0.04681464	0.0424703	
474	0.04698465	0.0424703	
474.2	0.04695629	0.0424703	
474.4	0.04695944	0.0424703	
474.6	0.04723397	0.0424703	
474.8	0.04700815	0.0424703	
475	0.04664565	0.0424703	
475.2	0.04663595	0.0424703	
475.4	0.04637488	0.0424703	
475.6	0.04594016	0.0424703	
475.8	0.04580171	0.0424703	
476	0.04574646	0.0424703	
476.2	0.045485	0.0424703	
476.4	0.0455434	0.0424703	
476.6	0.04579936	0.0424703	
476.8	0.04571238	0.0424703	
477	0.04558891	0.0424703	
477.2	0.0456334	0.0424703	
477.4	0.04588949	0.0424703	
477.6	0.04595083	0.0424703	
477.8	0.04669848	0.0424703	
478	0.047031	0.0424703	
478.2	0.04724582	0.0424703	
478.4	0.04767485	0.0424703	
478.6	0.04799928	0.0424703	
478.8	0.0478486	0.0424703	
479	0.0485756	0.0424703	
479.2	0.04870097	0.0424703	
479.4	0.04892588	0.0424703	
479.6	0.048941	0.0424703	
479.8	0.04865155	0.0424703	
480	0.04862526	0.0424703	
480.2	0.04846809	0.0424703	
480.4	0.04807061	0.0424703	
480.6	0.04810109	0.0424703	
480.8	0.04763505	0.0424703	
481	0.04688732	0.0424703	
481.2	0.04687745	0.0424703	
481.4	0.04702798	0.0424703	
481.6	0.04661708	0.0424703	
481.8	0.04660077	0.0424703	
482	0.04638833	0.0424703	
482.2	0.04644008	0.0424703	
482.4	0.04653236	0.0424703	
482.6	0.04660273	0.0424703	
482.8	0.04653145	0.0424703	
483	0.0468461	0.0424703	
483.2	0.04660281	0.0424703	
483.4	0.04672845	0.0424703	
483.6	0.04660422	0.0424703	
483.8	0.04612617	0.0424703	
484	0.04609378	0.0424703	
484.2	0.04608802	0.0424703	
484.4	0.04625257	0.0424703	
484.6	0.04652185	0.0424703	
484.8	0.04621624	0.0424703	
485	0.04613261	0.0424703	
485.2	0.04634589	0.0424703	
485.4	0.04610409	0.0424703	
485.6	0.04592252	0.0424703	
485.8	0.04652458	0.0424703	
486	0.04653443	0.0424703	
486.2	0.04665683	0.0424703	
486.4	0.04651574	0.0424703	
486.6	0.04625976	0.0424703	
486.8	0.04618037	0.0424703	
487	0.04638373	0.0424703	
487.2	0.04651441	0.0424703	
487.4	0.04626359	0.0424703	
487.6	0.04596185	0.0424703	
487.8	0.04596889	0.0424703	
488	0.04610504	0.0424703	
488.2	0.04630302	0.0424703	
488.4	0.04652713	0.0424703	
488.6	0.04650099	0.0424703	
488.8	0.04647492	0.0424703	
489	0.04662115	0.0424703	
489.2	0.04659708	0.0424703	
489.4	0.04662826	0.0424703	
489.6	0.0469557	0.0424703	
489.8	0.04726441	0.0424703	
490	0.04722515	0.0424703	
490.2	0.0471972	0.0424703	
490.4	0.04723313	0.0424703	
490.6	0.04732535	0.0424703	
490.8	0.04743751	0.0424703	
491	0.04732608	0.0424703	
491.2	0.04723393	0.0424703	
491.4	0.04706689	0.0424703	
491.6	0.04706152	0.0424703	
491.8	0.04721273	0.0424703	
492	0.04717499	0.0424703	
492.2	0.0469584	0.0424703	
492.4	0.04700569	0.0424703	
492.6	0.04686098	0.0424703	
492.8	0.04685693	0.0424703	
493	0.04706055	0.0424703	
493.2	0.04694052	0.0424703	
493.4	0.04694865	0.0424703	
493.6	0.04680186	0.0424703	
493.8	0.046914	0.0424703	
494	0.04695832	0.0424703	
494.2	0.0469076	0.0424703	
494.4	0.04700108	0.0424703	
494.6	0.046735	0.0424703	
494.8	0.04665519	0.0424703	
495	0.04644827	0.0424703	
495.2	0.04673969	0.0424703	
495.4	0.04676871	0.0424703	
495.6	0.046675	0.0424703	
495.8	0.04693867	0.0424703	
496	0.04680661	0.0424703	
496.2	0.04639825	0.0424703	
496.4	0.04649899	0.0424703	
496.6	0.04664544	0.0424703	
496.8	0.04695927	0.0424703	
497	0.04729144	0.0424703	
497.2	0.04725676	0.0424703	
497.4	0.04691179	0.0424703	
497.6	0.0465863	0.0424703	
497.8	0.04694875	0.0424703	
498	0.04697157	0.0424703	
498.2	0.04694001	0.0424703	
498.4	0.04661518	0.0424703	
498.6	0.04666871	0.0424703	
498.8	0.04707888	0.0424703	
499	0.04702306	0.0424703	
499.2	0.04700677	0.0424703	
499.4	0.04724428	0.0424703	
499.6	0.04730627	0.0424703	
499.8	0.04743761	0.0424703	
500	0.04714767	0.0424703	
500.2	0.0472899	0.0424703	
500.4	0.04773787	0.0424703	
500.6	0.04789694	0.0424703	
500.8	0.04783448	0.0424703	
501	0.04785517	0.0424703	
501.2	0.04758275	0.0424703	
501.4	0.04719587	0.0424703	
501.6	0.04703594	0.0424703	
501.8	0.04733336	0.0424703	
502	0.04738945	0.0424703	
502.2	0.04716701	0.0424703	
502.4	0.04736623	0.0424703	
502.6	0.04773174	0.0424703	
502.8	0.04759158	0.0424703	
503	0.04733364	0.0424703	
503.2	0.04729611	0.0424703	
503.4	0.04777196	0.0424703	
503.6	0.04786366	0.0424703	
503.8	0.04824466	0.0424703	
504	0.04838837	0.0424703	
504.2	0.04865504	0.0424703	
504.4	0.04880238	0.0424703	
504.6	0.04862145	0.0424703	
504.8	0.04871736	0.0424703	
505	0.04891453	0.0424703	
505.2	0.04899484	0.0424703	
505.4	0.04899416	0.0424703	
505.6	0.04897088	0.0424703	
505.8	0.04931912	0.0424703	
506	0.04920364	0.0424703	
506.2	0.0489413	0.0424703	
506.4	0.04884655	0.0424703	
506.6	0.04846456	0.0424703	
506.8	0.04814549	0.0424703	
507	0.04799693	0.0424703	
507.2	0.04791902	0.0424703	
507.4	0.04807758	0.0424703	
507.6	0.04801024	0.0424703	
507.8	0.04819419	0.0424703	
508	0.04807972	0.0424703	
508.2	0.04801184	0.0424703	
508.4	0.04798621	0.0424703	
508.6	0.04754681	0.0424703	
508.8	0.0475816	0.0424703	
509	0.04774925	0.0424703	
509.2	0.04765252	0.0424703	
509.4	0.04749464	0.0424703	
509.6	0.04778213	0.0424703	
509.8	0.04787435	0.0424703	
510	0.04768185	0.0424703	
510.2	0.04795262	0.0424703	
510.4	0.04771987	0.0424703	
510.6	0.04782414	0.0424703	
510.8	0.0479857	0.0424703	
511	0.04796515	0.0424703	
511.2	0.04823229	0.0424703	
511.4	0.04833105	0.0424703	
511.6	0.04838393	0.0424703	
511.8	0.04840377	0.0424703	
512	0.04795853	0.0424703	
512.2	0.0478791	0.0424703	
512.4	0.04779866	0.0424703	
512.6	0.04740406	0.0424703	
512.8	0.0477268	0.0424703	
513	0.04739438	0.0424703	
513.2	0.04702866	0.0424703	
513.4	0.04727287	0.0424703	
513.6	0.04734618	0.0424703	
513.8	0.04702138	0.0424703	
514	0.04685909	0.0424703	
514.2	0.04713882	0.0424703	
514.4	0.04698815	0.0424703	
514.6	0.04755161	0.0424703	
514.8	0.04783138	0.0424703	
515	0.04781171	0.0424703	
515.2	0.04843336	0.0424703	
515.4	0.04843844	0.0424703	
515.6	0.04841498	0.0424703	
515.8	0.04841904	0.0424703	
516	0.04847658	0.0424703	
516.2	0.04879793	0.0424703	
516.4	0.04881373	0.0424703	
516.6	0.04893972	0.0424703	
516.8	0.04887618	0.0424703	
517	0.04827511	0.0424703	
517.2	0.04836815	0.0424703	
517.4	0.0481807	0.0424703	
517.6	0.04776002	0.0424703	
517.8	0.04778128	0.0424703	
518	0.04767253	0.0424703	
518.2	0.04758088	0.0424703	
518.4	0.04760947	0.0424703	
518.6	0.04744143	0.0424703	
518.8	0.04755768	0.0424703	
519	0.04766433	0.0424703	
519.2	0.04820494	0.0424703	
519.4	0.04810912	0.0424703	
519.6	0.0481227	0.0424703	
519.8	0.04812197	0.0424703	
520	0.04788353	0.0424703	
520.2	0.04779468	0.0424703	
520.4	0.04762925	0.0424703	
520.6	0.04769149	0.0424703	
520.8	0.04779787	0.0424703	
521	0.04743229	0.0424703	
521.2	0.04744021	0.0424703	
521.4	0.0471084	0.0424703	
521.6	0.04723771	0.0424703	
521.8	0.04724685	0.0424703	
522	0.04741246	0.0424703	
522.2	0.04728884	0.0424703	
522.4	0.04765587	0.0424703	
522.6	0.04758483	0.0424703	
522.8	0.0480163	0.0424703	
523	0.04805052	0.0424703	
523.2	0.04811483	0.0424703	
523.4	0.04797556	0.0424703	
523.6	0.04787809	0.0424703	
523.8	0.04747176	0.0424703	
524	0.04747522	0.0424703	
524.2	0.04781888	0.0424703	
524.4	0.04806396	0.0424703	
524.6	0.04820399	0.0424703	
524.8	0.04825926	0.0424703	
525	0.0477348	0.0424703	
525.2	0.04803562	0.0424703	
525.4	0.04822799	0.0424703	
525.6	0.04854629	0.0424703	
525.8	0.04873555	0.0424703	
526	0.04911757	0.0424703	
526.2	0.04880775	0.0424703	
526.4	0.04875402	0.0424703	
526.6	0.04843562	0.0424703	
526.8	0.04795028	0.0424703	
527	0.04794669	0.0424703	
527.2	0.04772367	0.0424703	
527.4	0.04764743	0.0424703	
527.6	0.04774164	0.0424703	
527.8	0.04744782	0.0424703	
528	0.04757449	0.0424703	
528.2	0.04760886	0.0424703	
528.4	0.04761905	0.0424703	
528.6	0.04782953	0.0424703	
528.8	0.04769581	0.0424703	
529	0.0474855	0.0424703	
529.2	0.04774259	0.0424703	
529.4	0.04786235	0.0424703	
529.6	0.04778765	0.0424703	
529.8	0.04777549	0.0424703	
530	0.04790744	0.0424703	
530.2	0.04762164	0.0424703	
530.4	0.047685	0.0424703	
530.6	0.04818421	0.0424703	
530.8	0.04787853	0.0424703	
531	0.04809497	0.0424703	
531.2	0.04810041	0.0424703	
531.4	0.04802063	0.0424703	
531.6	0.04800894	0.0424703	
531.8	0.04744089	0.0424703	
532	0.04754786	0.0424703	
532.2	0.04778148	0.0424703	
532.4	0.04807194	0.0424703	
532.6	0.04846801	0.0424703	
532.8	0.048019	0.0424703	
533	0.04819132	0.0424703	
533.2	0.04818748	0.0424703	
533.4	0.04846573	0.0424703	
533.6	0.04849153	0.0424703	
533.8	0.04857844	0.0424703	
534	0.04851694	0.0424703	
534.2	0.04838936	0.0424703	
534.4	0.04869567	0.0424703	
534.6	0.04848983	0.0424703	
534.8	0.04812298	0.0424703	
535	0.04818335	0.0424703	
535.2	0.04765003	0.0424703	
535.4	0.04752969	0.0424703	
535.6	0.04732569	0.0424703	
535.8	0.04697689	0.0424703	
536	0.04746646	0.0424703	
536.2	0.04754038	0.0424703	
536.4	0.04769512	0.0424703	
536.6	0.04768435	0.0424703	
536.8	0.04743178	0.0424703	
537	0.04799328	0.0424703	
537.2	0.04778399	0.0424703	
537.4	0.04773235	0.0424703	
537.6	0.04788679	0.0424703	
537.8	0.04803648	0.0424703	
538	0.0481453	0.0424703	
538.2	0.04834243	0.0424703	
538.4	0.04851451	0.0424703	
538.6	0.04842777	0.0424703	
538.8	0.0487311	0.0424703	
539	0.04858749	0.0424703	
539.2	0.04831592	0.0424703	
539.4	0.04868518	0.0424703	
539.6	0.04849502	0.0424703	
539.8	0.04846181	0.0424703	
