Conc1	6.057E-08	
Start1	300	
Stop1	539.8	
Kobs	34695276406.1182	
Error Kobs	NaN	
Koff	0	
Error Koff	0	
Time1	Data1	Fit1	
300	-0.00236115	0	
300.2	-0.00434923	0	
300.4	-0.00610085	0	
300.6	-0.00832012	0	
300.8	-0.01071225	0	
301	-0.01292892	0	
301.2	-0.01495283	0	
301.4	-0.01676867	0	
301.6	-0.01809388	0	
301.8	-0.0195845	0	
302	-0.02011404	0	
302.2	-0.01999166	0	
302.4	-0.02030585	0	
302.6	-0.02092164	0	
302.8	-0.02099413	0	
303	-0.02142844	0	
303.2	-0.02200286	0	
303.4	-0.02227401	0	
303.6	-0.02219895	0	
303.8	-0.02217953	0	
304	-0.02246992	0	
304.2	-0.0226743	0	
304.4	-0.02260881	0	
304.6	-0.023494	0	
304.8	-0.02419956	0	
305	-0.0246536	0	
305.2	-0.02467923	0	
305.4	-0.02437163	0	
305.6	-0.02453432	0	
305.8	-0.02516996	0	
306	-0.0246491	0	
306.2	-0.02442383	0	
306.4	-0.02458309	0	
306.6	-0.0246716	0	
306.8	-0.02444313	0	
307	-0.02473577	0	
307.2	-0.02436707	0	
307.4	-0.02420588	0	
307.6	-0.02454408	0	
307.8	-0.02498154	0	
308	-0.02542692	0	
308.2	-0.02556459	0	
308.4	-0.02566197	0	
308.6	-0.02651352	0	
308.8	-0.02710031	0	
309	-0.02727744	0	
309.2	-0.02713967	0	
309.4	-0.0273026	0	
309.6	-0.02809806	0	
309.8	-0.02843069	0	
310	-0.02821292	0	
310.2	-0.02837828	0	
310.4	-0.028698	0	
310.6	-0.02814555	0	
310.8	-0.02817849	0	
311	-0.02814536	0	
311.2	-0.02756975	0	
311.4	-0.02768881	0	
311.6	-0.02786791	0	
311.8	-0.02762991	0	
312	-0.02765532	0	
312.2	-0.02764379	0	
312.4	-0.02784128	0	
312.6	-0.02876258	0	
312.8	-0.02904166	0	
313	-0.02876783	0	
313.2	-0.02871063	0	
313.4	-0.02921004	0	
313.6	-0.02968458	0	
313.8	-0.03020703	0	
314	-0.03048098	0	
314.2	-0.03061762	0	
314.4	-0.03079631	0	
314.6	-0.03047556	0	
314.8	-0.0310916	0	
315	-0.03083702	0	
315.2	-0.03078106	0	
315.4	-0.03089929	0	
315.6	-0.03079553	0	
315.8	-0.03060226	0	
316	-0.03106544	0	
316.2	-0.03132185	0	
316.4	-0.03170071	0	
316.6	-0.03193945	0	
316.8	-0.03186036	0	
317	-0.0317675	0	
317.2	-0.03194939	0	
317.4	-0.03254246	0	
317.6	-0.0328216	0	
317.8	-0.03326661	0	
318	-0.03257384	0	
318.2	-0.03206813	0	
318.4	-0.03239207	0	
318.6	-0.03237559	0	
318.8	-0.03230143	0	
319	-0.03217303	0	
319.2	-0.03237773	0	
319.4	-0.03213241	0	
319.6	-0.03182116	0	
319.8	-0.03189253	0	
320	-0.03197059	0	
320.2	-0.03218902	0	
320.4	-0.03251352	0	
320.6	-0.0325957	0	
320.8	-0.03264089	0	
321	-0.03266739	0	
321.2	-0.03267942	0	
321.4	-0.03284441	0	
321.6	-0.03285199	0	
321.8	-0.03258143	0	
322	-0.03185957	0	
322.2	-0.03236803	0	
322.4	-0.03268225	0	
322.6	-0.03243207	0	
322.8	-0.0326303	0	
323	-0.03298835	0	
323.2	-0.03281269	0	
323.4	-0.03274074	0	
323.6	-0.03269438	0	
323.8	-0.0331658	0	
324	-0.03331534	0	
324.2	-0.03376062	0	
324.4	-0.03387991	0	
324.6	-0.03394173	0	
324.8	-0.03408207	0	
325	-0.03472747	0	
325.2	-0.0348709	0	
325.4	-0.03517087	0	
325.6	-0.03565509	0	
325.8	-0.03575389	0	
326	-0.03616594	0	
326.2	-0.03663655	0	
326.4	-0.03630018	0	
326.6	-0.03629476	0	
326.8	-0.0365926	0	
327	-0.03596629	0	
327.2	-0.03554803	0	
327.4	-0.0354647	0	
327.6	-0.03523199	0	
327.8	-0.0352628	0	
328	-0.03503178	0	
328.2	-0.03503369	0	
328.4	-0.03511771	0	
328.6	-0.03519979	0	
328.8	-0.03515789	0	
329	-0.03581813	0	
329.2	-0.03609909	0	
329.4	-0.0366638	0	
329.6	-0.03715731	0	
329.8	-0.03740318	0	
330	-0.03746534	0	
330.2	-0.03722955	0	
330.4	-0.03714833	0	
330.6	-0.03730944	0	
330.8	-0.03710726	0	
331	-0.03648706	0	
331.2	-0.03650081	0	
331.4	-0.03619806	0	
331.6	-0.03608847	0	
331.8	-0.03601009	0	
332	-0.03615614	0	
332.2	-0.03643479	0	
332.4	-0.03633994	0	
332.6	-0.03633129	0	
332.8	-0.0364278	0	
333	-0.03664369	0	
333.2	-0.03671482	0	
333.4	-0.0367903	0	
333.6	-0.03695462	0	
333.8	-0.0371753	0	
334	-0.0373097	0	
334.2	-0.03747825	0	
334.4	-0.03766769	0	
334.6	-0.03748244	0	
334.8	-0.03735767	0	
335	-0.03745681	0	
335.2	-0.03742783	0	
335.4	-0.03714648	0	
335.6	-0.03693479	0	
335.8	-0.03670819	0	
336	-0.03691039	0	
336.2	-0.03679713	0	
336.4	-0.03660788	0	
336.6	-0.03659505	0	
336.8	-0.0363826	0	
337	-0.03617745	0	
337.2	-0.03657127	0	
337.4	-0.03663116	0	
337.6	-0.03693664	0	
337.8	-0.03709821	0	
338	-0.03745584	0	
338.2	-0.03722617	0	
338.4	-0.0371682	0	
338.6	-0.03729578	0	
338.8	-0.03758176	0	
339	-0.03770171	0	
339.2	-0.03752232	0	
339.4	-0.03763041	0	
339.6	-0.03754056	0	
339.8	-0.0373309	0	
340	-0.03773701	0	
340.2	-0.03778427	0	
340.4	-0.03809033	0	
340.6	-0.03812077	0	
340.8	-0.03813281	0	
341	-0.03830572	0	
341.2	-0.03820101	0	
341.4	-0.03771497	0	
341.6	-0.03770089	0	
341.8	-0.03736884	0	
342	-0.03726401	0	
342.2	-0.03742778	0	
342.4	-0.03763979	0	
342.6	-0.03787036	0	
342.8	-0.03792058	0	
343	-0.03811694	0	
343.2	-0.03820883	0	
343.4	-0.03859648	0	
343.6	-0.03857865	0	
343.8	-0.0385666	0	
344	-0.03919579	0	
344.2	-0.03937958	0	
344.4	-0.03937729	0	
344.6	-0.03908112	0	
344.8	-0.03915002	0	
345	-0.03894988	0	
345.2	-0.03888137	0	
345.4	-0.03869632	0	
345.6	-0.03865129	0	
345.8	-0.0383962	0	
346	-0.03876241	0	
346.2	-0.03911086	0	
346.4	-0.03919812	0	
346.6	-0.03906037	0	
346.8	-0.03936161	0	
347	-0.03974752	0	
347.2	-0.03989393	0	
347.4	-0.04017493	0	
347.6	-0.04050483	0	
347.8	-0.04032268	0	
348	-0.04069811	0	
348.2	-0.04067581	0	
348.4	-0.04048403	0	
348.6	-0.04068553	0	
348.8	-0.0409412	0	
349	-0.04089122	0	
349.2	-0.04105279	0	
349.4	-0.04080173	0	
349.6	-0.04047407	0	
349.8	-0.04046692	0	
350	-0.04022878	0	
350.2	-0.03973326	0	
350.4	-0.03956077	0	
350.6	-0.03954057	0	
350.8	-0.0396275	0	
351	-0.03958842	0	
351.2	-0.03931864	0	
351.4	-0.03961889	0	
351.6	-0.03984533	0	
351.8	-0.03971945	0	
352	-0.0400111	0	
352.2	-0.03999009	0	
352.4	-0.04003626	0	
352.6	-0.03989232	0	
352.8	-0.03995076	0	
353	-0.0400827	0	
353.2	-0.03981116	0	
353.4	-0.03999496	0	
353.6	-0.04002058	0	
353.8	-0.04045032	0	
354	-0.04033408	0	
354.2	-0.04086325	0	
354.4	-0.04090393	0	
354.6	-0.0410165	0	
354.8	-0.04109126	0	
355	-0.04148213	0	
355.2	-0.04151544	0	
355.4	-0.04176852	0	
355.6	-0.04187282	0	
355.8	-0.04173117	0	
356	-0.04139942	0	
356.2	-0.04135925	0	
356.4	-0.04093532	0	
356.6	-0.04055888	0	
356.8	-0.04077851	0	
357	-0.04054486	0	
357.2	-0.04008136	0	
357.4	-0.04055723	0	
357.6	-0.04070245	0	
357.8	-0.04082734	0	
358	-0.04097078	0	
358.2	-0.04119931	0	
358.4	-0.04059362	0	
358.6	-0.04093612	0	
358.8	-0.04121463	0	
359	-0.04134279	0	
359.2	-0.04155621	0	
359.4	-0.04169798	0	
359.6	-0.04157189	0	
359.8	-0.0411902	0	
360	-0.04109315	0	
360.2	-0.04157826	0	
360.4	-0.04157837	0	
360.6	-0.04169537	0	
360.8	-0.04195283	0	
361	-0.04178149	0	
361.2	-0.04200945	0	
361.4	-0.04191062	0	
361.6	-0.04154999	0	
361.8	-0.04160197	0	
362	-0.04165975	0	
362.2	-0.04118564	0	
362.4	-0.04112483	0	
362.6	-0.0414994	0	
362.8	-0.04121717	0	
363	-0.04136834	0	
363.2	-0.04156035	0	
363.4	-0.04121666	0	
363.6	-0.04154147	0	
363.8	-0.04153043	0	
364	-0.04188993	0	
364.2	-0.04243057	0	
364.4	-0.04233794	0	
364.6	-0.04260904	0	
364.8	-0.04279598	0	
365	-0.04273088	0	
365.2	-0.04258322	0	
365.4	-0.04194027	0	
365.6	-0.04228435	0	
365.8	-0.04223087	0	
366	-0.04193129	0	
366.2	-0.0418887	0	
366.4	-0.04222274	0	
366.6	-0.04203566	0	
366.8	-0.04193268	0	
367	-0.04218492	0	
367.2	-0.04272085	0	
367.4	-0.04281717	0	
367.6	-0.04338793	0	
367.8	-0.04309796	0	
368	-0.04319943	0	
368.2	-0.04308063	0	
368.4	-0.04317833	0	
368.6	-0.04330915	0	
368.8	-0.04342131	0	
369	-0.04316438	0	
369.2	-0.04313358	0	
369.4	-0.04330535	0	
369.6	-0.04367424	0	
369.8	-0.04354518	0	
370	-0.04379596	0	
370.2	-0.0436607	0	
370.4	-0.04357122	0	
370.6	-0.04358927	0	
370.8	-0.04368882	0	
371	-0.0438404	0	
371.2	-0.0440732	0	
371.4	-0.0436994	0	
371.6	-0.04387354	0	
371.8	-0.0437311	0	
372	-0.04409469	0	
372.2	-0.04407988	0	
372.4	-0.04438051	0	
372.6	-0.04441384	0	
372.8	-0.04463884	0	
373	-0.04438047	0	
373.2	-0.04487694	0	
373.4	-0.04488306	0	
373.6	-0.04498366	0	
373.8	-0.04485686	0	
374	-0.04491482	0	
374.2	-0.04452639	0	
374.4	-0.04458878	0	
374.6	-0.04470748	0	
374.8	-0.04436267	0	
375	-0.04454192	0	
375.2	-0.04436676	0	
375.4	-0.04434436	0	
375.6	-0.0444845	0	
375.8	-0.04450812	0	
376	-0.04462675	0	
376.2	-0.04436969	0	
376.4	-0.04441477	0	
376.6	-0.0441635	0	
376.8	-0.04428172	0	
377	-0.04403542	0	
377.2	-0.04440181	0	
377.4	-0.04429295	0	
377.6	-0.04458573	0	
377.8	-0.04476506	0	
378	-0.04532417	0	
378.2	-0.04513817	0	
378.4	-0.04537994	0	
378.6	-0.04570689	0	
378.8	-0.04563427	0	
379	-0.04575997	0	
379.2	-0.04557958	0	
379.4	-0.04567757	0	
379.6	-0.04543194	0	
379.8	-0.04550964	0	
380	-0.04516712	0	
380.2	-0.04487035	0	
380.4	-0.04476524	0	
380.6	-0.04439339	0	
380.8	-0.04446372	0	
381	-0.04445588	0	
381.2	-0.04484371	0	
381.4	-0.04481726	0	
381.6	-0.04512733	0	
381.8	-0.04525009	0	
382	-0.04556237	0	
382.2	-0.04528486	0	
382.4	-0.0455932	0	
382.6	-0.04583414	0	
382.8	-0.04602516	0	
383	-0.04603745	0	
383.2	-0.0465034	0	
383.4	-0.04611414	0	
383.6	-0.046123	0	
383.8	-0.04625519	0	
384	-0.04616434	0	
384.2	-0.04626437	0	
384.4	-0.04664483	0	
384.6	-0.04679006	0	
384.8	-0.04711077	0	
385	-0.04735355	0	
385.2	-0.0473	0	
385.4	-0.04699244	0	
385.6	-0.04723276	0	
385.8	-0.04706009	0	
386	-0.04710294	0	
386.2	-0.04645898	0	
386.4	-0.04659649	0	
386.6	-0.04657989	0	
386.8	-0.04611291	0	
387	-0.04571957	0	
387.2	-0.04562706	0	
387.4	-0.04526399	0	
387.6	-0.04592419	0	
387.8	-0.0458144	0	
388	-0.04614239	0	
388.2	-0.04625782	0	
388.4	-0.04643275	0	
388.6	-0.04669882	0	
388.8	-0.04653935	0	
389	-0.04622132	0	
389.2	-0.04611448	0	
389.4	-0.04593221	0	
389.6	-0.04629565	0	
389.8	-0.04595958	0	
390	-0.04602709	0	
390.2	-0.04573426	0	
390.4	-0.04579565	0	
390.6	-0.04585101	0	
390.8	-0.04573707	0	
391	-0.04605204	0	
391.2	-0.04638464	0	
391.4	-0.04648691	0	
391.6	-0.04660647	0	
391.8	-0.04628348	0	
392	-0.04630509	0	
392.2	-0.04611012	0	
392.4	-0.04599791	0	
392.6	-0.04584395	0	
392.8	-0.04551291	0	
393	-0.04548048	0	
393.2	-0.04600497	0	
393.4	-0.04609356	0	
393.6	-0.04620647	0	
393.8	-0.04627112	0	
394	-0.04606131	0	
394.2	-0.04607184	0	
394.4	-0.04596673	0	
394.6	-0.04602756	0	
394.8	-0.04594513	0	
395	-0.04586943	0	
395.2	-0.04580831	0	
395.4	-0.04558062	0	
395.6	-0.04582093	0	
395.8	-0.04564355	0	
396	-0.04547567	0	
396.2	-0.04591468	0	
396.4	-0.04628583	0	
396.6	-0.04679446	0	
396.8	-0.04689021	0	
397	-0.04696444	0	
397.2	-0.04768343	0	
397.4	-0.04762226	0	
397.6	-0.04750829	0	
397.8	-0.04743633	0	
398	-0.04667281	0	
398.2	-0.04659151	0	
398.4	-0.0463331	0	
398.6	-0.04607862	0	
398.8	-0.04633954	0	
399	-0.04645859	0	
399.2	-0.04664367	0	
399.4	-0.04677103	0	
399.6	-0.04723491	0	
399.8	-0.04735614	0	
400	-0.04779998	0	
400.2	-0.04831362	0	
400.4	-0.0487619	0	
400.6	-0.0490189	0	
400.8	-0.04904978	0	
401	-0.04948422	0	
401.2	-0.04985338	0	
401.4	-0.04971454	0	
401.6	-0.04953247	0	
401.8	-0.04900078	0	
402	-0.04820212	0	
402.2	-0.04818114	0	
402.4	-0.04791419	0	
402.6	-0.04796075	0	
402.8	-0.04797071	0	
403	-0.04791393	0	
403.2	-0.04790562	0	
403.4	-0.04773636	0	
403.6	-0.04792895	0	
403.8	-0.04753718	0	
404	-0.04721496	0	
404.2	-0.04717373	0	
404.4	-0.04741322	0	
404.6	-0.0474496	0	
404.8	-0.04752733	0	
405	-0.04774939	0	
405.2	-0.0476592	0	
405.4	-0.04774085	0	
405.6	-0.04738556	0	
405.8	-0.04716825	0	
406	-0.04724707	0	
406.2	-0.04743785	0	
406.4	-0.04739841	0	
406.6	-0.04807661	0	
406.8	-0.04790894	0	
407	-0.04850003	0	
407.2	-0.04826433	0	
407.4	-0.04839103	0	
407.6	-0.04839654	0	
407.8	-0.04834896	0	
408	-0.04871029	0	
408.2	-0.04924296	0	
408.4	-0.04919162	0	
408.6	-0.04935267	0	
408.8	-0.04931877	0	
409	-0.04898723	0	
409.2	-0.0491921	0	
409.4	-0.04920382	0	
409.6	-0.04923957	0	
409.8	-0.0494407	0	
410	-0.04929703	0	
410.2	-0.04912119	0	
410.4	-0.04913699	0	
410.6	-0.04926998	0	
410.8	-0.04914278	0	
411	-0.04925264	0	
411.2	-0.04895125	0	
411.4	-0.04953954	0	
411.6	-0.04963547	0	
411.8	-0.04971852	0	
412	-0.0498822	0	
412.2	-0.04978422	0	
412.4	-0.04945569	0	
412.6	-0.04926269	0	
412.8	-0.04871242	0	
413	-0.04819575	0	
413.2	-0.04850988	0	
413.4	-0.04773687	0	
413.6	-0.04756209	0	
413.8	-0.04738944	0	
414	-0.04747992	0	
414.2	-0.04748963	0	
414.4	-0.04736352	0	
414.6	-0.04761142	0	
414.8	-0.04795264	0	
415	-0.04826649	0	
415.2	-0.04876876	0	
415.4	-0.04913517	0	
415.6	-0.04944649	0	
415.8	-0.04985545	0	
416	-0.05015088	0	
416.2	-0.05035799	0	
416.4	-0.05060275	0	
416.6	-0.05022695	0	
416.8	-0.05031158	0	
417	-0.05029329	0	
417.2	-0.05002184	0	
417.4	-0.04980768	0	
417.6	-0.05034469	0	
417.8	-0.05055704	0	
418	-0.05071196	0	
418.2	-0.05045677	0	
418.4	-0.0503363	0	
418.6	-0.05045327	0	
418.8	-0.05042386	0	
419	-0.05029943	0	
419.2	-0.05016491	0	
419.4	-0.04999349	0	
419.6	-0.05005162	0	
419.8	-0.04991096	0	
420	-0.059315	0	
420.2	-0.05729168	0	
420.4	-0.05552996	0	
420.6	-0.05372614	0	
420.8	-0.05150938	0	
421	-0.04938822	0	
421.2	-0.04724587	0	
421.4	-0.04552133	0	
421.6	-0.04370025	0	
421.8	-0.04217481	0	
422	-0.04101728	0	
422.2	-0.04034391	0	
422.4	-0.03915616	0	
422.6	-0.03860409	0	
422.8	-0.03786331	0	
423	-0.03777652	0	
423.2	-0.03735769	0	
423.4	-0.03708691	0	
423.6	-0.03639581	0	
423.8	-0.03576428	0	
424	-0.03533198	0	
424.2	-0.03500953	0	
424.4	-0.03508343	0	
424.6	-0.03508931	0	
424.8	-0.03437298	0	
425	-0.03428631	0	
425.2	-0.03414749	0	
425.4	-0.03393201	0	
425.6	-0.03319635	0	
425.8	-0.03300385	0	
426	-0.03240774	0	
426.2	-0.03198928	0	
426.4	-0.03172858	0	
426.6	-0.031291	0	
426.8	-0.03099306	0	
427	-0.03100779	0	
427.2	-0.03073286	0	
427.4	-0.0301593	0	
427.6	-0.0298739	0	
427.8	-0.02955679	0	
428	-0.02922372	0	
428.2	-0.02971348	0	
428.4	-0.02970723	0	
428.6	-0.02973171	0	
428.8	-0.02954316	0	
429	-0.02965896	0	
429.2	-0.02964887	0	
429.4	-0.02915417	0	
429.6	-0.02919033	0	
429.8	-0.02926839	0	
430	-0.02870328	0	
430.2	-0.02833742	0	
430.4	-0.02816203	0	
430.6	-0.02775226	0	
430.8	-0.02784421	0	
431	-0.02764491	0	
431.2	-0.02757484	0	
431.4	-0.02718725	0	
431.6	-0.02745718	0	
431.8	-0.02706752	0	
432	-0.02686168	0	
432.2	-0.02712056	0	
432.4	-0.02695434	0	
432.6	-0.02681052	0	
432.8	-0.02663976	0	
433	-0.0267525	0	
433.2	-0.02680937	0	
433.4	-0.02674976	0	
433.6	-0.02689963	0	
433.8	-0.0266115	0	
434	-0.0261855	0	
434.2	-0.02591537	0	
434.4	-0.02586195	0	
434.6	-0.02583782	0	
434.8	-0.02555105	0	
435	-0.02526834	0	
435.2	-0.02517074	0	
435.4	-0.02492063	0	
435.6	-0.02484689	0	
435.8	-0.02465673	0	
436	-0.0244468	0	
436.2	-0.02435623	0	
436.4	-0.02413564	0	
436.6	-0.02399427	0	
436.8	-0.0240485	0	
437	-0.02423788	0	
437.2	-0.02386303	0	
437.4	-0.02365697	0	
437.6	-0.02345442	0	
437.8	-0.02323678	0	
438	-0.02328537	0	
438.2	-0.02343513	0	
438.4	-0.02353352	0	
438.6	-0.02378775	0	
438.8	-0.0238183	0	
439	-0.02404858	0	
439.2	-0.02412599	0	
439.4	-0.02414513	0	
439.6	-0.02428331	0	
439.8	-0.02463539	0	
440	-0.0247868	0	
440.2	-0.02485091	0	
440.4	-0.02480008	0	
440.6	-0.02466381	0	
440.8	-0.02436817	0	
441	-0.02398276	0	
441.2	-0.0235397	0	
441.4	-0.02319795	0	
441.6	-0.0231622	0	
441.8	-0.02315547	0	
442	-0.02365348	0	
442.2	-0.02369532	0	
442.4	-0.0237125	0	
442.6	-0.02363251	0	
442.8	-0.02347485	0	
443	-0.02334041	0	
443.2	-0.02359453	0	
443.4	-0.02383434	0	
443.6	-0.02417933	0	
443.8	-0.02439597	0	
444	-0.02479309	0	
444.2	-0.02461154	0	
444.4	-0.02433202	0	
444.6	-0.02421401	0	
444.8	-0.02420998	0	
445	-0.02408676	0	
445.2	-0.02389243	0	
445.4	-0.02376638	0	
445.6	-0.02406612	0	
445.8	-0.02426934	0	
446	-0.02406013	0	
446.2	-0.0237634	0	
446.4	-0.02357396	0	
446.6	-0.02319959	0	
446.8	-0.0231435	0	
447	-0.02302477	0	
447.2	-0.02349897	0	
447.4	-0.02361048	0	
447.6	-0.02358	0	
447.8	-0.02365355	0	
448	-0.02371078	0	
448.2	-0.0237669	0	
448.4	-0.02409095	0	
448.6	-0.02430041	0	
448.8	-0.02454965	0	
449	-0.02448356	0	
449.2	-0.02456584	0	
449.4	-0.02463748	0	
449.6	-0.02472969	0	
449.8	-0.02450633	0	
450	-0.02416324	0	
450.2	-0.02398219	0	
450.4	-0.0235383	0	
450.6	-0.0232424	0	
450.8	-0.02306639	0	
451	-0.02268231	0	
451.2	-0.02278977	0	
451.4	-0.02247113	0	
451.6	-0.02204538	0	
451.8	-0.0218706	0	
452	-0.02178494	0	
452.2	-0.02203987	0	
452.4	-0.02199476	0	
452.6	-0.02212363	0	
452.8	-0.02227372	0	
453	-0.02207902	0	
453.2	-0.02199907	0	
453.4	-0.02172969	0	
453.6	-0.02174545	0	
453.8	-0.02193028	0	
454	-0.02182426	0	
454.2	-0.02146083	0	
454.4	-0.02130541	0	
454.6	-0.02139667	0	
454.8	-0.02132157	0	
455	-0.02150588	0	
455.2	-0.02163909	0	
455.4	-0.02187357	0	
455.6	-0.02194925	0	
455.8	-0.02202959	0	
456	-0.02220622	0	
456.2	-0.02212165	0	
456.4	-0.02209554	0	
456.6	-0.02220241	0	
456.8	-0.02195198	0	
457	-0.02145355	0	
457.2	-0.0214776	0	
457.4	-0.02126706	0	
457.6	-0.02158474	0	
457.8	-0.0218586	0	
458	-0.02147764	0	
458.2	-0.02156619	0	
458.4	-0.02170483	0	
458.6	-0.0221304	0	
458.8	-0.02228563	0	
459	-0.02231958	0	
459.2	-0.02192919	0	
459.4	-0.02204182	0	
459.6	-0.02240751	0	
459.8	-0.0223827	0	
460	-0.02199523	0	
460.2	-0.02164005	0	
460.4	-0.02129441	0	
460.6	-0.02095466	0	
460.8	-0.02089324	0	
461	-0.020591	0	
461.2	-0.02089463	0	
461.4	-0.02068273	0	
461.6	-0.02089342	0	
461.8	-0.0211215	0	
462	-0.02127301	0	
462.2	-0.02194057	0	
462.4	-0.02212968	0	
462.6	-0.02211554	0	
462.8	-0.0218786	0	
463	-0.021823	0	
463.2	-0.02202781	0	
463.4	-0.02261441	0	
463.6	-0.02300499	0	
463.8	-0.02295025	0	
464	-0.02274063	0	
464.2	-0.02287133	0	
464.4	-0.02203437	0	
464.6	-0.02193732	0	
464.8	-0.02204253	0	
465	-0.02188663	0	
465.2	-0.02170839	0	
465.4	-0.02157945	0	
465.6	-0.0215739	0	
465.8	-0.02177689	0	
466	-0.0216918	0	
466.2	-0.021713	0	
466.4	-0.02143627	0	
466.6	-0.02115918	0	
466.8	-0.0215044	0	
467	-0.02185874	0	
467.2	-0.02181283	0	
467.4	-0.02173209	0	
467.6	-0.02181348	0	
467.8	-0.02183877	0	
468	-0.02168722	0	
468.2	-0.02139173	0	
468.4	-0.02098	0	
468.6	-0.02128415	0	
468.8	-0.02165368	0	
469	-0.02178075	0	
469.2	-0.02179544	0	
469.4	-0.02196958	0	
469.6	-0.02186378	0	
469.8	-0.02166596	0	
470	-0.02177999	0	
470.2	-0.02211224	0	
470.4	-0.02244064	0	
470.6	-0.023032	0	
470.8	-0.02339856	0	
471	-0.02360788	0	
471.2	-0.02320202	0	
471.4	-0.02348597	0	
471.6	-0.02341061	0	
471.8	-0.02311045	0	
472	-0.02308869	0	
472.2	-0.0232965	0	
472.4	-0.02315648	0	
472.6	-0.02301881	0	
472.8	-0.02314612	0	
473	-0.02280812	0	
473.2	-0.02254002	0	
473.4	-0.02219924	0	
473.6	-0.02179965	0	
473.8	-0.02148916	0	
474	-0.02168677	0	
474.2	-0.02175023	0	
474.4	-0.02218004	0	
474.6	-0.02262979	0	
474.8	-0.02274175	0	
475	-0.02276918	0	
475.2	-0.02269189	0	
475.4	-0.02264047	0	
475.6	-0.02236323	0	
475.8	-0.02260425	0	
476	-0.02271856	0	
476.2	-0.02249419	0	
476.4	-0.02188155	0	
476.6	-0.02207663	0	
476.8	-0.0220303	0	
477	-0.02164512	0	
477.2	-0.02195005	0	
477.4	-0.02197507	0	
477.6	-0.02159357	0	
477.8	-0.02144582	0	
478	-0.02157996	0	
478.2	-0.02187373	0	
478.4	-0.02240066	0	
478.6	-0.02264677	0	
478.8	-0.02240555	0	
479	-0.02228222	0	
479.2	-0.02236543	0	
479.4	-0.02237376	0	
479.6	-0.02257997	0	
479.8	-0.02246672	0	
480	-0.02212754	0	
480.2	-0.02180611	0	
480.4	-0.02201967	0	
480.6	-0.02259767	0	
480.8	-0.02290478	0	
481	-0.02296004	0	
481.2	-0.02335893	0	
481.4	-0.02296372	0	
481.6	-0.02260658	0	
481.8	-0.02267378	0	
482	-0.02269453	0	
482.2	-0.02304991	0	
482.4	-0.02322195	0	
482.6	-0.02310199	0	
482.8	-0.02270914	0	
483	-0.02313759	0	
483.2	-0.02320536	0	
483.4	-0.02329923	0	
483.6	-0.02292885	0	
483.8	-0.02280669	0	
484	-0.02304668	0	
484.2	-0.02354842	0	
484.4	-0.02363457	0	
484.6	-0.02380326	0	
484.8	-0.0237252	0	
485	-0.02333585	0	
485.2	-0.02337459	0	
485.4	-0.023415	0	
485.6	-0.0234662	0	
485.8	-0.02357058	0	
486	-0.02350299	0	
486.2	-0.02378579	0	
486.4	-0.02363546	0	
486.6	-0.02356513	0	
486.8	-0.02356256	0	
487	-0.02359469	0	
487.2	-0.02333609	0	
487.4	-0.02319838	0	
487.6	-0.02276077	0	
487.8	-0.0229282	0	
488	-0.0228852	0	
488.2	-0.0231885	0	
488.4	-0.02249089	0	
488.6	-0.02231693	0	
488.8	-0.02211837	0	
489	-0.02221445	0	
489.2	-0.02234035	0	
489.4	-0.02250382	0	
489.6	-0.02223122	0	
489.8	-0.02225655	0	
490	-0.02231194	0	
490.2	-0.02213016	0	
490.4	-0.02217375	0	
490.6	-0.02212458	0	
490.8	-0.02179255	0	
491	-0.02170088	0	
491.2	-0.02179803	0	
491.4	-0.02198272	0	
491.6	-0.02204773	0	
491.8	-0.02233166	0	
492	-0.02238015	0	
492.2	-0.02264477	0	
492.4	-0.0224833	0	
492.6	-0.02278078	0	
492.8	-0.02282178	0	
493	-0.02296775	0	
493.2	-0.0232425	0	
493.4	-0.0232971	0	
493.6	-0.02320048	0	
493.8	-0.0231756	0	
494	-0.02321158	0	
494.2	-0.02291692	0	
494.4	-0.02304719	0	
494.6	-0.02302898	0	
494.8	-0.02280253	0	
495	-0.02323807	0	
495.2	-0.02319855	0	
495.4	-0.02317457	0	
495.6	-0.02314396	0	
495.8	-0.02296647	0	
496	-0.02306484	0	
496.2	-0.02308602	0	
496.4	-0.0229967	0	
496.6	-0.02316709	0	
496.8	-0.02282487	0	
497	-0.02305205	0	
497.2	-0.02321579	0	
497.4	-0.02274446	0	
497.6	-0.02268501	0	
497.8	-0.02267349	0	
498	-0.02264816	0	
498.2	-0.02252251	0	
498.4	-0.0226273	0	
498.6	-0.02279459	0	
498.8	-0.02242573	0	
499	-0.02243728	0	
499.2	-0.02233104	0	
499.4	-0.02221697	0	
499.6	-0.02247477	0	
499.8	-0.02223022	0	
500	-0.02264468	0	
500.2	-0.02242774	0	
500.4	-0.02209283	0	
500.6	-0.02232675	0	
500.8	-0.02234747	0	
501	-0.02269698	0	
501.2	-0.02269748	0	
501.4	-0.02267388	0	
501.6	-0.02277272	0	
501.8	-0.02273358	0	
502	-0.02267235	0	
502.2	-0.02282418	0	
502.4	-0.0229459	0	
502.6	-0.02271702	0	
502.8	-0.02232914	0	
503	-0.02262865	0	
503.2	-0.02249368	0	
503.4	-0.02223087	0	
503.6	-0.0225814	0	
503.8	-0.02262763	0	
504	-0.02307859	0	
504.2	-0.02286873	0	
504.4	-0.0228478	0	
504.6	-0.02288592	0	
504.8	-0.02301186	0	
505	-0.02296226	0	
505.2	-0.02308922	0	
505.4	-0.02320291	0	
505.6	-0.0232972	0	
505.8	-0.0231316	0	
506	-0.02326362	0	
506.2	-0.02325341	0	
506.4	-0.02321342	0	
506.6	-0.02303322	0	
506.8	-0.02310089	0	
507	-0.02333639	0	
507.2	-0.02318055	0	
507.4	-0.02309039	0	
507.6	-0.02334618	0	
507.8	-0.02318765	0	
508	-0.02289895	0	
508.2	-0.02265684	0	
508.4	-0.02250883	0	
508.6	-0.02266027	0	
508.8	-0.02308534	0	
509	-0.02339972	0	
509.2	-0.02391308	0	
509.4	-0.02428798	0	
509.6	-0.0243599	0	
509.8	-0.02434128	0	
510	-0.02475582	0	
510.2	-0.02478046	0	
510.4	-0.02463625	0	
510.6	-0.02478464	0	
510.8	-0.02444192	0	
511	-0.02414887	0	
511.2	-0.02375701	0	
511.4	-0.0233641	0	
511.6	-0.02300481	0	
511.8	-0.02266317	0	
512	-0.02228271	0	
512.2	-0.02198677	0	
512.4	-0.02218183	0	
512.6	-0.02270742	0	
512.8	-0.02261302	0	
513	-0.02269162	0	
513.2	-0.023125	0	
513.4	-0.02312245	0	
513.6	-0.02317789	0	
513.8	-0.02325537	0	
514	-0.02347217	0	
514.2	-0.02330275	0	
514.4	-0.02343192	0	
514.6	-0.02334241	0	
514.8	-0.02295583	0	
515	-0.02308284	0	
515.2	-0.02335613	0	
515.4	-0.02362216	0	
515.6	-0.02365045	0	
515.8	-0.02385712	0	
516	-0.02414414	0	
516.2	-0.02433103	0	
516.4	-0.02486253	0	
516.6	-0.02493144	0	
516.8	-0.02489047	0	
517	-0.02536529	0	
517.2	-0.02541493	0	
517.4	-0.02513107	0	
517.6	-0.02540666	0	
517.8	-0.0253535	0	
518	-0.02510312	0	
518.2	-0.02488384	0	
518.4	-0.02451005	0	
518.6	-0.0238277	0	
518.8	-0.023358	0	
519	-0.0233934	0	
519.2	-0.02312628	0	
519.4	-0.02320845	0	
519.6	-0.02316042	0	
519.8	-0.02321485	0	
520	-0.02347257	0	
520.2	-0.02325569	0	
520.4	-0.02327859	0	
520.6	-0.02314944	0	
520.8	-0.02355124	0	
521	-0.02344961	0	
521.2	-0.02340187	0	
521.4	-0.02333117	0	
521.6	-0.02333171	0	
521.8	-0.0233223	0	
522	-0.02314706	0	
522.2	-0.02317782	0	
522.4	-0.02283574	0	
522.6	-0.02261996	0	
522.8	-0.02259688	0	
523	-0.02296874	0	
523.2	-0.02323907	0	
523.4	-0.02336948	0	
523.6	-0.02346938	0	
523.8	-0.02359132	0	
524	-0.02362627	0	
524.2	-0.02369634	0	
524.4	-0.02411632	0	
524.6	-0.02377642	0	
524.8	-0.02399866	0	
525	-0.02357659	0	
525.2	-0.02342878	0	
525.4	-0.02300973	0	
525.6	-0.02280294	0	
525.8	-0.02287983	0	
526	-0.02263986	0	
526.2	-0.02277426	0	
526.4	-0.02274834	0	
526.6	-0.02280319	0	
526.8	-0.02344898	0	
527	-0.02368368	0	
527.2	-0.02400895	0	
527.4	-0.0241745	0	
527.6	-0.02453941	0	
527.8	-0.02433222	0	
528	-0.02467578	0	
528.2	-0.02487524	0	
528.4	-0.02505252	0	
528.6	-0.02474449	0	
528.8	-0.0246826	0	
529	-0.02408401	0	
529.2	-0.02389054	0	
529.4	-0.02374004	0	
529.6	-0.02369847	0	
529.8	-0.02388501	0	
530	-0.02414144	0	
530.2	-0.02419477	0	
530.4	-0.02434408	0	
530.6	-0.02435225	0	
530.8	-0.02465471	0	
531	-0.02467507	0	
531.2	-0.02477652	0	
531.4	-0.02502219	0	
531.6	-0.02525767	0	
531.8	-0.02533187	0	
532	-0.02565573	0	
532.2	-0.02554131	0	
532.4	-0.02528144	0	
532.6	-0.02488591	0	
532.8	-0.02457133	0	
533	-0.02436926	0	
533.2	-0.02435656	0	
533.4	-0.02442275	0	
533.6	-0.02440999	0	
533.8	-0.02451079	0	
534	-0.02422305	0	
534.2	-0.02426725	0	
534.4	-0.02428103	0	
534.6	-0.02423837	0	
534.8	-0.02410962	0	
535	-0.02440099	0	
535.2	-0.02421369	0	
535.4	-0.02427597	0	
535.6	-0.02452842	0	
535.8	-0.02451122	0	
536	-0.02426476	0	
536.2	-0.02400146	0	
536.4	-0.02418783	0	
536.6	-0.02392602	0	
536.8	-0.02391068	0	
537	-0.02412721	0	
537.2	-0.02415955	0	
537.4	-0.02411383	0	
537.6	-0.02436625	0	
537.8	-0.02452917	0	
538	-0.02441277	0	
538.2	-0.02472437	0	
538.4	-0.02458716	0	
538.6	-0.0247211	0	
538.8	-0.02452084	0	
539	-0.02471376	0	
539.2	-0.02441799	0	
539.4	-0.02441084	0	
539.6	-0.02451876	0	
539.8	-0.02452978	0	
