Conc1	3.33E-08	
Start1	240	
Stop1	479.8	
Kobs	5.05436989333192E-12	
Error Kobs	18545893305851.7	
Koff	0	
Error Koff	0	
Time1	Data1	Fit1	
240	-0.00567422	0	
240.2	-0.00586159	0	
240.4	-0.00623752	0	
240.6	-0.0063767	0	
240.8	-0.00647083	0	
241	-0.00706579	0	
241.2	-0.00784339	0	
241.4	-0.00837114	0	
241.6	-0.00894228	0	
241.8	-0.00934342	0	
242	-0.00984794	0	
242.2	-0.01012459	0	
242.4	-0.01068784	0	
242.6	-0.01092947	0	
242.8	-0.01116556	0	
243	-0.01128441	0	
243.2	-0.01204071	0	
243.4	-0.0123779	0	
243.6	-0.01249521	0	
243.8	-0.01275378	0	
244	-0.01322522	0	
244.2	-0.01300163	0	
244.4	-0.01323955	0	
244.6	-0.01357999	0	
244.8	-0.01405747	0	
245	-0.01472216	0	
245.2	-0.01500516	0	
245.4	-0.01524801	0	
245.6	-0.0152324	0	
245.8	-0.01516369	0	
246	-0.01517285	0	
246.2	-0.01520894	0	
246.4	-0.01554295	0	
246.6	-0.01553704	0	
246.8	-0.01606631	0	
247	-0.01625009	0	
247.2	-0.01672202	0	
247.4	-0.01674667	0	
247.6	-0.01677443	0	
247.8	-0.016846	0	
248	-0.01702002	0	
248.2	-0.01661762	0	
248.4	-0.01711176	0	
248.6	-0.0174314	0	
248.8	-0.01707441	0	
249	-0.01687408	0	
249.2	-0.01672176	0	
249.4	-0.01684713	0	
249.6	-0.01648953	0	
249.8	-0.0164738	0	
250	-0.01650156	0	
250.2	-0.01691277	0	
250.4	-0.01674461	0	
250.6	-0.01692013	0	
250.8	-0.01720709	0	
251	-0.01685429	0	
251.2	-0.01724121	0	
251.4	-0.01713015	0	
251.6	-0.01711683	0	
251.8	-0.01721362	0	
252	-0.01743996	0	
252.2	-0.01748416	0	
252.4	-0.01787935	0	
252.6	-0.01770823	0	
252.8	-0.0173924	0	
253	-0.01760861	0	
253.2	-0.0177752	0	
253.4	-0.0180566	0	
253.6	-0.01805183	0	
253.8	-0.01808208	0	
254	-0.01806057	0	
254.2	-0.01833114	0	
254.4	-0.017881	0	
254.6	-0.01793965	0	
254.8	-0.01792919	0	
255	-0.01769569	0	
255.2	-0.01785691	0	
255.4	-0.0178332	0	
255.6	-0.01791529	0	
255.8	-0.01813721	0	
256	-0.01829789	0	
256.2	-0.01830156	0	
256.4	-0.01841109	0	
256.6	-0.01833967	0	
256.8	-0.01846627	0	
257	-0.01873614	0	
257.2	-0.01873229	0	
257.4	-0.01883193	0	
257.6	-0.0187066	0	
257.8	-0.01905662	0	
258	-0.01911522	0	
258.2	-0.01909665	0	
258.4	-0.01906424	0	
258.6	-0.0190279	0	
258.8	-0.01903788	0	
259	-0.0187468	0	
259.2	-0.01894124	0	
259.4	-0.01895196	0	
259.6	-0.0191948	0	
259.8	-0.01922477	0	
260	-0.01926416	0	
260.2	-0.01961913	0	
260.4	-0.019812	0	
260.6	-0.02034197	0	
260.8	-0.020663	0	
261	-0.02069622	0	
261.2	-0.02069108	0	
261.4	-0.02081704	0	
261.6	-0.02070946	0	
261.8	-0.02106046	0	
262	-0.02068772	0	
262.2	-0.02028113	0	
262.4	-0.02027406	0	
262.6	-0.02004931	0	
262.8	-0.01990717	0	
263	-0.01985267	0	
263.2	-0.01990236	0	
263.4	-0.01992173	0	
263.6	-0.02021614	0	
263.8	-0.0200717	0	
264	-0.0205731	0	
264.2	-0.02121121	0	
264.4	-0.02159754	0	
264.6	-0.0220184	0	
264.8	-0.0222386	0	
265	-0.02204016	0	
265.2	-0.02215321	0	
265.4	-0.02226616	0	
265.6	-0.02239834	0	
265.8	-0.02267141	0	
266	-0.02222986	0	
266.2	-0.02212716	0	
266.4	-0.02220437	0	
266.6	-0.0220645	0	
266.8	-0.02179421	0	
267	-0.02172662	0	
267.2	-0.02170748	0	
267.4	-0.02191015	0	
267.6	-0.02182253	0	
267.8	-0.02188468	0	
268	-0.02233697	0	
268.2	-0.02226505	0	
268.4	-0.02227244	0	
268.6	-0.02251206	0	
268.8	-0.02251833	0	
269	-0.02220967	0	
269.2	-0.02247142	0	
269.4	-0.02245232	0	
269.6	-0.02236191	0	
269.8	-0.02234853	0	
270	-0.0224162	0	
270.2	-0.02254504	0	
270.4	-0.02221053	0	
270.6	-0.02203887	0	
270.8	-0.02217274	0	
271	-0.0224603	0	
271.2	-0.02250469	0	
271.4	-0.0224413	0	
271.6	-0.02255372	0	
271.8	-0.02280672	0	
272	-0.02279441	0	
272.2	-0.02278448	0	
272.4	-0.02310654	0	
272.6	-0.02327944	0	
272.8	-0.02292502	0	
273	-0.0227279	0	
273.2	-0.02257858	0	
273.4	-0.02234334	0	
273.6	-0.02224042	0	
273.8	-0.02261176	0	
274	-0.02264114	0	
274.2	-0.02257668	0	
274.4	-0.02257681	0	
274.6	-0.02303129	0	
274.8	-0.02329262	0	
275	-0.02369794	0	
275.2	-0.02391893	0	
275.4	-0.02446477	0	
275.6	-0.02474009	0	
275.8	-0.02493605	0	
276	-0.02479299	0	
276.2	-0.02518537	0	
276.4	-0.0251539	0	
276.6	-0.02494018	0	
276.8	-0.0245408	0	
277	-0.02392645	0	
277.2	-0.02383188	0	
277.4	-0.02381181	0	
277.6	-0.0238119	0	
277.8	-0.02345837	0	
278	-0.02324909	0	
278.2	-0.02315072	0	
278.4	-0.02284205	0	
278.6	-0.02291014	0	
278.8	-0.02260393	0	
279	-0.02293251	0	
279.2	-0.02315923	0	
279.4	-0.02345432	0	
279.6	-0.02339369	0	
279.8	-0.02394163	0	
280	-0.02409993	0	
280.2	-0.02438564	0	
280.4	-0.02430653	0	
280.6	-0.02456625	0	
280.8	-0.02442401	0	
281	-0.0238537	0	
281.2	-0.02422502	0	
281.4	-0.02424491	0	
281.6	-0.02413775	0	
281.8	-0.0238983	0	
282	-0.02407845	0	
282.2	-0.02400286	0	
282.4	-0.02415725	0	
282.6	-0.02434683	0	
282.8	-0.02426992	0	
283	-0.02471213	0	
283.2	-0.02492874	0	
283.4	-0.02534967	0	
283.6	-0.02561016	0	
283.8	-0.02610612	0	
284	-0.02584315	0	
284.2	-0.02570913	0	
284.4	-0.02534489	0	
284.6	-0.02512555	0	
284.8	-0.02466391	0	
285	-0.02435909	0	
285.2	-0.02460968	0	
285.4	-0.0244397	0	
285.6	-0.02473345	0	
285.8	-0.0248217	0	
286	-0.02518791	0	
286.2	-0.02525217	0	
286.4	-0.02553688	0	
286.6	-0.02555975	0	
286.8	-0.02535857	0	
287	-0.02543302	0	
287.2	-0.0259656	0	
287.4	-0.02611341	0	
287.6	-0.0257921	0	
287.8	-0.02557622	0	
288	-0.02552826	0	
288.2	-0.0253726	0	
288.4	-0.02532579	0	
288.6	-0.02548652	0	
288.8	-0.02574866	0	
289	-0.02584739	0	
289.2	-0.02585186	0	
289.4	-0.02566436	0	
289.6	-0.02587609	0	
289.8	-0.02584421	0	
290	-0.02587303	0	
290.2	-0.02563205	0	
290.4	-0.02580485	0	
290.6	-0.02531856	0	
290.8	-0.02530797	0	
291	-0.02531455	0	
291.2	-0.02560391	0	
291.4	-0.02496226	0	
291.6	-0.02457979	0	
291.8	-0.02476153	0	
292	-0.0252908	0	
292.2	-0.02488279	0	
292.4	-0.02525204	0	
292.6	-0.02534694	0	
292.8	-0.02578407	0	
293	-0.02631012	0	
293.2	-0.02633288	0	
293.4	-0.02624058	0	
293.6	-0.02641641	0	
293.8	-0.02649394	0	
294	-0.02638402	0	
294.2	-0.02632009	0	
294.4	-0.02634188	0	
294.6	-0.02629352	0	
294.8	-0.02647773	0	
295	-0.02653237	0	
295.2	-0.0264947	0	
295.4	-0.02608574	0	
295.6	-0.02600815	0	
295.8	-0.02612209	0	
296	-0.02612841	0	
296.2	-0.02598138	0	
296.4	-0.02616335	0	
296.6	-0.0264913	0	
296.8	-0.02673782	0	
297	-0.0268972	0	
297.2	-0.02642088	0	
297.4	-0.02633727	0	
297.6	-0.02664427	0	
297.8	-0.02659911	0	
298	-0.02680292	0	
298.2	-0.02696672	0	
298.4	-0.02703728	0	
298.6	-0.02714149	0	
298.8	-0.02738814	0	
299	-0.02755969	0	
299.2	-0.02707657	0	
299.4	-0.02677703	0	
299.6	-0.02682371	0	
299.8	-0.02696471	0	
300	-0.02709217	0	
300.2	-0.02717245	0	
300.4	-0.02726222	0	
300.6	-0.02718608	0	
300.8	-0.02681985	0	
301	-0.02722472	0	
301.2	-0.02725069	0	
301.4	-0.02736783	0	
301.6	-0.0277894	0	
301.8	-0.02770259	0	
302	-0.02778426	0	
302.2	-0.02753443	0	
302.4	-0.02729367	0	
302.6	-0.02745281	0	
302.8	-0.02748046	0	
303	-0.02743804	0	
303.2	-0.02709035	0	
303.4	-0.02727966	0	
303.6	-0.02755312	0	
303.8	-0.02792207	0	
304	-0.02791138	0	
304.2	-0.0278525	0	
304.4	-0.02785912	0	
304.6	-0.02752696	0	
304.8	-0.02777718	0	
305	-0.02806629	0	
305.2	-0.02769682	0	
305.4	-0.02747572	0	
305.6	-0.02755113	0	
305.8	-0.02753912	0	
306	-0.02703628	0	
306.2	-0.0269944	0	
306.4	-0.02713265	0	
306.6	-0.02733511	0	
306.8	-0.02747442	0	
307	-0.02743206	0	
307.2	-0.02730873	0	
307.4	-0.02750893	0	
307.6	-0.0275864	0	
307.8	-0.02793417	0	
308	-0.02775106	0	
308.2	-0.027834	0	
308.4	-0.02780462	0	
308.6	-0.02759602	0	
308.8	-0.02765186	0	
309	-0.02757213	0	
309.2	-0.02759365	0	
309.4	-0.02789039	0	
309.6	-0.02787294	0	
309.8	-0.02798524	0	
310	-0.02777277	0	
310.2	-0.02804244	0	
310.4	-0.02832377	0	
310.6	-0.02855153	0	
310.8	-0.02853609	0	
311	-0.02844096	0	
311.2	-0.02876084	0	
311.4	-0.02861082	0	
311.6	-0.02861875	0	
311.8	-0.02894483	0	
312	-0.02872185	0	
312.2	-0.02848182	0	
312.4	-0.02839638	0	
312.6	-0.02798804	0	
312.8	-0.02823515	0	
313	-0.02845095	0	
313.2	-0.02837665	0	
313.4	-0.02852016	0	
313.6	-0.02851967	0	
313.8	-0.02841101	0	
314	-0.02828048	0	
314.2	-0.02817253	0	
314.4	-0.02820725	0	
314.6	-0.02811097	0	
314.8	-0.02797823	0	
315	-0.02822431	0	
315.2	-0.02839146	0	
315.4	-0.02826937	0	
315.6	-0.02858335	0	
315.8	-0.02876738	0	
316	-0.02863775	0	
316.2	-0.02866885	0	
316.4	-0.02866165	0	
316.6	-0.02868001	0	
316.8	-0.02914934	0	
317	-0.02904995	0	
317.2	-0.02862839	0	
317.4	-0.02888376	0	
317.6	-0.029252	0	
317.8	-0.02892518	0	
318	-0.02885817	0	
318.2	-0.02888224	0	
318.4	-0.02899392	0	
318.6	-0.02883649	0	
318.8	-0.02912306	0	
319	-0.02962857	0	
319.2	-0.02967925	0	
319.4	-0.02953434	0	
319.6	-0.02966336	0	
319.8	-0.02931731	0	
320	-0.02908147	0	
320.2	-0.0288288	0	
320.4	-0.02878777	0	
320.6	-0.02879265	0	
320.8	-0.02869858	0	
321	-0.02856992	0	
321.2	-0.0284896	0	
321.4	-0.02885884	0	
321.6	-0.02889431	0	
321.8	-0.02880093	0	
322	-0.02902979	0	
322.2	-0.02897575	0	
322.4	-0.02885865	0	
322.6	-0.0289232	0	
322.8	-0.02911357	0	
323	-0.02927609	0	
323.2	-0.02908252	0	
323.4	-0.02887421	0	
323.6	-0.02901069	0	
323.8	-0.02878787	0	
324	-0.02881081	0	
324.2	-0.02912261	0	
324.4	-0.02920616	0	
324.6	-0.0291371	0	
324.8	-0.02924804	0	
325	-0.02921751	0	
325.2	-0.02905707	0	
325.4	-0.02921478	0	
325.6	-0.02928585	0	
325.8	-0.02913654	0	
326	-0.02906495	0	
326.2	-0.02881124	0	
326.4	-0.02936819	0	
326.6	-0.02960274	0	
326.8	-0.02963818	0	
327	-0.02993216	0	
327.2	-0.02997849	0	
327.4	-0.03004165	0	
327.6	-0.03001088	0	
327.8	-0.03029741	0	
328	-0.03022615	0	
328.2	-0.03038189	0	
328.4	-0.03030223	0	
328.6	-0.03049791	0	
328.8	-0.03036952	0	
329	-0.03044638	0	
329.2	-0.03047701	0	
329.4	-0.03038226	0	
329.6	-0.02997711	0	
329.8	-0.02963083	0	
330	-0.0299282	0	
330.2	-0.02998389	0	
330.4	-0.0303363	0	
330.6	-0.03008275	0	
330.8	-0.0300946	0	
331	-0.03024319	0	
331.2	-0.03016895	0	
331.4	-0.03011532	0	
331.6	-0.03032282	0	
331.8	-0.03076982	0	
332	-0.03086222	0	
332.2	-0.03126836	0	
332.4	-0.03146133	0	
332.6	-0.03155917	0	
332.8	-0.03144252	0	
333	-0.03138325	0	
333.2	-0.03121379	0	
333.4	-0.03089745	0	
333.6	-0.03099585	0	
333.8	-0.03103022	0	
334	-0.03117547	0	
334.2	-0.03093906	0	
334.4	-0.03074448	0	
334.6	-0.03018248	0	
334.8	-0.03017977	0	
335	-0.03019079	0	
335.2	-0.03018483	0	
335.4	-0.03025742	0	
335.6	-0.0303688	0	
335.8	-0.03046153	0	
336	-0.03027037	0	
336.2	-0.0300159	0	
336.4	-0.02984472	0	
336.6	-0.02978093	0	
336.8	-0.02994666	0	
337	-0.02977671	0	
337.2	-0.02978461	0	
337.4	-0.02978	0	
337.6	-0.03041464	0	
337.8	-0.03049598	0	
338	-0.03084854	0	
338.2	-0.03061027	0	
338.4	-0.03059906	0	
338.6	-0.03052156	0	
338.8	-0.03092297	0	
339	-0.03125713	0	
339.2	-0.03140571	0	
339.4	-0.03155228	0	
339.6	-0.0316243	0	
339.8	-0.03161512	0	
340	-0.03135904	0	
340.2	-0.03124518	0	
340.4	-0.0317222	0	
340.6	-0.03207419	0	
340.8	-0.03200264	0	
341	-0.03161891	0	
341.2	-0.03184122	0	
341.4	-0.03188742	0	
341.6	-0.03206143	0	
341.8	-0.03172099	0	
342	-0.03156406	0	
342.2	-0.03129167	0	
342.4	-0.03155169	0	
342.6	-0.03154045	0	
342.8	-0.03164496	0	
343	-0.03164261	0	
343.2	-0.0314993	0	
343.4	-0.03175133	0	
343.6	-0.03136264	0	
343.8	-0.03105505	0	
344	-0.03118654	0	
344.2	-0.03109843	0	
344.4	-0.03142994	0	
344.6	-0.03109486	0	
344.8	-0.03116191	0	
345	-0.0312999	0	
345.2	-0.03127365	0	
345.4	-0.03117191	0	
345.6	-0.03104564	0	
345.8	-0.03086884	0	
346	-0.03084094	0	
346.2	-0.03080502	0	
346.4	-0.03105101	0	
346.6	-0.03090325	0	
346.8	-0.03049026	0	
347	-0.03008913	0	
347.2	-0.03019263	0	
347.4	-0.03046076	0	
347.6	-0.0301414	0	
347.8	-0.02982979	0	
348	-0.02988576	0	
348.2	-0.0296182	0	
348.4	-0.03012444	0	
348.6	-0.03021624	0	
348.8	-0.03035416	0	
349	-0.03054848	0	
349.2	-0.03072835	0	
349.4	-0.0310812	0	
349.6	-0.03115989	0	
349.8	-0.03134295	0	
350	-0.03173839	0	
350.2	-0.03185352	0	
350.4	-0.03222843	0	
350.6	-0.03206749	0	
350.8	-0.03192008	0	
351	-0.03214619	0	
351.2	-0.03270999	0	
351.4	-0.03293071	0	
351.6	-0.03258224	0	
351.8	-0.03260616	0	
352	-0.03288462	0	
352.2	-0.03310112	0	
352.4	-0.03325152	0	
352.6	-0.03273968	0	
352.8	-0.03248265	0	
353	-0.0328458	0	
353.2	-0.03234899	0	
353.4	-0.03231544	0	
353.6	-0.03199625	0	
353.8	-0.03181477	0	
354	-0.03190142	0	
354.2	-0.03188532	0	
354.4	-0.03144092	0	
354.6	-0.03118838	0	
354.8	-0.03110792	0	
355	-0.03107869	0	
355.2	-0.03112876	0	
355.4	-0.03125651	0	
355.6	-0.03164326	0	
355.8	-0.03208659	0	
356	-0.03204109	0	
356.2	-0.03210286	0	
356.4	-0.03249194	0	
356.6	-0.0328179	0	
356.8	-0.03295255	0	
357	-0.03317176	0	
357.2	-0.03314949	0	
357.4	-0.03343944	0	
357.6	-0.03296889	0	
357.8	-0.0332669	0	
358	-0.03358878	0	
358.2	-0.03360918	0	
358.4	-0.03324502	0	
358.6	-0.03340761	0	
358.8	-0.03328244	0	
359	-0.03325975	0	
359.2	-0.03327426	0	
359.4	-0.03340191	0	
359.6	-0.03342016	0	
359.8	-0.03316941	0	
360	-0.03744685	0	
360.2	-0.03689149	0	
360.4	-0.03637342	0	
360.6	-0.03573438	0	
360.8	-0.03526598	0	
361	-0.03425122	0	
361.2	-0.0337625	0	
361.4	-0.03340462	0	
361.6	-0.03268218	0	
361.8	-0.03249354	0	
362	-0.03173869	0	
362.2	-0.03144957	0	
362.4	-0.03125826	0	
362.6	-0.03101792	0	
362.8	-0.03076021	0	
363	-0.03031305	0	
363.2	-0.02991781	0	
363.4	-0.0291903	0	
363.6	-0.0290176	0	
363.8	-0.02872487	0	
364	-0.02863892	0	
364.2	-0.02870571	0	
364.4	-0.02859593	0	
364.6	-0.02843413	0	
364.8	-0.02849695	0	
365	-0.02817146	0	
365.2	-0.02847816	0	
365.4	-0.02860689	0	
365.6	-0.0284976	0	
365.8	-0.02875715	0	
366	-0.02829694	0	
366.2	-0.02825014	0	
366.4	-0.02816863	0	
366.6	-0.02795838	0	
366.8	-0.0276424	0	
367	-0.02703271	0	
367.2	-0.02678953	0	
367.4	-0.02655985	0	
367.6	-0.02700168	0	
367.8	-0.02740016	0	
368	-0.02754038	0	
368.2	-0.02733427	0	
368.4	-0.02684493	0	
368.6	-0.02667873	0	
368.8	-0.02642639	0	
369	-0.02605577	0	
369.2	-0.02622745	0	
369.4	-0.02608327	0	
369.6	-0.02606893	0	
369.8	-0.02604321	0	
370	-0.02578234	0	
370.2	-0.02582993	0	
370.4	-0.02612078	0	
370.6	-0.02612311	0	
370.8	-0.0260559	0	
371	-0.02596885	0	
371.2	-0.02584471	0	
371.4	-0.02601996	0	
371.6	-0.02647305	0	
371.8	-0.02639031	0	
372	-0.02588137	0	
372.2	-0.0252046	0	
372.4	-0.02510709	0	
372.6	-0.02513705	0	
372.8	-0.02484299	0	
373	-0.02481043	0	
373.2	-0.02456443	0	
373.4	-0.02429545	0	
373.6	-0.02442696	0	
373.8	-0.02484488	0	
374	-0.02486117	0	
374.2	-0.02490232	0	
374.4	-0.02502805	0	
374.6	-0.02475457	0	
374.8	-0.02500662	0	
375	-0.0249306	0	
375.2	-0.02491897	0	
375.4	-0.0252034	0	
375.6	-0.0251386	0	
375.8	-0.02495827	0	
376	-0.02486894	0	
376.2	-0.02506549	0	
376.4	-0.02518642	0	
376.6	-0.02501606	0	
376.8	-0.02444668	0	
377	-0.02439839	0	
377.2	-0.02399837	0	
377.4	-0.02435274	0	
377.6	-0.02429542	0	
377.8	-0.02465796	0	
378	-0.02422646	0	
378.2	-0.02399682	0	
378.4	-0.02442827	0	
378.6	-0.02442891	0	
378.8	-0.02501024	0	
379	-0.0251309	0	
379.2	-0.0253674	0	
379.4	-0.02510126	0	
379.6	-0.02495882	0	
379.8	-0.02519916	0	
380	-0.0254447	0	
380.2	-0.02548246	0	
380.4	-0.025308	0	
380.6	-0.02561779	0	
380.8	-0.02581843	0	
381	-0.02597866	0	
381.2	-0.02586167	0	
381.4	-0.02573541	0	
381.6	-0.02523996	0	
381.8	-0.02508462	0	
382	-0.02461301	0	
382.2	-0.02474766	0	
382.4	-0.02489203	0	
382.6	-0.02446509	0	
382.8	-0.02425799	0	
383	-0.02375218	0	
383.2	-0.02364707	0	
383.4	-0.02341701	0	
383.6	-0.02342443	0	
383.8	-0.02346107	0	
384	-0.02327404	0	
384.2	-0.02352281	0	
384.4	-0.02398707	0	
384.6	-0.02444311	0	
384.8	-0.02443224	0	
385	-0.02450911	0	
385.2	-0.02485208	0	
385.4	-0.024896	0	
385.6	-0.02513721	0	
385.8	-0.02537936	0	
386	-0.0255184	0	
386.2	-0.02582998	0	
386.4	-0.02562916	0	
386.6	-0.02538753	0	
386.8	-0.02539043	0	
387	-0.02552526	0	
387.2	-0.02558973	0	
387.4	-0.02542	0	
387.6	-0.02514693	0	
387.8	-0.02467652	0	
388	-0.02440121	0	
388.2	-0.02464669	0	
388.4	-0.02454658	0	
388.6	-0.02434763	0	
388.8	-0.02427983	0	
389	-0.02436666	0	
389.2	-0.02444448	0	
389.4	-0.02427455	0	
389.6	-0.0242528	0	
389.8	-0.02425418	0	
390	-0.02436632	0	
390.2	-0.02442152	0	
390.4	-0.02442165	0	
390.6	-0.02442165	0	
390.8	-0.024699	0	
391	-0.02475842	0	
391.2	-0.02479863	0	
391.4	-0.02508603	0	
391.6	-0.02537505	0	
391.8	-0.02513589	0	
392	-0.02570918	0	
392.2	-0.02597418	0	
392.4	-0.0260042	0	
392.6	-0.02610264	0	
392.8	-0.02631992	0	
393	-0.02618629	0	
393.2	-0.02626203	0	
393.4	-0.02607205	0	
393.6	-0.02582654	0	
393.8	-0.02559458	0	
394	-0.02564003	0	
394.2	-0.02537677	0	
394.4	-0.02557283	0	
394.6	-0.02534496	0	
394.8	-0.02532134	0	
395	-0.02524336	0	
395.2	-0.02521684	0	
395.4	-0.02509415	0	
395.6	-0.02498035	0	
395.8	-0.02503634	0	
396	-0.0255711	0	
396.2	-0.02560822	0	
396.4	-0.02580576	0	
396.6	-0.02590972	0	
396.8	-0.02607804	0	
397	-0.02618992	0	
397.2	-0.026093	0	
397.4	-0.02610002	0	
397.6	-0.02587833	0	
397.8	-0.02588163	0	
398	-0.02624647	0	
398.2	-0.02605566	0	
398.4	-0.02632527	0	
398.6	-0.02616241	0	
398.8	-0.02611346	0	
399	-0.02599453	0	
399.2	-0.02589425	0	
399.4	-0.02583914	0	
399.6	-0.02586758	0	
399.8	-0.02607007	0	
400	-0.02633221	0	
400.2	-0.02631079	0	
400.4	-0.02619409	0	
400.6	-0.02611529	0	
400.8	-0.02631159	0	
401	-0.02617424	0	
401.2	-0.02570527	0	
401.4	-0.02561617	0	
401.6	-0.02540156	0	
401.8	-0.02530989	0	
402	-0.02551523	0	
402.2	-0.02540808	0	
402.4	-0.02567561	0	
402.6	-0.02562664	0	
402.8	-0.02566623	0	
403	-0.02560156	0	
403.2	-0.02579677	0	
403.4	-0.02602327	0	
403.6	-0.02601967	0	
403.8	-0.02614728	0	
404	-0.02614695	0	
404.2	-0.02621598	0	
404.4	-0.02617027	0	
404.6	-0.02617468	0	
404.8	-0.02582163	0	
405	-0.02546873	0	
405.2	-0.02547286	0	
405.4	-0.02545193	0	
405.6	-0.02537918	0	
405.8	-0.02561266	0	
406	-0.02602645	0	
406.2	-0.02575578	0	
406.4	-0.02576564	0	
406.6	-0.02600913	0	
406.8	-0.02625169	0	
407	-0.02605885	0	
407.2	-0.02632673	0	
407.4	-0.02653106	0	
407.6	-0.02650016	0	
407.8	-0.02643224	0	
408	-0.02641723	0	
408.2	-0.02673797	0	
408.4	-0.02676812	0	
408.6	-0.0267968	0	
408.8	-0.02660028	0	
409	-0.02696397	0	
409.2	-0.02702835	0	
409.4	-0.02677891	0	
409.6	-0.02675165	0	
409.8	-0.02703112	0	
410	-0.026869	0	
410.2	-0.02646831	0	
410.4	-0.02617223	0	
410.6	-0.02631038	0	
410.8	-0.0259656	0	
411	-0.02577126	0	
411.2	-0.02563082	0	
411.4	-0.02567985	0	
411.6	-0.02574764	0	
411.8	-0.02560894	0	
412	-0.0255781	0	
412.2	-0.02578992	0	
412.4	-0.02591396	0	
412.6	-0.02630743	0	
412.8	-0.02659246	0	
413	-0.02669519	0	
413.2	-0.0266712	0	
413.4	-0.02651745	0	
413.6	-0.02659626	0	
413.8	-0.02651576	0	
414	-0.02638649	0	
414.2	-0.02656785	0	
414.4	-0.02628086	0	
414.6	-0.02672518	0	
414.8	-0.02674723	0	
415	-0.02656068	0	
415.2	-0.02655411	0	
415.4	-0.02674383	0	
415.6	-0.02713489	0	
415.8	-0.02725157	0	
416	-0.02719321	0	
416.2	-0.02756485	0	
416.4	-0.02786481	0	
416.6	-0.02818311	0	
416.8	-0.02808082	0	
417	-0.02762238	0	
417.2	-0.02732022	0	
417.4	-0.02715749	0	
417.6	-0.02696574	0	
417.8	-0.02694685	0	
418	-0.02717147	0	
418.2	-0.02741548	0	
418.4	-0.0269517	0	
418.6	-0.02680547	0	
418.8	-0.02661062	0	
419	-0.02642333	0	
419.2	-0.02658037	0	
419.4	-0.02646785	0	
419.6	-0.02684227	0	
419.8	-0.0268951	0	
420	-0.02712074	0	
420.2	-0.02738097	0	
420.4	-0.02725241	0	
420.6	-0.02735945	0	
420.8	-0.02712199	0	
421	-0.02670542	0	
421.2	-0.02673628	0	
421.4	-0.02691898	0	
421.6	-0.02697842	0	
421.8	-0.02708954	0	
422	-0.02702458	0	
422.2	-0.02689606	0	
422.4	-0.02677697	0	
422.6	-0.02676763	0	
422.8	-0.02701602	0	
423	-0.02704499	0	
423.2	-0.02679959	0	
423.4	-0.02695092	0	
423.6	-0.02716793	0	
423.8	-0.02689563	0	
424	-0.02712215	0	
424.2	-0.02685516	0	
424.4	-0.02696049	0	
424.6	-0.02695943	0	
424.8	-0.02678193	0	
425	-0.02682172	0	
425.2	-0.02720097	0	
425.4	-0.02731604	0	
425.6	-0.0271907	0	
425.8	-0.02709315	0	
426	-0.02724642	0	
426.2	-0.02741861	0	
426.4	-0.02795077	0	
426.6	-0.02829995	0	
426.8	-0.0284969	0	
427	-0.02846109	0	
427.2	-0.02831293	0	
427.4	-0.02822708	0	
427.6	-0.02801829	0	
427.8	-0.02777263	0	
428	-0.02834451	0	
428.2	-0.02816592	0	
428.4	-0.02837764	0	
428.6	-0.02814683	0	
428.8	-0.02833197	0	
429	-0.02833373	0	
429.2	-0.02820774	0	
429.4	-0.02816234	0	
429.6	-0.02809628	0	
429.8	-0.02791044	0	
430	-0.02803189	0	
430.2	-0.02791584	0	
430.4	-0.02815417	0	
430.6	-0.02801932	0	
430.8	-0.02782337	0	
431	-0.02766352	0	
431.2	-0.02732445	0	
431.4	-0.0271308	0	
431.6	-0.0272738	0	
431.8	-0.02743581	0	
432	-0.02777829	0	
432.2	-0.02770772	0	
432.4	-0.02766972	0	
432.6	-0.02783313	0	
432.8	-0.02784877	0	
433	-0.0274522	0	
433.2	-0.02752761	0	
433.4	-0.02793601	0	
433.6	-0.02784073	0	
433.8	-0.02761948	0	
434	-0.02799089	0	
434.2	-0.02836578	0	
434.4	-0.028617	0	
434.6	-0.02853382	0	
434.8	-0.02867993	0	
435	-0.02856827	0	
435.2	-0.02854366	0	
435.4	-0.02871632	0	
435.6	-0.02872737	0	
435.8	-0.02878833	0	
436	-0.02890747	0	
436.2	-0.02862648	0	
436.4	-0.02851473	0	
436.6	-0.02867284	0	
436.8	-0.02812393	0	
437	-0.0279438	0	
437.2	-0.02839171	0	
437.4	-0.02836825	0	
437.6	-0.02843943	0	
437.8	-0.02846859	0	
438	-0.02902981	0	
438.2	-0.02916624	0	
438.4	-0.02884439	0	
438.6	-0.02850351	0	
438.8	-0.02840167	0	
439	-0.02830471	0	
439.2	-0.02809844	0	
439.4	-0.02799151	0	
439.6	-0.0280593	0	
439.8	-0.02864084	0	
440	-0.02874709	0	
440.2	-0.02865573	0	
440.4	-0.02881055	0	
440.6	-0.02887939	0	
440.8	-0.02906541	0	
441	-0.02924292	0	
441.2	-0.02952178	0	
441.4	-0.02968053	0	
441.6	-0.03023223	0	
441.8	-0.03030167	0	
442	-0.03013881	0	
442.2	-0.02971818	0	
442.4	-0.029813	0	
442.6	-0.02928702	0	
442.8	-0.0289786	0	
443	-0.0288122	0	
443.2	-0.02847158	0	
443.4	-0.02863033	0	
443.6	-0.02897135	0	
443.8	-0.02924436	0	
444	-0.02898084	0	
444.2	-0.02886303	0	
444.4	-0.02881678	0	
444.6	-0.02898603	0	
444.8	-0.02913718	0	
445	-0.02913632	0	
445.2	-0.02938531	0	
445.4	-0.02967139	0	
445.6	-0.02991377	0	
445.8	-0.0296108	0	
446	-0.02965003	0	
446.2	-0.02946131	0	
446.4	-0.02985287	0	
446.6	-0.02960298	0	
446.8	-0.02973345	0	
447	-0.02991922	0	
447.2	-0.02979563	0	
447.4	-0.0298372	0	
447.6	-0.03008601	0	
447.8	-0.03003443	0	
448	-0.02997725	0	
448.2	-0.02976348	0	
448.4	-0.02983644	0	
448.6	-0.02981766	0	
448.8	-0.02962898	0	
449	-0.0295298	0	
449.2	-0.02947896	0	
449.4	-0.02949671	0	
449.6	-0.0293668	0	
449.8	-0.02934793	0	
450	-0.02994275	0	
450.2	-0.02962855	0	
450.4	-0.03031473	0	
450.6	-0.03004518	0	
450.8	-0.02991068	0	
451	-0.02982082	0	
451.2	-0.02977235	0	
451.4	-0.03003221	0	
451.6	-0.03027432	0	
451.8	-0.03015541	0	
452	-0.02994971	0	
452.2	-0.02950692	0	
452.4	-0.02936264	0	
452.6	-0.02898633	0	
452.8	-0.02918104	0	
453	-0.02912348	0	
453.2	-0.02918498	0	
453.4	-0.02922439	0	
453.6	-0.02961346	0	
453.8	-0.03021082	0	
454	-0.03045167	0	
454.2	-0.03090371	0	
454.4	-0.03136002	0	
454.6	-0.03124406	0	
454.8	-0.0314959	0	
455	-0.03173102	0	
455.2	-0.03168592	0	
455.4	-0.03176503	0	
455.6	-0.03139052	0	
455.8	-0.03080409	0	
456	-0.03045618	0	
456.2	-0.03036102	0	
456.4	-0.03002747	0	
456.6	-0.02966341	0	
456.8	-0.02974833	0	
457	-0.02928789	0	
457.2	-0.02892716	0	
457.4	-0.02890037	0	
457.6	-0.02916098	0	
457.8	-0.0292876	0	
458	-0.02940235	0	
458.2	-0.02988796	0	
458.4	-0.02985914	0	
458.6	-0.02954255	0	
458.8	-0.02964615	0	
459	-0.02968954	0	
459.2	-0.02935693	0	
459.4	-0.02951516	0	
459.6	-0.0294863	0	
459.8	-0.02951034	0	
460	-0.02973846	0	
460.2	-0.02987814	0	
460.4	-0.02922975	0	
460.6	-0.02914726	0	
460.8	-0.02925988	0	
461	-0.02927398	0	
461.2	-0.02927943	0	
461.4	-0.0291734	0	
461.6	-0.02908725	0	
461.8	-0.02907459	0	
462	-0.02908956	0	
462.2	-0.02930484	0	
462.4	-0.02955943	0	
462.6	-0.02962077	0	
462.8	-0.02978112	0	
463	-0.02980294	0	
463.2	-0.0296116	0	
463.4	-0.02989359	0	
463.6	-0.03014324	0	
463.8	-0.03025826	0	
464	-0.03026023	0	
464.2	-0.03013576	0	
464.4	-0.03001816	0	
464.6	-0.03037356	0	
464.8	-0.03071391	0	
465	-0.0308294	0	
465.2	-0.03079394	0	
465.4	-0.03023885	0	
465.6	-0.03010487	0	
465.8	-0.03016787	0	
466	-0.03024832	0	
466.2	-0.03011637	0	
466.4	-0.03014553	0	
466.6	-0.03020084	0	
466.8	-0.02985918	0	
467	-0.02981005	0	
467.2	-0.02989092	0	
467.4	-0.02997017	0	
467.6	-0.02988138	0	
467.8	-0.02994635	0	
468	-0.02978077	0	
468.2	-0.02963464	0	
468.4	-0.02982162	0	
468.6	-0.02960712	0	
468.8	-0.02966694	0	
469	-0.02969154	0	
469.2	-0.02961564	0	
469.4	-0.02964482	0	
469.6	-0.02978705	0	
469.8	-0.02984744	0	
470	-0.0299796	0	
470.2	-0.02978976	0	
470.4	-0.03003614	0	
470.6	-0.03048648	0	
470.8	-0.03019057	0	
471	-0.03034968	0	
471.2	-0.03063077	0	
471.4	-0.03068451	0	
471.6	-0.03030201	0	
471.8	-0.03029033	0	
472	-0.03014204	0	
472.2	-0.03027911	0	
472.4	-0.03031965	0	
472.6	-0.0301004	0	
472.8	-0.03042745	0	
473	-0.03033461	0	
473.2	-0.03043017	0	
473.4	-0.03072658	0	
473.6	-0.03030778	0	
473.8	-0.03024578	0	
474	-0.03022925	0	
474.2	-0.03006873	0	
474.4	-0.03037404	0	
474.6	-0.03072721	0	
474.8	-0.03058333	0	
475	-0.03061933	0	
475.2	-0.03060386	0	
475.4	-0.03068374	0	
475.6	-0.03049282	0	
475.8	-0.0308707	0	
476	-0.03107675	0	
476.2	-0.03151095	0	
476.4	-0.03120006	0	
476.6	-0.03124148	0	
476.8	-0.03124008	0	
477	-0.03109349	0	
477.2	-0.03142231	0	
477.4	-0.03156428	0	
477.6	-0.03118439	0	
477.8	-0.03131106	0	
478	-0.03131557	0	
478.2	-0.03138792	0	
478.4	-0.03157759	0	
478.6	-0.03163614	0	
478.8	-0.03167845	0	
479	-0.03159218	0	
479.2	-0.03172717	0	
479.4	-0.03200976	0	
479.6	-0.03201334	0	
479.8	-0.0320923	0	
