Conc1	1.212E-07	
Start1	300	
Stop1	539.8	
Kobs	1.56524802456383E-17	
Error Kobs	444282785255.25	
Koff	0	
Error Koff	0	
Time1	Data1	Fit1	
300	-0.00172625	0	
300.2	-0.00343183	0	
300.4	-0.00519432	0	
300.6	-0.00720574	0	
300.8	-0.00906292	0	
301	-0.01089674	0	
301.2	-0.01266673	0	
301.4	-0.01399867	0	
301.6	-0.01515761	0	
301.8	-0.01595778	0	
302	-0.01653336	0	
302.2	-0.0161068	0	
302.4	-0.01675363	0	
302.6	-0.01730531	0	
302.8	-0.01726249	0	
303	-0.01748974	0	
303.2	-0.0176626	0	
303.4	-0.01785783	0	
303.6	-0.01800071	0	
303.8	-0.01826673	0	
304	-0.01853597	0	
304.2	-0.01832921	0	
304.4	-0.0183591	0	
304.6	-0.01881279	0	
304.8	-0.01885283	0	
305	-0.01917139	0	
305.2	-0.01909259	0	
305.4	-0.01913473	0	
305.6	-0.01940964	0	
305.8	-0.01971313	0	
306	-0.0198574	0	
306.2	-0.02003248	0	
306.4	-0.02063649	0	
306.6	-0.02051336	0	
306.8	-0.02024052	0	
307	-0.02029972	0	
307.2	-0.02018157	0	
307.4	-0.0198387	0	
307.6	-0.0197758	0	
307.8	-0.01993473	0	
308	-0.01963482	0	
308.2	-0.01988886	0	
308.4	-0.02014339	0	
308.6	-0.02051197	0	
308.8	-0.02049716	0	
309	-0.02055965	0	
309.2	-0.02047881	0	
309.4	-0.02115249	0	
309.6	-0.02126905	0	
309.8	-0.02158741	0	
310	-0.02157393	0	
310.2	-0.02172032	0	
310.4	-0.02140109	0	
310.6	-0.02124134	0	
310.8	-0.02127351	0	
311	-0.02091753	0	
311.2	-0.02070435	0	
311.4	-0.0205614	0	
311.6	-0.0207656	0	
311.8	-0.02090415	0	
312	-0.02117948	0	
312.2	-0.02150176	0	
312.4	-0.02173357	0	
312.6	-0.02199379	0	
312.8	-0.02214146	0	
313	-0.02240384	0	
313.2	-0.02269953	0	
313.4	-0.02302386	0	
313.6	-0.02278674	0	
313.8	-0.02291552	0	
314	-0.02277435	0	
314.2	-0.02247834	0	
314.4	-0.02215191	0	
314.6	-0.02180509	0	
314.8	-0.02192352	0	
315	-0.02171409	0	
315.2	-0.02173414	0	
315.4	-0.02144511	0	
315.6	-0.02136687	0	
315.8	-0.02139151	0	
316	-0.02144504	0	
316.2	-0.0214237	0	
316.4	-0.02151748	0	
316.6	-0.02172668	0	
316.8	-0.02210128	0	
317	-0.02243343	0	
317.2	-0.02248661	0	
317.4	-0.02229186	0	
317.6	-0.02212818	0	
317.8	-0.02223474	0	
318	-0.02201104	0	
318.2	-0.02223328	0	
318.4	-0.02231183	0	
318.6	-0.02219561	0	
318.8	-0.02256672	0	
319	-0.02241849	0	
319.2	-0.02192037	0	
319.4	-0.02176281	0	
319.6	-0.02184513	0	
319.8	-0.02169885	0	
320	-0.0214054	0	
320.2	-0.02157657	0	
320.4	-0.02170397	0	
320.6	-0.02219643	0	
320.8	-0.02245282	0	
321	-0.02211013	0	
321.2	-0.02190548	0	
321.4	-0.02182783	0	
321.6	-0.02192986	0	
321.8	-0.02188331	0	
322	-0.02188314	0	
322.2	-0.02219673	0	
322.4	-0.0219133	0	
322.6	-0.02168048	0	
322.8	-0.02171297	0	
323	-0.02132696	0	
323.2	-0.02096666	0	
323.4	-0.02151684	0	
323.6	-0.02148137	0	
323.8	-0.02169141	0	
324	-0.0218223	0	
324.2	-0.02231479	0	
324.4	-0.02235151	0	
324.6	-0.02268758	0	
324.8	-0.02236914	0	
325	-0.02199413	0	
325.2	-0.02201073	0	
325.4	-0.02207721	0	
325.6	-0.02189815	0	
325.8	-0.0220444	0	
326	-0.02239755	0	
326.2	-0.02242155	0	
326.4	-0.02256153	0	
326.6	-0.0226755	0	
326.8	-0.02280463	0	
327	-0.02230157	0	
327.2	-0.02258458	0	
327.4	-0.02284884	0	
327.6	-0.02247053	0	
327.8	-0.02253115	0	
328	-0.02228424	0	
328.2	-0.02204654	0	
328.4	-0.0220291	0	
328.6	-0.02223009	0	
328.8	-0.02185256	0	
329	-0.02221587	0	
329.2	-0.02216828	0	
329.4	-0.02228801	0	
329.6	-0.02236404	0	
329.8	-0.02273648	0	
330	-0.02267811	0	
330.2	-0.02272337	0	
330.4	-0.02280494	0	
330.6	-0.02264222	0	
330.8	-0.02266938	0	
331	-0.02249962	0	
331.2	-0.02265089	0	
331.4	-0.02254822	0	
331.6	-0.0224078	0	
331.8	-0.02267819	0	
332	-0.02281676	0	
332.2	-0.02288222	0	
332.4	-0.02292252	0	
332.6	-0.02299439	0	
332.8	-0.02310567	0	
333	-0.02353224	0	
333.2	-0.02294786	0	
333.4	-0.02282285	0	
333.6	-0.02255012	0	
333.8	-0.02243456	0	
334	-0.02209419	0	
334.2	-0.02211046	0	
334.4	-0.02183297	0	
334.6	-0.02136225	0	
334.8	-0.02172427	0	
335	-0.02152521	0	
335.2	-0.0214328	0	
335.4	-0.02172621	0	
335.6	-0.02152245	0	
335.8	-0.02166595	0	
336	-0.02173359	0	
336.2	-0.02176807	0	
336.4	-0.02175267	0	
336.6	-0.02203602	0	
336.8	-0.02203314	0	
337	-0.02252667	0	
337.2	-0.0224421	0	
337.4	-0.02250962	0	
337.6	-0.02256842	0	
337.8	-0.02290237	0	
338	-0.02254971	0	
338.2	-0.02265351	0	
338.4	-0.02270911	0	
338.6	-0.02260882	0	
338.8	-0.02291982	0	
339	-0.02297627	0	
339.2	-0.022916	0	
339.4	-0.02284251	0	
339.6	-0.02255942	0	
339.8	-0.0223315	0	
340	-0.02235603	0	
340.2	-0.02242253	0	
340.4	-0.0222068	0	
340.6	-0.02218479	0	
340.8	-0.02198636	0	
341	-0.0220105	0	
341.2	-0.02132289	0	
341.4	-0.02105683	0	
341.6	-0.02083436	0	
341.8	-0.02059446	0	
342	-0.02012271	0	
342.2	-0.02038416	0	
342.4	-0.02054951	0	
342.6	-0.0203832	0	
342.8	-0.02048806	0	
343	-0.02058137	0	
343.2	-0.02015388	0	
343.4	-0.02012622	0	
343.6	-0.02000637	0	
343.8	-0.02006933	0	
344	-0.02019865	0	
344.2	-0.02032842	0	
344.4	-0.02049025	0	
344.6	-0.02014793	0	
344.8	-0.01993017	0	
345	-0.0197121	0	
345.2	-0.01992353	0	
345.4	-0.02027913	0	
345.6	-0.02036437	0	
345.8	-0.0205164	0	
346	-0.02096837	0	
346.2	-0.0211069	0	
346.4	-0.02122592	0	
346.6	-0.02117957	0	
346.8	-0.02114446	0	
347	-0.02083754	0	
347.2	-0.0210455	0	
347.4	-0.0212504	0	
347.6	-0.02128058	0	
347.8	-0.0212503	0	
348	-0.02106789	0	
348.2	-0.02102308	0	
348.4	-0.02094572	0	
348.6	-0.0205641	0	
348.8	-0.0208668	0	
349	-0.02080761	0	
349.2	-0.02103064	0	
349.4	-0.02090921	0	
349.6	-0.02093541	0	
349.8	-0.02102331	0	
350	-0.02129658	0	
350.2	-0.02082605	0	
350.4	-0.02063436	0	
350.6	-0.02041017	0	
350.8	-0.02004168	0	
351	-0.02027742	0	
351.2	-0.0205672	0	
351.4	-0.02064118	0	
351.6	-0.02083395	0	
351.8	-0.02097357	0	
352	-0.02112261	0	
352.2	-0.02128371	0	
352.4	-0.02151505	0	
352.6	-0.0215645	0	
352.8	-0.02182114	0	
353	-0.02203859	0	
353.2	-0.02226514	0	
353.4	-0.02214163	0	
353.6	-0.02257364	0	
353.8	-0.02267849	0	
354	-0.02263167	0	
354.2	-0.02243797	0	
354.4	-0.0223173	0	
354.6	-0.02198792	0	
354.8	-0.02163397	0	
355	-0.02146659	0	
355.2	-0.02081237	0	
355.4	-0.02093814	0	
355.6	-0.0205928	0	
355.8	-0.02016501	0	
356	-0.02015598	0	
356.2	-0.02007554	0	
356.4	-0.02024344	0	
356.6	-0.02043882	0	
356.8	-0.02079382	0	
357	-0.02116094	0	
357.2	-0.02122821	0	
357.4	-0.02130328	0	
357.6	-0.02204355	0	
357.8	-0.02224614	0	
358	-0.02273895	0	
358.2	-0.02280804	0	
358.4	-0.02260526	0	
358.6	-0.02237831	0	
358.8	-0.02218319	0	
359	-0.02179691	0	
359.2	-0.0214819	0	
359.4	-0.02114538	0	
359.6	-0.02095475	0	
359.8	-0.02108288	0	
360	-0.02131384	0	
360.2	-0.02142159	0	
360.4	-0.02208425	0	
360.6	-0.02212837	0	
360.8	-0.02228285	0	
361	-0.02267148	0	
361.2	-0.02265618	0	
361.4	-0.02256391	0	
361.6	-0.02304251	0	
361.8	-0.0229788	0	
362	-0.02285649	0	
362.2	-0.02204592	0	
362.4	-0.02162493	0	
362.6	-0.02128747	0	
362.8	-0.02107701	0	
363	-0.02035164	0	
363.2	-0.01992108	0	
363.4	-0.01945933	0	
363.6	-0.0194495	0	
363.8	-0.01935364	0	
364	-0.01907303	0	
364.2	-0.01927038	0	
364.4	-0.01951717	0	
364.6	-0.0195147	0	
364.8	-0.01977123	0	
365	-0.01990383	0	
365.2	-0.01984692	0	
365.4	-0.02001954	0	
365.6	-0.020318	0	
365.8	-0.01985816	0	
366	-0.01988311	0	
366.2	-0.0198744	0	
366.4	-0.02038471	0	
366.6	-0.02080275	0	
366.8	-0.02097057	0	
367	-0.02061406	0	
367.2	-0.02094258	0	
367.4	-0.02069801	0	
367.6	-0.02051531	0	
367.8	-0.0204531	0	
368	-0.02076683	0	
368.2	-0.02100548	0	
368.4	-0.02120114	0	
368.6	-0.02122217	0	
368.8	-0.0209694	0	
369	-0.02057652	0	
369.2	-0.02043297	0	
369.4	-0.02024156	0	
369.6	-0.01967504	0	
369.8	-0.01944466	0	
370	-0.01961759	0	
370.2	-0.01981158	0	
370.4	-0.019903	0	
370.6	-0.01983699	0	
370.8	-0.01980183	0	
371	-0.0198469	0	
371.2	-0.02001108	0	
371.4	-0.01986794	0	
371.6	-0.01997295	0	
371.8	-0.02054099	0	
372	-0.02114341	0	
372.2	-0.02111196	0	
372.4	-0.02143793	0	
372.6	-0.02162814	0	
372.8	-0.02139973	0	
373	-0.02129464	0	
373.2	-0.02104546	0	
373.4	-0.02070896	0	
373.6	-0.02055279	0	
373.8	-0.02063544	0	
374	-0.02044232	0	
374.2	-0.02027229	0	
374.4	-0.01984196	0	
374.6	-0.01957121	0	
374.8	-0.01955276	0	
375	-0.01972895	0	
375.2	-0.01956094	0	
375.4	-0.0197653	0	
375.6	-0.01979692	0	
375.8	-0.02025307	0	
376	-0.02022603	0	
376.2	-0.02072995	0	
376.4	-0.02095652	0	
376.6	-0.02124666	0	
376.8	-0.02143165	0	
377	-0.02123942	0	
377.2	-0.02122556	0	
377.4	-0.02134585	0	
377.6	-0.02130413	0	
377.8	-0.02113694	0	
378	-0.02088205	0	
378.2	-0.0208172	0	
378.4	-0.02050083	0	
378.6	-0.02035574	0	
378.8	-0.02038999	0	
379	-0.02028796	0	
379.2	-0.0199018	0	
379.4	-0.01975029	0	
379.6	-0.01945656	0	
379.8	-0.01983604	0	
380	-0.01968668	0	
380.2	-0.01984953	0	
380.4	-0.01976732	0	
380.6	-0.02038014	0	
380.8	-0.02068954	0	
381	-0.02037111	0	
381.2	-0.02063328	0	
381.4	-0.0205676	0	
381.6	-0.02029472	0	
381.8	-0.02049677	0	
382	-0.02044376	0	
382.2	-0.02042498	0	
382.4	-0.02055327	0	
382.6	-0.02053238	0	
382.8	-0.02063486	0	
383	-0.02085073	0	
383.2	-0.0204514	0	
383.4	-0.02017976	0	
383.6	-0.02039991	0	
383.8	-0.0205412	0	
384	-0.02025954	0	
384.2	-0.02039633	0	
384.4	-0.02057947	0	
384.6	-0.0207992	0	
384.8	-0.02043965	0	
385	-0.02008039	0	
385.2	-0.01998514	0	
385.4	-0.01985547	0	
385.6	-0.02022462	0	
385.8	-0.02036189	0	
386	-0.02039588	0	
386.2	-0.02054249	0	
386.4	-0.02046898	0	
386.6	-0.02051275	0	
386.8	-0.02098959	0	
387	-0.02115178	0	
387.2	-0.02086029	0	
387.4	-0.02097917	0	
387.6	-0.02107955	0	
387.8	-0.020725	0	
388	-0.02062942	0	
388.2	-0.02093122	0	
388.4	-0.02084221	0	
388.6	-0.02066501	0	
388.8	-0.02035074	0	
389	-0.02049517	0	
389.2	-0.02060024	0	
389.4	-0.02071398	0	
389.6	-0.02078167	0	
389.8	-0.02047447	0	
390	-0.0206514	0	
390.2	-0.02043808	0	
390.4	-0.01998196	0	
390.6	-0.02033019	0	
390.8	-0.02049441	0	
391	-0.02054026	0	
391.2	-0.02008872	0	
391.4	-0.0199203	0	
391.6	-0.01963236	0	
391.8	-0.01955745	0	
392	-0.01939689	0	
392.2	-0.01966539	0	
392.4	-0.0193058	0	
392.6	-0.01936156	0	
392.8	-0.01909086	0	
393	-0.01899752	0	
393.2	-0.01872232	0	
393.4	-0.01857398	0	
393.6	-0.0186521	0	
393.8	-0.01922555	0	
394	-0.01960516	0	
394.2	-0.01938468	0	
394.4	-0.01945576	0	
394.6	-0.01972846	0	
394.8	-0.02005405	0	
395	-0.02016023	0	
395.2	-0.02027622	0	
395.4	-0.02042784	0	
395.6	-0.020401	0	
395.8	-0.02090851	0	
396	-0.02074268	0	
396.2	-0.02091637	0	
396.4	-0.02054681	0	
396.6	-0.02048927	0	
396.8	-0.01991373	0	
397	-0.01973264	0	
397.2	-0.01991993	0	
397.4	-0.01974519	0	
397.6	-0.01959616	0	
397.8	-0.01986668	0	
398	-0.01960614	0	
398.2	-0.01904042	0	
398.4	-0.01897431	0	
398.6	-0.0187525	0	
398.8	-0.01903461	0	
399	-0.01919264	0	
399.2	-0.01928196	0	
399.4	-0.01893255	0	
399.6	-0.01922166	0	
399.8	-0.01967687	0	
400	-0.01936177	0	
400.2	-0.01948202	0	
400.4	-0.01934641	0	
400.6	-0.01944163	0	
400.8	-0.01958488	0	
401	-0.01980848	0	
401.2	-0.01988946	0	
401.4	-0.01986174	0	
401.6	-0.0198716	0	
401.8	-0.02009282	0	
402	-0.01989438	0	
402.2	-0.01993973	0	
402.4	-0.02023703	0	
402.6	-0.02046265	0	
402.8	-0.02082214	0	
403	-0.02076754	0	
403.2	-0.02068718	0	
403.4	-0.02040977	0	
403.6	-0.02045666	0	
403.8	-0.02060496	0	
404	-0.02038951	0	
404.2	-0.0204732	0	
404.4	-0.02014823	0	
404.6	-0.02033536	0	
404.8	-0.02048735	0	
405	-0.02041845	0	
405.2	-0.02024668	0	
405.4	-0.0205039	0	
405.6	-0.02010431	0	
405.8	-0.02008729	0	
406	-0.020173	0	
406.2	-0.02022701	0	
406.4	-0.02020619	0	
406.6	-0.02004009	0	
406.8	-0.0200151	0	
407	-0.01986696	0	
407.2	-0.01977613	0	
407.4	-0.01950424	0	
407.6	-0.01965088	0	
407.8	-0.01986297	0	
408	-0.02019179	0	
408.2	-0.02024982	0	
408.4	-0.02049696	0	
408.6	-0.02099079	0	
408.8	-0.02131497	0	
409	-0.0211	0	
409.2	-0.02083418	0	
409.4	-0.02106595	0	
409.6	-0.02102883	0	
409.8	-0.02123551	0	
410	-0.02099685	0	
410.2	-0.02089562	0	
410.4	-0.0206882	0	
410.6	-0.02037262	0	
410.8	-0.02009968	0	
411	-0.02002283	0	
411.2	-0.02009826	0	
411.4	-0.02023578	0	
411.6	-0.02042871	0	
411.8	-0.02058413	0	
412	-0.02073965	0	
412.2	-0.02063105	0	
412.4	-0.02061709	0	
412.6	-0.02088503	0	
412.8	-0.02078932	0	
413	-0.02047186	0	
413.2	-0.02097779	0	
413.4	-0.02140063	0	
413.6	-0.02156931	0	
413.8	-0.02144704	0	
414	-0.02124184	0	
414.2	-0.02121303	0	
414.4	-0.02077164	0	
414.6	-0.02061324	0	
414.8	-0.02059506	0	
415	-0.02079443	0	
415.2	-0.02083005	0	
415.4	-0.02096108	0	
415.6	-0.0208845	0	
415.8	-0.0206379	0	
416	-0.02035585	0	
416.2	-0.02023366	0	
416.4	-0.01986534	0	
416.6	-0.02013113	0	
416.8	-0.02013777	0	
417	-0.02043871	0	
417.2	-0.0206525	0	
417.4	-0.02037089	0	
417.6	-0.02008652	0	
417.8	-0.02020159	0	
418	-0.02032887	0	
418.2	-0.02029275	0	
418.4	-0.02024388	0	
418.6	-0.02041857	0	
418.8	-0.02039302	0	
419	-0.02032	0	
419.2	-0.02027399	0	
419.4	-0.02025241	0	
419.6	-0.01996133	0	
419.8	-0.01967644	0	
420	-0.03266218	0	
420.2	-0.03064532	0	
420.4	-0.0285532	0	
420.6	-0.02640505	0	
420.8	-0.02436919	0	
421	-0.02218766	0	
421.2	-0.0204282	0	
421.4	-0.01861399	0	
421.6	-0.01694342	0	
421.8	-0.01544864	0	
422	-0.0143974	0	
422.2	-0.01370913	0	
422.4	-0.01289541	0	
422.6	-0.01241071	0	
422.8	-0.01213235	0	
423	-0.01182352	0	
423.2	-0.01117636	0	
423.4	-0.01069016	0	
423.6	-0.01018601	0	
423.8	-0.00977997	0	
424	-0.00952401	0	
424.2	-0.00866592	0	
424.4	-0.00823107	0	
424.6	-0.00805304	0	
424.8	-0.00798969	0	
425	-0.00761589	0	
425.2	-0.00759886	0	
425.4	-0.00701096	0	
425.6	-0.00652199	0	
425.8	-0.00577066	0	
426	-0.00539087	0	
426.2	-0.0049543	0	
426.4	-0.0049709	0	
426.6	-0.00495089	0	
426.8	-0.0048978	0	
427	-0.00449224	0	
427.2	-0.00425026	0	
427.4	-0.00415705	0	
427.6	-0.00389608	0	
427.8	-0.00363426	0	
428	-0.00338113	0	
428.2	-0.00335465	0	
428.4	-0.00333697	0	
428.6	-0.00346827	0	
428.8	-0.00358799	0	
429	-0.00329634	0	
429.2	-0.00326408	0	
429.4	-0.00278669	0	
429.6	-0.00260862	0	
429.8	-0.00213274	0	
430	-0.00231467	0	
430.2	-0.00259485	0	
430.4	-0.00274933	0	
430.6	-0.002492	0	
430.8	-0.00228319	0	
431	-0.00207706	0	
431.2	-0.0022691	0	
431.4	-0.00227451	0	
431.6	-0.00209621	0	
431.8	-0.00204029	0	
432	-0.0021957	0	
432.2	-0.00213661	0	
432.4	-0.00169627	0	
432.6	-0.00183091	0	
432.8	-0.00169771	0	
433	-0.00143667	0	
433.2	-0.00156641	0	
433.4	-0.00111746	0	
433.6	-0.00083866	0	
433.8	-0.00070949	0	
434	-0.00111891	0	
434.2	-0.00104873	0	
434.4	-0.00086232	0	
434.6	-0.00075765	0	
434.8	-0.00061187	0	
435	-0.00050528	0	
435.2	-0.00057946	0	
435.4	-0.00071727	0	
435.6	-0.0008149	0	
435.8	-0.0007926	0	
436	-0.00061212	0	
436.2	-0.00036206	0	
436.4	-0.00055691	0	
436.6	-0.00129164	0	
436.8	-0.00134051	0	
437	-0.00163652	0	
437.2	-0.00184972	0	
437.4	-0.00164914	0	
437.6	-0.00177055	0	
437.8	-0.00211304	0	
438	-0.00228788	0	
438.2	-0.00205773	0	
438.4	-0.00233924	0	
438.6	-0.0023804	0	
438.8	-0.00231817	0	
439	-0.00240172	0	
439.2	-0.00219445	0	
439.4	-0.0020515	0	
439.6	-0.00185102	0	
439.8	-0.0011335	0	
440	-0.00112357	0	
440.2	-0.00115853	0	
440.4	-0.00131133	0	
440.6	-0.00157001	0	
440.8	-0.0012931	0	
441	-0.00118137	0	
441.2	-0.00101484	0	
441.4	-0.00089474	0	
441.6	-0.00099644	0	
441.8	-0.0007899	0	
442	-0.00076344	0	
442.2	-0.000912	0	
442.4	-0.00105703	0	
442.6	-0.00139406	0	
442.8	-0.00176842	0	
443	-0.00195867	0	
443.2	-0.00168786	0	
443.4	-0.00168809	0	
443.6	-0.0017963	0	
443.8	-0.00174707	0	
444	-0.00231407	0	
444.2	-0.00224428	0	
444.4	-0.00213778	0	
444.6	-0.00244413	0	
444.8	-0.00207441	0	
445	-0.00185655	0	
445.2	-0.00148987	0	
445.4	-0.00126126	0	
445.6	-0.00092289	0	
445.8	-0.00056808	0	
446	-0.00038817	0	
446.2	-0.00027115	0	
446.4	-0.000068	0	
446.6	-0.00054534	0	
446.8	-0.0006755	0	
447	-0.0008328	0	
447.2	-0.0006687	0	
447.4	-0.0008956	0	
447.6	-0.00136597	0	
447.8	-0.00178163	0	
448	-0.00196832	0	
448.2	-0.00191928	0	
448.4	-0.00204755	0	
448.6	-0.00259994	0	
448.8	-0.00259697	0	
449	-0.00274203	0	
449.2	-0.00269837	0	
449.4	-0.00239631	0	
449.6	-0.00235387	0	
449.8	-0.00246383	0	
450	-0.00217111	0	
450.2	-0.00258317	0	
450.4	-0.00252058	0	
450.6	-0.00271422	0	
450.8	-0.00271688	0	
451	-0.00230765	0	
451.2	-0.00204094	0	
451.4	-0.00210509	0	
451.6	-0.0020165	0	
451.8	-0.00193088	0	
452	-0.00161131	0	
452.2	-0.00156854	0	
452.4	-0.00190994	0	
452.6	-0.00224769	0	
452.8	-0.0023219	0	
453	-0.00218012	0	
453.2	-0.00203443	0	
453.4	-0.00222103	0	
453.6	-0.00239506	0	
453.8	-0.00254977	0	
454	-0.00266445	0	
454.2	-0.00294841	0	
454.4	-0.00275549	0	
454.6	-0.00278828	0	
454.8	-0.00270683	0	
455	-0.00238257	0	
455.2	-0.00260961	0	
455.4	-0.00260288	0	
455.6	-0.00238528	0	
455.8	-0.00230213	0	
456	-0.0022277	0	
456.2	-0.00246981	0	
456.4	-0.00287223	0	
456.6	-0.00278754	0	
456.8	-0.00280716	0	
457	-0.00270722	0	
457.2	-0.00294899	0	
457.4	-0.00331013	0	
457.6	-0.00333008	0	
457.8	-0.00362415	0	
458	-0.00380333	0	
458.2	-0.00378486	0	
458.4	-0.00397724	0	
458.6	-0.00381647	0	
458.8	-0.00381255	0	
459	-0.0038714	0	
459.2	-0.00403521	0	
459.4	-0.00385363	0	
459.6	-0.00395857	0	
459.8	-0.00386837	0	
460	-0.00407123	0	
460.2	-0.00420352	0	
460.4	-0.00427375	0	
460.6	-0.00410538	0	
460.8	-0.00414844	0	
461	-0.00400551	0	
461.2	-0.00435955	0	
461.4	-0.00445818	0	
461.6	-0.00450519	0	
461.8	-0.00447672	0	
462	-0.00431563	0	
462.2	-0.00441792	0	
462.4	-0.0045107	0	
462.6	-0.00423801	0	
462.8	-0.00399208	0	
463	-0.00425743	0	
463.2	-0.00413832	0	
463.4	-0.00379378	0	
463.6	-0.00397204	0	
463.8	-0.00366638	0	
464	-0.00339694	0	
464.2	-0.00312453	0	
464.4	-0.00282562	0	
464.6	-0.00260069	0	
464.8	-0.00243859	0	
465	-0.00244048	0	
465.2	-0.00255317	0	
465.4	-0.00251613	0	
465.6	-0.00270151	0	
465.8	-0.00280241	0	
466	-0.00272904	0	
466.2	-0.0031872	0	
466.4	-0.00314785	0	
466.6	-0.00340295	0	
466.8	-0.0035033	0	
467	-0.00412568	0	
467.2	-0.00416399	0	
467.4	-0.00429075	0	
467.6	-0.00444892	0	
467.8	-0.0047293	0	
468	-0.00492693	0	
468.2	-0.00490109	0	
468.4	-0.00476066	0	
468.6	-0.00499834	0	
468.8	-0.00500414	0	
469	-0.00472923	0	
469.2	-0.00464017	0	
469.4	-0.00467165	0	
469.6	-0.0045565	0	
469.8	-0.0040999	0	
470	-0.0039241	0	
470.2	-0.00432144	0	
470.4	-0.00404723	0	
470.6	-0.00435854	0	
470.8	-0.00379787	0	
471	-0.00367223	0	
471.2	-0.00336778	0	
471.4	-0.00320608	0	
471.6	-0.00322388	0	
471.8	-0.0035059	0	
472	-0.00336378	0	
472.2	-0.00324048	0	
472.4	-0.00354804	0	
472.6	-0.00390758	0	
472.8	-0.00369332	0	
473	-0.00348253	0	
473.2	-0.00386381	0	
473.4	-0.00402027	0	
473.6	-0.00405015	0	
473.8	-0.00394609	0	
474	-0.0040183	0	
474.2	-0.00422345	0	
474.4	-0.00418449	0	
474.6	-0.00446517	0	
474.8	-0.00406215	0	
475	-0.0039614	0	
475.2	-0.00396151	0	
475.4	-0.00383272	0	
475.6	-0.00395095	0	
475.8	-0.0041238	0	
476	-0.00424574	0	
476.2	-0.00455076	0	
476.4	-0.0046879	0	
476.6	-0.0048039	0	
476.8	-0.00406248	0	
477	-0.00405013	0	
477.2	-0.00388912	0	
477.4	-0.00369926	0	
477.6	-0.00344881	0	
477.8	-0.00355466	0	
478	-0.00346156	0	
478.2	-0.00376136	0	
478.4	-0.0040511	0	
478.6	-0.00433836	0	
478.8	-0.00415325	0	
479	-0.00451541	0	
479.2	-0.00499668	0	
479.4	-0.00525736	0	
479.6	-0.00588279	0	
479.8	-0.00619865	0	
480	-0.00661548	0	
480.2	-0.00678729	0	
480.4	-0.00703553	0	
480.6	-0.00740676	0	
480.8	-0.00705504	0	
481	-0.00700798	0	
481.2	-0.00673209	0	
481.4	-0.0068325	0	
481.6	-0.00670346	0	
481.8	-0.00672314	0	
482	-0.00635973	0	
482.2	-0.00649098	0	
482.4	-0.00616874	0	
482.6	-0.00595991	0	
482.8	-0.00563842	0	
483	-0.00590192	0	
483.2	-0.00581268	0	
483.4	-0.00567298	0	
483.6	-0.00548408	0	
483.8	-0.00552153	0	
484	-0.00560315	0	
484.2	-0.00572281	0	
484.4	-0.00596044	0	
484.6	-0.00613019	0	
484.8	-0.00605877	0	
485	-0.00566215	0	
485.2	-0.00616416	0	
485.4	-0.00674226	0	
485.6	-0.00693339	0	
485.8	-0.0073802	0	
486	-0.00755929	0	
486.2	-0.00794761	0	
486.4	-0.00760921	0	
486.6	-0.00791472	0	
486.8	-0.00808552	0	
487	-0.00809297	0	
487.2	-0.00821208	0	
487.4	-0.0078822	0	
487.6	-0.00782898	0	
487.8	-0.00734239	0	
488	-0.00709969	0	
488.2	-0.00686962	0	
488.4	-0.00635635	0	
488.6	-0.00617711	0	
488.8	-0.00623378	0	
489	-0.00633237	0	
489.2	-0.00666939	0	
489.4	-0.00667	0	
489.6	-0.00650304	0	
489.8	-0.00647361	0	
490	-0.00626243	0	
490.2	-0.00626347	0	
490.4	-0.0061603	0	
490.6	-0.00666789	0	
490.8	-0.00680304	0	
491	-0.00702369	0	
491.2	-0.00769328	0	
491.4	-0.00769102	0	
491.6	-0.00788325	0	
491.8	-0.00755508	0	
492	-0.00765337	0	
492.2	-0.00744203	0	
492.4	-0.00742323	0	
492.6	-0.00747681	0	
492.8	-0.00779013	0	
493	-0.00776415	0	
493.2	-0.00736203	0	
493.4	-0.00742726	0	
493.6	-0.00737482	0	
493.8	-0.00747575	0	
494	-0.00723426	0	
494.2	-0.00738406	0	
494.4	-0.00773386	0	
494.6	-0.00810154	0	
494.8	-0.00824606	0	
495	-0.00828199	0	
495.2	-0.00861009	0	
495.4	-0.0084271	0	
495.6	-0.00808045	0	
495.8	-0.00796211	0	
496	-0.00763901	0	
496.2	-0.00758103	0	
496.4	-0.0075427	0	
496.6	-0.00724601	0	
496.8	-0.00752689	0	
497	-0.007296	0	
497.2	-0.00741653	0	
497.4	-0.00764751	0	
497.6	-0.00750846	0	
497.8	-0.00730879	0	
498	-0.00733656	0	
498.2	-0.00722012	0	
498.4	-0.00760686	0	
498.6	-0.00793491	0	
498.8	-0.00813902	0	
499	-0.00833388	0	
499.2	-0.00881339	0	
499.4	-0.00855295	0	
499.6	-0.0087546	0	
499.8	-0.00900088	0	
500	-0.0089275	0	
500.2	-0.00871214	0	
500.4	-0.00852679	0	
500.6	-0.00837425	0	
500.8	-0.00818811	0	
501	-0.00772713	0	
501.2	-0.00770226	0	
501.4	-0.00725224	0	
501.6	-0.00684989	0	
501.8	-0.00654196	0	
502	-0.00665352	0	
502.2	-0.00635304	0	
502.4	-0.00697403	0	
502.6	-0.00718231	0	
502.8	-0.00751507	0	
503	-0.00755824	0	
503.2	-0.0075785	0	
503.4	-0.00724871	0	
503.6	-0.00734971	0	
503.8	-0.00702245	0	
504	-0.00691059	0	
504.2	-0.00690851	0	
504.4	-0.00702693	0	
504.6	-0.00729176	0	
504.8	-0.00745154	0	
505	-0.00751395	0	
505.2	-0.00759181	0	
505.4	-0.00752767	0	
505.6	-0.00758769	0	
505.8	-0.00794108	0	
506	-0.00809053	0	
506.2	-0.00815784	0	
506.4	-0.00845198	0	
506.6	-0.00838511	0	
506.8	-0.00865753	0	
507	-0.00853376	0	
507.2	-0.0084475	0	
507.4	-0.00835232	0	
507.6	-0.00822581	0	
507.8	-0.00822757	0	
508	-0.00828934	0	
508.2	-0.00840072	0	
508.4	-0.00819928	0	
508.6	-0.00841942	0	
508.8	-0.00848666	0	
509	-0.00845224	0	
509.2	-0.00853897	0	
509.4	-0.00868107	0	
509.6	-0.00891017	0	
509.8	-0.00925709	0	
510	-0.00886546	0	
510.2	-0.00884949	0	
510.4	-0.00891642	0	
510.6	-0.00925524	0	
510.8	-0.00943393	0	
511	-0.00934402	0	
511.2	-0.00930808	0	
511.4	-0.00931285	0	
511.6	-0.00921101	0	
511.8	-0.00928903	0	
512	-0.00945729	0	
512.2	-0.00942312	0	
512.4	-0.00941195	0	
512.6	-0.00960475	0	
512.8	-0.00968621	0	
513	-0.00981882	0	
513.2	-0.0095737	0	
513.4	-0.00965604	0	
513.6	-0.00963053	0	
513.8	-0.00958375	0	
514	-0.0093461	0	
514.2	-0.00980259	0	
514.4	-0.01004933	0	
514.6	-0.01038567	0	
514.8	-0.01023963	0	
515	-0.01007209	0	
515.2	-0.00999139	0	
515.4	-0.00967437	0	
515.6	-0.00971229	0	
515.8	-0.00990199	0	
516	-0.00972994	0	
516.2	-0.00972198	0	
516.4	-0.0095291	0	
516.6	-0.00942293	0	
516.8	-0.0092851	0	
517	-0.00929539	0	
517.2	-0.0091704	0	
517.4	-0.00910236	0	
517.6	-0.00912879	0	
517.8	-0.00955016	0	
518	-0.00970747	0	
518.2	-0.01004371	0	
518.4	-0.00997413	0	
518.6	-0.01006932	0	
518.8	-0.01043686	0	
519	-0.01044872	0	
519.2	-0.01044001	0	
519.4	-0.0106625	0	
519.6	-0.01124122	0	
519.8	-0.01122876	0	
520	-0.01141758	0	
520.2	-0.01170573	0	
520.4	-0.01169127	0	
520.6	-0.01207949	0	
520.8	-0.01182988	0	
521	-0.0118303	0	
521.2	-0.01149252	0	
521.4	-0.01109055	0	
521.6	-0.01080673	0	
521.8	-0.0107498	0	
522	-0.01023905	0	
522.2	-0.01021105	0	
522.4	-0.01014501	0	
522.6	-0.01014765	0	
522.8	-0.01029479	0	
523	-0.01055732	0	
523.2	-0.01067031	0	
523.4	-0.01128326	0	
523.6	-0.01157356	0	
523.8	-0.01156911	0	
524	-0.01210008	0	
524.2	-0.01251715	0	
524.4	-0.01284128	0	
524.6	-0.01305778	0	
524.8	-0.01268132	0	
525	-0.01279093	0	
525.2	-0.01281614	0	
525.4	-0.01264004	0	
525.6	-0.01248196	0	
525.8	-0.01270271	0	
526	-0.01252399	0	
526.2	-0.01212016	0	
526.4	-0.01178155	0	
526.6	-0.01103956	0	
526.8	-0.01125755	0	
527	-0.01153581	0	
527.2	-0.01141371	0	
527.4	-0.01157351	0	
527.6	-0.01147756	0	
527.8	-0.01134737	0	
528	-0.01156285	0	
528.2	-0.01146321	0	
528.4	-0.01115497	0	
528.6	-0.01108647	0	
528.8	-0.01085657	0	
529	-0.01099113	0	
529.2	-0.01115114	0	
529.4	-0.01099639	0	
529.6	-0.01109746	0	
529.8	-0.0111282	0	
530	-0.01081493	0	
530.2	-0.01054967	0	
530.4	-0.01102178	0	
530.6	-0.01079222	0	
530.8	-0.01151971	0	
531	-0.01154962	0	
531.2	-0.0114896	0	
531.4	-0.01175736	0	
531.6	-0.01200787	0	
531.8	-0.01193594	0	
532	-0.01191559	0	
532.2	-0.01157435	0	
532.4	-0.01175575	0	
532.6	-0.01179759	0	
532.8	-0.0116899	0	
533	-0.01189003	0	
533.2	-0.01195171	0	
533.4	-0.01175008	0	
533.6	-0.01168527	0	
533.8	-0.01175595	0	
534	-0.01183382	0	
534.2	-0.01177196	0	
534.4	-0.01185305	0	
534.6	-0.01146483	0	
534.8	-0.01159148	0	
535	-0.01129325	0	
535.2	-0.01119288	0	
535.4	-0.01132034	0	
535.6	-0.01140294	0	
535.8	-0.01131533	0	
536	-0.01130886	0	
536.2	-0.0114571	0	
536.4	-0.01181477	0	
536.6	-0.0117895	0	
536.8	-0.01226051	0	
537	-0.01267153	0	
537.2	-0.01262699	0	
537.4	-0.01226918	0	
537.6	-0.01245899	0	
537.8	-0.01259743	0	
538	-0.01265472	0	
538.2	-0.01269263	0	
538.4	-0.01299568	0	
538.6	-0.01319069	0	
538.8	-0.01351887	0	
539	-0.01373078	0	
539.2	-0.01414282	0	
539.4	-0.01454935	0	
539.6	-0.01509529	0	
539.8	-0.01548454	0	
