Conc1	2.717E-08	
Start1	300	
Stop1	539.8	
Kobs	0.00288907853468211	
Error Kobs	2.65789386906956E-05	
Koff	0	
Error Koff	0	
Time1	Data1	Fit1	
300	0.00009459	0	
300.2	0.00113486	0.00083527	
300.4	0.00204398	0.00166964	
300.6	0.00348396	0.00250314	
300.8	0.00520094	0.00333574	
301	0.00685514	0.00416747	
301.2	0.0085478	0.00499831	
301.4	0.01030707	0.00582826	
301.6	0.01208948	0.00665734	
301.8	0.01398161	0.00748553	
302	0.01609251	0.00831285	
302.2	0.01670528	0.00913929	
302.4	0.01858218	0.00996484	
302.6	0.02023543	0.01078953	
302.8	0.02155146	0.01161333	
303	0.02256413	0.01243626	
303.2	0.02362967	0.01325832	
303.4	0.0246363	0.01407951	
303.6	0.02602067	0.01489982	
303.8	0.0270483	0.01571926	
304	0.02810515	0.01653783	
304.2	0.02866977	0.01735553	
304.4	0.02993917	0.01817236	
304.6	0.03156382	0.01898833	
304.8	0.03244825	0.01980343	
305	0.03351303	0.02061766	
305.2	0.03500372	0.02143103	
305.4	0.03661782	0.02224353	
305.6	0.03795543	0.02305517	
305.8	0.03945011	0.02386595	
306	0.04111649	0.02467587	
306.2	0.04175604	0.02548493	
306.4	0.04372731	0.02629313	
306.6	0.04463355	0.02710047	
306.8	0.04602688	0.02790695	
307	0.04741188	0.02871258	
307.2	0.04839489	0.02951735	
307.4	0.04931856	0.03032127	
307.6	0.05064641	0.03112433	
307.8	0.05174402	0.03192654	
308	0.05256169	0.0327279	
308.2	0.05302503	0.0335284	
308.4	0.05384953	0.03432806	
308.6	0.05473863	0.03512686	
308.8	0.05517446	0.03592482	
309	0.05672851	0.03672193	
309.2	0.05765306	0.0375182	
309.4	0.05882212	0.03831362	
309.6	0.05953047	0.03910819	
309.8	0.06083273	0.03990192	
310	0.06188271	0.04069481	
310.2	0.06310501	0.04148685	
310.4	0.0641459	0.04227806	
310.6	0.06538976	0.04306842	
310.8	0.0670157	0.04385794	
311	0.06841249	0.04464663	
311.2	0.06960275	0.04543448	
311.4	0.07069644	0.04622149	
311.6	0.0719164	0.04700766	
311.8	0.07290781	0.047793	
312	0.07316134	0.04857751	
312.2	0.07400431	0.04936118	
312.4	0.07466514	0.05014402	
312.6	0.07560156	0.05092603	
312.8	0.07633789	0.05170721	
313	0.07792329	0.05248756	
313.2	0.07860309	0.05326708	
313.4	0.08015296	0.05404577	
313.6	0.08053268	0.05482364	
313.8	0.08138286	0.05560068	
314	0.08233779	0.05637689	
314.2	0.08339559	0.05715228	
314.4	0.08398082	0.05792685	
314.6	0.08526369	0.05870059	
314.8	0.08645149	0.05947351	
315	0.0876002	0.06024561	
315.2	0.08864651	0.0610169	
315.4	0.08955494	0.06178736	
315.6	0.09098948	0.062557	
315.8	0.09170769	0.06332583	
316	0.09211309	0.06409384	
316.2	0.09357457	0.06486103	
316.4	0.09442428	0.06562741	
316.6	0.09526016	0.06639297	
316.8	0.09604575	0.06715772	
317	0.09715643	0.06792166	
317.2	0.09798334	0.06868479	
317.4	0.09919584	0.06944711	
317.6	0.09975071	0.07020862	
317.8	0.10100913	0.07096932	
318	0.10223962	0.07172921	
318.2	0.1029335	0.07248829	
318.4	0.10359646	0.07324657	
318.6	0.10422507	0.07400404	
318.8	0.10508256	0.07476071	
319	0.10570768	0.07551658	
319.2	0.10618727	0.07627164	
319.4	0.10707505	0.0770259	
319.6	0.10831398	0.07777936	
319.8	0.10856121	0.07853202	
320	0.10983965	0.07928388	
320.2	0.11121803	0.08003494	
320.4	0.11208065	0.0807852	
320.6	0.11248094	0.08153467	
320.8	0.11312341	0.08228334	
321	0.11425578	0.08303121	
321.2	0.11529407	0.08377829	
321.4	0.11607003	0.08452458	
321.6	0.11680478	0.08527008	
321.8	0.11740042	0.08601478	
322	0.1179211	0.08675869	
322.2	0.11792932	0.08750181	
322.4	0.1178872	0.08824415	
322.6	0.11847872	0.08898569	
322.8	0.11904093	0.08972645	
323	0.11917655	0.09046642	
323.2	0.1197416	0.0912056	
323.4	0.12079356	0.091944	
323.6	0.12165447	0.09268162	
323.8	0.12179252	0.09341845	
324	0.12348347	0.0941545	
324.2	0.12445299	0.09488976	
324.4	0.12551865	0.09562425	
324.6	0.12561556	0.09635796	
324.8	0.12632366	0.09709088	
325	0.1264995	0.09782303	
325.2	0.1263395	0.0985544	
325.4	0.1264405	0.099285	
325.6	0.12682975	0.10001481	
325.8	0.1269705	0.10074386	
326	0.12726165	0.10147213	
326.2	0.1276831	0.10219962	
326.4	0.12808078	0.10292635	
326.6	0.12903263	0.1036523	
326.8	0.1294503	0.10437748	
327	0.13025818	0.10510189	
327.2	0.1309625	0.10582553	
327.4	0.1321669	0.1065484	
327.6	0.13324333	0.1072705	
327.8	0.13439827	0.10799184	
328	0.13610803	0.10871241	
328.2	0.13708901	0.10943222	
328.4	0.13802586	0.11015126	
328.6	0.13849194	0.11086954	
328.8	0.13944588	0.11158705	
329	0.13993408	0.1123038	
329.2	0.14035024	0.11301979	
329.4	0.14127077	0.11373503	
329.6	0.14168018	0.1144495	
329.8	0.14188859	0.11516321	
330	0.14213613	0.11587616	
330.2	0.14248754	0.11658836	
330.4	0.14231307	0.1172998	
330.6	0.14255073	0.11801049	
330.8	0.14260891	0.11872042	
331	0.14291803	0.11942959	
331.2	0.14347459	0.12013802	
331.4	0.14434475	0.12084569	
331.6	0.14466424	0.12155261	
331.8	0.14500643	0.12225878	
332	0.1452926	0.1229642	
332.2	0.14602874	0.12366887	
332.4	0.14624775	0.12437279	
332.6	0.14684871	0.12507596	
332.8	0.14790001	0.12577839	
333	0.14858175	0.12648007	
333.2	0.1491014	0.127181	
333.4	0.15041899	0.12788119	
333.6	0.15087951	0.12858064	
333.8	0.15195848	0.12927935	
334	0.15276962	0.12997731	
334.2	0.15350018	0.13067453	
334.4	0.1540046	0.13137101	
334.6	0.15489231	0.13206675	
334.8	0.15598365	0.13276175	
335	0.15673386	0.13345602	
335.2	0.15729511	0.13414954	
335.4	0.15755943	0.13484233	
335.6	0.15768717	0.13553439	
335.8	0.15804148	0.13622571	
336	0.15784219	0.13691629	
336.2	0.15811904	0.13760614	
336.4	0.15810468	0.13829526	
336.6	0.15932975	0.13898365	
336.8	0.15989839	0.1396713	
337	0.16015541	0.14035823	
337.2	0.16053345	0.14104442	
337.4	0.1617316	0.14172989	
337.6	0.16275083	0.14241463	
337.8	0.16404817	0.14309864	
338	0.16478468	0.14378193	
338.2	0.16563318	0.14446449	
338.4	0.16681775	0.14514632	
338.6	0.1676229	0.14582743	
338.8	0.16820465	0.14650782	
339	0.16819061	0.14718748	
339.2	0.16842638	0.14786643	
339.4	0.16891467	0.14854465	
339.6	0.16900915	0.14922215	
339.8	0.16948392	0.14989893	
340	0.16953308	0.15057499	
340.2	0.17043508	0.15125034	
340.4	0.17118819	0.15192497	
340.6	0.17211518	0.15259888	
340.8	0.17243746	0.15327207	
341	0.17344682	0.15394455	
341.2	0.17405051	0.15461632	
341.4	0.17504198	0.15528737	
341.6	0.17614275	0.15595771	
341.8	0.17650479	0.15662734	
342	0.17692723	0.15729626	
342.2	0.17777775	0.15796446	
342.4	0.17807153	0.15863196	
342.6	0.17834999	0.15929875	
342.8	0.17878554	0.15996483	
343	0.17886215	0.1606302	
343.2	0.1795732	0.16129487	
343.4	0.18017285	0.16195883	
343.6	0.18077697	0.16262208	
343.8	0.18153516	0.16328463	
344	0.18180989	0.16394648	
344.2	0.18241284	0.16460762	
344.4	0.18310759	0.16526806	
344.6	0.18353161	0.1659278	
344.8	0.1839883	0.16658684	
345	0.18430411	0.16724518	
345.2	0.18395756	0.16790282	
345.4	0.18404612	0.16855976	
345.6	0.18419827	0.16921601	
345.8	0.18401965	0.16987155	
346	0.18455506	0.17052641	
346.2	0.1853111	0.17118056	
346.4	0.1856701	0.17183402	
346.6	0.18644945	0.17248679	
346.8	0.18737032	0.17313886	
347	0.18776183	0.17379024	
347.2	0.18900054	0.17444093	
347.4	0.18981699	0.17509093	
347.6	0.19058611	0.17574024	
347.8	0.19122672	0.17638885	
348	0.19181231	0.17703678	
348.2	0.1925961	0.17768402	
348.4	0.19344317	0.17833058	
348.6	0.19418522	0.17897644	
348.8	0.19474754	0.17962162	
349	0.19553904	0.18026612	
349.2	0.19571908	0.18090993	
349.4	0.19606242	0.18155306	
349.6	0.19657581	0.1821955	
349.8	0.19704193	0.18283726	
350	0.19796313	0.18347834	
350.2	0.19809233	0.18411874	
350.4	0.19833817	0.18475846	
350.6	0.19846192	0.1853975	
350.8	0.19950028	0.18603586	
351	0.19960949	0.18667355	
351.2	0.20007958	0.18731055	
351.4	0.20041429	0.18794688	
351.6	0.20092772	0.18858254	
351.8	0.20178385	0.18921751	
352	0.20242696	0.18985182	
352.2	0.20307648	0.19048545	
352.4	0.20404887	0.19111841	
352.6	0.2047991	0.19175069	
352.8	0.20569166	0.1923823	
353	0.20637598	0.19301325	
353.2	0.2065032	0.19364352	
353.4	0.20719193	0.19427312	
353.6	0.20820256	0.19490206	
353.8	0.20826563	0.19553033	
354	0.20914406	0.19615792	
354.2	0.20887812	0.19678486	
354.4	0.20940125	0.19741112	
354.6	0.20985078	0.19803673	
354.8	0.2108964	0.19866166	
355	0.21124855	0.19928594	
355.2	0.2116565	0.19990955	
355.4	0.21197403	0.2005325	
355.6	0.2126044	0.20115478	
355.8	0.21340072	0.20177641	
356	0.21383167	0.20239737	
356.2	0.21396253	0.20301768	
356.4	0.21440669	0.20363733	
356.6	0.21461183	0.20425632	
356.8	0.21494139	0.20487465	
357	0.21530081	0.20549232	
357.2	0.21587022	0.20610934	
357.4	0.2165872	0.20672571	
357.6	0.21719902	0.20734142	
357.8	0.21769881	0.20795647	
358	0.21868926	0.20857087	
358.2	0.21887489	0.20918462	
358.4	0.21984493	0.20979772	
358.6	0.22012406	0.21041017	
358.8	0.22103389	0.21102196	
359	0.22167967	0.21163311	
359.2	0.22194096	0.21224361	
359.4	0.22250107	0.21285346	
359.6	0.22351461	0.21346266	
359.8	0.22430989	0.21407121	
360	0.22458878	0.21467912	
360.2	0.22462796	0.21528638	
360.4	0.22542494	0.215893	
360.6	0.22563413	0.21649897	
360.8	0.22602225	0.2171043	
361	0.22688133	0.21770899	
361.2	0.22755006	0.21831303	
361.4	0.22772499	0.21891643	
361.6	0.22821341	0.2195192	
361.8	0.22889726	0.22012132	
362	0.22920979	0.2207228	
362.2	0.22983776	0.22132364	
362.4	0.23026447	0.22192385	
362.6	0.23054649	0.22252342	
362.8	0.23138324	0.22312235	
363	0.23164999	0.22372064	
363.2	0.2321743	0.2243183	
363.4	0.23271111	0.22491533	
363.6	0.23337347	0.22551172	
363.8	0.23437827	0.22610747	
364	0.234672	0.2267026	
364.2	0.23530418	0.22729709	
364.4	0.23589518	0.22789095	
364.6	0.23589034	0.22848418	
364.8	0.23677766	0.22907678	
365	0.23746908	0.22966875	
365.2	0.23778283	0.2302601	
365.4	0.23764196	0.23085081	
365.6	0.23785674	0.2314409	
365.8	0.23863512	0.23203036	
366	0.23891586	0.23261919	
366.2	0.23957491	0.2332074	
366.4	0.23966538	0.23379498	
366.6	0.24005568	0.23438194	
366.8	0.24021199	0.23496828	
367	0.24038984	0.23555399	
367.2	0.24082213	0.23613908	
367.4	0.24156395	0.23672356	
367.6	0.24184692	0.2373074	
367.8	0.24266828	0.23789063	
368	0.24316265	0.23847324	
368.2	0.24394422	0.23905524	
368.4	0.24462284	0.23963661	
368.6	0.24558131	0.24021736	
368.8	0.24675056	0.2407975	
369	0.24686228	0.24137703	
369.2	0.24765047	0.24195593	
369.4	0.24798203	0.24253423	
369.6	0.24849969	0.2431119	
369.8	0.24933044	0.24368897	
370	0.24933154	0.24426542	
370.2	0.25032588	0.24484126	
370.4	0.25046078	0.24541649	
370.6	0.25096649	0.2459911	
370.8	0.25125914	0.24656511	
371	0.25124272	0.24713851	
371.2	0.25125623	0.2477113	
371.4	0.25126067	0.24828348	
371.6	0.25110063	0.24885505	
371.8	0.25164891	0.24942601	
372	0.25211354	0.24999637	
372.2	0.25256689	0.25056612	
372.4	0.25271537	0.25113527	
372.6	0.25276294	0.25170382	
372.8	0.25353437	0.25227176	
373	0.25384708	0.25283909	
373.2	0.25461606	0.25340583	
373.4	0.2547355	0.25397196	
373.6	0.25573122	0.25453749	
373.8	0.25679055	0.25510242	
374	0.25739388	0.25566675	
374.2	0.25869319	0.25623048	
374.4	0.25863661	0.25679361	
374.6	0.25923532	0.25735614	
374.8	0.26000167	0.25791808	
375	0.25986233	0.25847942	
375.2	0.26038401	0.25904016	
375.4	0.26082307	0.25960031	
375.6	0.26130183	0.26015986	
375.8	0.26208221	0.26071882	
376	0.26249286	0.26127719	
376.2	0.26270648	0.26183496	
376.4	0.26251767	0.26239214	
376.6	0.26287924	0.26294873	
376.8	0.26335707	0.26350472	
377	0.26341141	0.26406013	
377.2	0.264145	0.26461495	
377.4	0.26472035	0.26516917	
377.6	0.26552848	0.26572281	
377.8	0.26582486	0.26627586	
378	0.26547573	0.26682832	
378.2	0.26630095	0.2673802	
378.4	0.26650628	0.26793149	
378.6	0.2673217	0.2684822	
378.8	0.26777514	0.26903231	
379	0.26797928	0.26958185	
379.2	0.26876417	0.2701308	
379.4	0.26929754	0.27067917	
379.6	0.27006414	0.27122696	
379.8	0.27114623	0.27177416	
380	0.27186355	0.27232079	
380.2	0.27244493	0.27286683	
380.4	0.27341248	0.27341229	
380.6	0.27404604	0.27395718	
380.8	0.27473575	0.27450148	
381	0.2760001	0.27504521	
381.2	0.27710371	0.27558836	
381.4	0.27753554	0.27613093	
381.6	0.27759986	0.27667293	
381.8	0.27802034	0.27721435	
382	0.27822979	0.27775519	
382.2	0.2789389	0.27829546	
382.4	0.27908835	0.27883516	
382.6	0.27939654	0.27937428	
382.8	0.27955647	0.27991284	
383	0.27988705	0.28045082	
383.2	0.27965579	0.28098822	
383.4	0.27947031	0.28152506	
383.6	0.27977195	0.28206133	
383.8	0.28057541	0.28259703	
384	0.28122672	0.28313216	
384.2	0.28127396	0.28366672	
384.4	0.28182913	0.28420071	
384.6	0.28232134	0.28473413	
384.8	0.2836155	0.28526699	
385	0.28428233	0.28579929	
385.2	0.28480645	0.28633101	
385.4	0.28527745	0.28686218	
385.6	0.28573269	0.28739278	
385.8	0.28686573	0.28792281	
386	0.28760713	0.28845228	
386.2	0.28854042	0.28898119	
386.4	0.28974969	0.28950954	
386.6	0.2904291	0.29003733	
386.8	0.29086469	0.29056456	
387	0.29129393	0.29109122	
387.2	0.29124514	0.29161733	
387.4	0.29189835	0.29214288	
387.6	0.29252789	0.29266787	
387.8	0.29333395	0.2931923	
388	0.29336274	0.29371618	
388.2	0.29351098	0.2942395	
388.4	0.29410792	0.29476226	
388.6	0.29502569	0.29528447	
388.8	0.29527569	0.29580613	
389	0.29495408	0.29632723	
389.2	0.2951771	0.29684777	
389.4	0.29553205	0.29736777	
389.6	0.29590031	0.29788721	
389.8	0.2959518	0.2984061	
390	0.29658938	0.29892443	
390.2	0.29674725	0.29944222	
390.4	0.29690237	0.29995946	
390.6	0.29676386	0.30047615	
390.8	0.29704067	0.30099229	
391	0.29744055	0.30150788	
391.2	0.29770446	0.30202293	
391.4	0.29806806	0.30253742	
391.6	0.29762263	0.30305137	
391.8	0.29779115	0.30356478	
392	0.29810458	0.30407764	
392.2	0.29864272	0.30458995	
392.4	0.2993886	0.30510172	
392.6	0.29957571	0.30561295	
392.8	0.3001618	0.30612364	
393	0.30079057	0.30663378	
393.2	0.30178927	0.30714338	
393.4	0.30240125	0.30765244	
393.6	0.30296347	0.30816096	
393.8	0.30325042	0.30866893	
394	0.30480296	0.30917637	
394.2	0.30515868	0.30968327	
394.4	0.30613164	0.31018963	
394.6	0.30707283	0.31069546	
394.8	0.3078747	0.31120074	
395	0.30864835	0.31170549	
395.2	0.30918455	0.31220971	
395.4	0.30949033	0.31271339	
395.6	0.30925148	0.31321653	
395.8	0.31044563	0.31371914	
396	0.31129247	0.31422121	
396.2	0.31170489	0.31472276	
396.4	0.31194578	0.31522376	
396.6	0.31212913	0.31572424	
396.8	0.31337927	0.31622419	
397	0.31361084	0.3167236	
397.2	0.31391789	0.31722249	
397.4	0.31376002	0.31772084	
397.6	0.31394247	0.31821867	
397.8	0.31437964	0.31871596	
398	0.31519339	0.31921273	
398.2	0.31558253	0.31970897	
398.4	0.31598159	0.32020468	
398.6	0.31622631	0.32069987	
398.8	0.31636217	0.32119453	
399	0.31652594	0.32168867	
399.2	0.31698089	0.32218228	
399.4	0.31717512	0.32267537	
399.6	0.31746061	0.32316793	
399.8	0.31826512	0.32365997	
400	0.31877683	0.32415149	
400.2	0.31938608	0.32464248	
400.4	0.31970041	0.32513295	
400.6	0.32074628	0.32562291	
400.8	0.32121627	0.32611234	
401	0.32105326	0.32660125	
401.2	0.32129549	0.32708965	
401.4	0.32169222	0.32757752	
401.6	0.32190797	0.32806488	
401.8	0.3228016	0.32855172	
402	0.32361157	0.32903804	
402.2	0.32399569	0.32952384	
402.4	0.32399364	0.33000913	
402.6	0.32429772	0.33049391	
402.8	0.32461846	0.33097817	
403	0.32492926	0.33146191	
403.2	0.32527516	0.33194514	
403.4	0.3251222	0.33242786	
403.6	0.3254784	0.33291007	
403.8	0.32603934	0.33339176	
404	0.32677273	0.33387294	
404.2	0.32686473	0.33435361	
404.4	0.3269412	0.33483377	
404.6	0.32766571	0.33531342	
404.8	0.32727766	0.33579256	
405	0.32825025	0.33627119	
405.2	0.3289677	0.33674932	
405.4	0.32992346	0.33722693	
405.6	0.33078723	0.33770404	
405.8	0.33173204	0.33818064	
406	0.33195967	0.33865674	
406.2	0.33224861	0.33913233	
406.4	0.33328345	0.33960741	
406.6	0.33355278	0.34008199	
406.8	0.33432322	0.34055607	
407	0.334729	0.34102964	
407.2	0.33509568	0.34150271	
407.4	0.33552566	0.34197528	
407.6	0.33637052	0.34244734	
407.8	0.33681073	0.34291891	
408	0.3367567	0.34338997	
408.2	0.33718568	0.34386053	
408.4	0.33746722	0.3443306	
408.6	0.33804115	0.34480016	
408.8	0.33868195	0.34526922	
409	0.33997738	0.34573779	
409.2	0.34080709	0.34620586	
409.4	0.34163932	0.34667343	
409.6	0.34180939	0.34714051	
409.8	0.34192644	0.34760709	
410	0.34209552	0.34807317	
410.2	0.34264614	0.34853876	
410.4	0.34323666	0.34900385	
410.6	0.34347112	0.34946845	
410.8	0.34405688	0.34993256	
411	0.344481	0.35039618	
411.2	0.34458175	0.3508593	
411.4	0.34464022	0.35132193	
411.6	0.34492162	0.35178407	
411.8	0.34469642	0.35224571	
412	0.34456068	0.35270687	
412.2	0.34512314	0.35316754	
412.4	0.34551199	0.35362772	
412.6	0.34655893	0.35408741	
412.8	0.34754505	0.35454661	
413	0.34827656	0.35500532	
413.2	0.3488298	0.35546355	
413.4	0.34907969	0.35592129	
413.6	0.34979355	0.35637854	
413.8	0.35068598	0.35683531	
414	0.3511515	0.35729159	
414.2	0.35185852	0.35774739	
414.4	0.35267579	0.3582027	
414.6	0.35291489	0.35865753	
414.8	0.35317303	0.35911188	
415	0.35376649	0.35956575	
415.2	0.353747	0.36001913	
415.4	0.35415926	0.36047203	
415.6	0.35439583	0.36092445	
415.8	0.35494268	0.36137639	
416	0.3559326	0.36182785	
416.2	0.35704788	0.36227883	
416.4	0.3581598	0.36272933	
416.6	0.35892096	0.36317936	
416.8	0.35924376	0.3636289	
417	0.35936344	0.36407797	
417.2	0.36001962	0.36452656	
417.4	0.36039721	0.36497468	
417.6	0.36146805	0.36542231	
417.8	0.3615216	0.36586948	
418	0.36144879	0.36631616	
418.2	0.36155021	0.36676238	
418.4	0.36157487	0.36720812	
418.6	0.3615256	0.36765338	
418.8	0.36186323	0.36809818	
419	0.36215375	0.3685425	
419.2	0.36223438	0.36898635	
419.4	0.36258368	0.36942973	
419.6	0.36287251	0.36987263	
419.8	0.36369613	0.37031507	
420	0.37511964	0.3707571	
420.2	0.37371216	0.37054293	
420.4	0.37218966	0.37032889	
420.6	0.37078742	0.37011497	
420.8	0.37001012	0.36990117	
421	0.36908848	0.3696875	
421.2	0.36801717	0.36947395	
421.4	0.36707624	0.36926053	
421.6	0.36640862	0.36904722	
421.8	0.3659593	0.36883404	
422	0.3655093	0.36862099	
422.2	0.36519312	0.36840805	
422.4	0.36477252	0.36819524	
422.6	0.3641034	0.36798256	
422.8	0.36353169	0.36776999	
423	0.3626692	0.36755755	
423.2	0.36162881	0.36734523	
423.4	0.36121213	0.36713303	
423.6	0.36031372	0.36692096	
423.8	0.36013825	0.36670901	
424	0.35924622	0.36649718	
424.2	0.35836478	0.36628547	
424.4	0.35742765	0.36607389	
424.6	0.35726331	0.36586243	
424.8	0.35731175	0.36565109	
425	0.35677147	0.36543987	
425.2	0.35625609	0.36522877	
425.4	0.35609113	0.3650178	
425.6	0.35572288	0.36480695	
425.8	0.3551634	0.36459622	
426	0.35418101	0.36438561	
426.2	0.35373543	0.36417512	
426.4	0.3529108	0.36396475	
426.6	0.35204286	0.36375451	
426.8	0.3513642	0.36354439	
427	0.35137875	0.36333439	
427.2	0.35056794	0.36312451	
427.4	0.35004916	0.36291475	
427.6	0.34935982	0.36270511	
427.8	0.34938828	0.3624956	
428	0.34847715	0.3622862	
428.2	0.34862093	0.36207693	
428.4	0.34827536	0.36186777	
428.6	0.34826261	0.36165874	
428.8	0.34797222	0.36144983	
429	0.34811777	0.36124104	
429.2	0.34822549	0.36103237	
429.4	0.34844487	0.36082382	
429.6	0.34816643	0.36061539	
429.8	0.3480476	0.36040708	
430	0.3476237	0.36019889	
430.2	0.34744278	0.35999082	
430.4	0.3470261	0.35978287	
430.6	0.3469458	0.35957505	
430.8	0.34670886	0.35936734	
431	0.34640947	0.35915975	
431.2	0.34559363	0.35895228	
431.4	0.34573009	0.35874493	
431.6	0.3449775	0.3585377	
431.8	0.34495352	0.3583306	
432	0.34493481	0.35812361	
432.2	0.34489432	0.35791674	
432.4	0.34451654	0.35770999	
432.6	0.34419125	0.35750336	
432.8	0.3437102	0.35729684	
433	0.34373774	0.35709045	
433.2	0.34329479	0.35688418	
433.4	0.34302396	0.35667803	
433.6	0.34262148	0.35647199	
433.8	0.34242153	0.35626608	
434	0.34192624	0.35606028	
434.2	0.34146807	0.3558546	
434.4	0.34142313	0.35564904	
434.6	0.34081516	0.3554436	
434.8	0.34024279	0.35523828	
435	0.33992337	0.35503308	
435.2	0.33984439	0.35482799	
435.4	0.33969312	0.35462303	
435.6	0.33914185	0.35441818	
435.8	0.33927573	0.35421345	
436	0.33902359	0.35400884	
436.2	0.33838593	0.35380435	
436.4	0.33823727	0.35359997	
436.6	0.33776579	0.35339571	
436.8	0.33710065	0.35319158	
437	0.33729593	0.35298756	
437.2	0.33726424	0.35278365	
437.4	0.33762045	0.35257987	
437.6	0.33775802	0.3523762	
437.8	0.33795924	0.35217265	
438	0.33815746	0.35196922	
438.2	0.33789928	0.3517659	
438.4	0.337605	0.35156271	
438.6	0.33701357	0.35135963	
438.8	0.33682523	0.35115666	
439	0.3363601	0.35095382	
439.2	0.33619656	0.35075109	
439.4	0.33585159	0.35054848	
439.6	0.33545819	0.35034599	
439.8	0.3348361	0.35014361	
440	0.33479974	0.34994135	
440.2	0.33441366	0.34973921	
440.4	0.33428149	0.34953718	
440.6	0.33391917	0.34933527	
440.8	0.33376731	0.34913348	
441	0.33418308	0.3489318	
441.2	0.33396545	0.34873024	
441.4	0.33428317	0.3485288	
441.6	0.33390535	0.34832747	
441.8	0.33400108	0.34812626	
442	0.33378692	0.34792516	
442.2	0.33307487	0.34772419	
442.4	0.3328857	0.34752332	
442.6	0.33259251	0.34732258	
442.8	0.33266636	0.34712195	
443	0.33210691	0.34692143	
443.2	0.33200618	0.34672103	
443.4	0.33180839	0.34652075	
443.6	0.33192599	0.34632058	
443.8	0.33224545	0.34612053	
444	0.33271116	0.34592059	
444.2	0.33269932	0.34572077	
444.4	0.3329937	0.34552107	
444.6	0.33286678	0.34532148	
444.8	0.33271509	0.345122	
445	0.33242064	0.34492264	
445.2	0.33187484	0.3447234	
445.4	0.33210631	0.34452427	
445.6	0.33140759	0.34432526	
445.8	0.33107868	0.34412636	
446	0.33066048	0.34392757	
446.2	0.33010959	0.3437289	
446.4	0.32958494	0.34353035	
446.6	0.32895494	0.34333191	
446.8	0.32847862	0.34313359	
447	0.32752099	0.34293537	
447.2	0.32682783	0.34273728	
447.4	0.32676286	0.3425393	
447.6	0.3267854	0.34234143	
447.8	0.32698627	0.34214368	
448	0.32735256	0.34194604	
448.2	0.32741104	0.34174851	
448.4	0.32703	0.3415511	
448.6	0.32691588	0.34135381	
448.8	0.32686294	0.34115662	
449	0.3266749	0.34095955	
449.2	0.32705823	0.3407626	
449.4	0.32720223	0.34056576	
449.6	0.32690968	0.34036903	
449.8	0.32694847	0.34017242	
450	0.32686565	0.33997592	
450.2	0.32667393	0.33977953	
450.4	0.32664578	0.33958326	
450.6	0.32638057	0.3393871	
450.8	0.32592416	0.33919105	
451	0.32602523	0.33899512	
451.2	0.32566982	0.3387993	
451.4	0.32596716	0.33860359	
451.6	0.32608167	0.338408	
451.8	0.32643501	0.33821251	
452	0.32640664	0.33801715	
452.2	0.32598797	0.33782189	
452.4	0.3259959	0.33762675	
452.6	0.32617728	0.33743172	
452.8	0.32592116	0.3372368	
453	0.32567001	0.337042	
453.2	0.32535286	0.33684731	
453.4	0.32528504	0.33665273	
453.6	0.32535137	0.33645826	
453.8	0.32483741	0.3362639	
454	0.32475929	0.33606966	
454.2	0.32447832	0.33587553	
454.4	0.32377562	0.33568151	
454.6	0.32325184	0.33548761	
454.8	0.32307813	0.33529381	
455	0.32246256	0.33510013	
455.2	0.32171383	0.33490656	
455.4	0.32156911	0.3347131	
455.6	0.32153866	0.33451976	
455.8	0.32115543	0.33432652	
456	0.32055045	0.3341334	
456.2	0.32048043	0.33394039	
456.4	0.32049236	0.33374749	
456.6	0.31994618	0.3335547	
456.8	0.31986014	0.33336202	
457	0.31970719	0.33316945	
457.2	0.31932978	0.332977	
457.4	0.3197524	0.33278466	
457.6	0.31969691	0.33259242	
457.8	0.31943042	0.3324003	
458	0.31994837	0.33220829	
458.2	0.31957064	0.33201639	
458.4	0.31935	0.3318246	
458.6	0.31973413	0.33163292	
458.8	0.3191027	0.33144136	
459	0.31925069	0.3312499	
459.2	0.31963311	0.33105855	
459.4	0.31970537	0.33086732	
459.6	0.31989852	0.33067619	
459.8	0.31936875	0.33048518	
460	0.31949414	0.33029427	
460.2	0.31969474	0.33010348	
460.4	0.31950524	0.3299128	
460.6	0.31911672	0.32972222	
460.8	0.31892662	0.32953176	
461	0.31778431	0.3293414	
461.2	0.31721691	0.32915116	
461.4	0.31724313	0.32896103	
461.6	0.31717477	0.328771	
461.8	0.31723528	0.32858109	
462	0.31691489	0.32839128	
462.2	0.31671107	0.32820159	
462.4	0.31657788	0.328012	
462.6	0.31695907	0.32782253	
462.8	0.31655669	0.32763316	
463	0.31724161	0.32744391	
463.2	0.31692962	0.32725476	
463.4	0.31626037	0.32706572	
463.6	0.31627186	0.32687679	
463.8	0.31638333	0.32668797	
464	0.31723572	0.32649926	
464.2	0.31742175	0.32631066	
464.4	0.31689005	0.32612216	
464.6	0.31666916	0.32593378	
464.8	0.31635706	0.32574551	
465	0.31591026	0.32555734	
465.2	0.31658679	0.32536928	
465.4	0.3167835	0.32518133	
465.6	0.31671413	0.32499349	
465.8	0.31726512	0.32480576	
466	0.31693568	0.32461814	
466.2	0.31724084	0.32443062	
466.4	0.31721334	0.32424321	
466.6	0.31734367	0.32405591	
466.8	0.3166642	0.32386872	
467	0.31636074	0.32368164	
467.2	0.3158044	0.32349467	
467.4	0.315281	0.3233078	
467.6	0.31518351	0.32312104	
467.8	0.31494266	0.32293439	
468	0.31478288	0.32274785	
468.2	0.31354184	0.32256141	
468.4	0.31279389	0.32237509	
468.6	0.312544	0.32218887	
468.8	0.31242444	0.32200276	
469	0.31222297	0.32181675	
469.2	0.31205976	0.32163085	
469.4	0.31191731	0.32144506	
469.6	0.312272	0.32125938	
469.8	0.31300356	0.32107381	
470	0.31325887	0.32088834	
470.2	0.3139182	0.32070298	
470.4	0.31387079	0.32051773	
470.6	0.3141668	0.32033258	
470.8	0.31403138	0.32014754	
471	0.31425137	0.31996261	
471.2	0.31440361	0.31977778	
471.4	0.31425472	0.31959306	
471.6	0.31404052	0.31940845	
471.8	0.31392017	0.31922394	
472	0.31394651	0.31903954	
472.2	0.31350193	0.31885525	
472.4	0.31356199	0.31867106	
472.6	0.31306918	0.31848698	
472.8	0.31269761	0.31830301	
473	0.31261658	0.31811914	
473.2	0.31261639	0.31793538	
473.4	0.31241945	0.31775173	
473.6	0.31258901	0.31756818	
473.8	0.31267727	0.31738473	
474	0.31254102	0.3172014	
474.2	0.31236227	0.31701817	
474.4	0.3117679	0.31683504	
474.6	0.31140933	0.31665202	
474.8	0.31147358	0.31646911	
475	0.31143756	0.3162863	
475.2	0.31100915	0.3161036	
475.4	0.31072178	0.315921	
475.6	0.31052365	0.31573851	
475.8	0.31052968	0.31555612	
476	0.31079659	0.31537384	
476.2	0.31061707	0.31519167	
476.4	0.31050257	0.3150096	
476.6	0.30972005	0.31482763	
476.8	0.30982594	0.31464577	
477	0.31007984	0.31446402	
477.2	0.30933712	0.31428237	
477.4	0.30907606	0.31410082	
477.6	0.30946836	0.31391938	
477.8	0.30955947	0.31373805	
478	0.30966031	0.31355682	
478.2	0.30939048	0.31337569	
478.4	0.30896259	0.31319467	
478.6	0.30878672	0.31301375	
478.8	0.30910685	0.31283294	
479	0.30845898	0.31265224	
479.2	0.30807588	0.31247163	
479.4	0.30811819	0.31229113	
479.6	0.30792967	0.31211074	
479.8	0.30810736	0.31193045	
480	0.30817336	0.31175026	
480.2	0.30778215	0.31157018	
480.4	0.30765541	0.3113902	
480.6	0.30752276	0.31121033	
480.8	0.30765781	0.31103056	
481	0.30739079	0.31085089	
481.2	0.30698135	0.31067133	
481.4	0.3074297	0.31049187	
481.6	0.30721564	0.31031251	
481.8	0.30750901	0.31013326	
482	0.30695703	0.30995411	
482.2	0.30591134	0.30977507	
482.4	0.30580312	0.30959613	
482.6	0.30614178	0.30941729	
482.8	0.30617751	0.30923856	
483	0.30575963	0.30905992	
483.2	0.30565004	0.3088814	
483.4	0.30532028	0.30870297	
483.6	0.30511196	0.30852465	
483.8	0.30537968	0.30834643	
484	0.3052311	0.30816832	
484.2	0.30518222	0.3079903	
484.4	0.30540366	0.30781239	
484.6	0.30558472	0.30763458	
484.8	0.30548706	0.30745688	
485	0.30530505	0.30727928	
485.2	0.30552777	0.30710178	
485.4	0.30583978	0.30692438	
485.6	0.30541453	0.30674709	
485.8	0.30537688	0.30656989	
486	0.3048673	0.3063928	
486.2	0.30469331	0.30621582	
486.4	0.30484537	0.30603893	
486.6	0.30479468	0.30586215	
486.8	0.30510543	0.30568547	
487	0.30437056	0.30550889	
487.2	0.3043582	0.30533241	
487.4	0.30412367	0.30515604	
487.6	0.30434135	0.30497976	
487.8	0.30411455	0.30480359	
488	0.30410486	0.30462752	
488.2	0.30416653	0.30445156	
488.4	0.30400873	0.30427569	
488.6	0.30422893	0.30409993	
488.8	0.3039483	0.30392426	
489	0.30395886	0.3037487	
489.2	0.30372964	0.30357324	
489.4	0.303243	0.30339788	
489.6	0.30285641	0.30322262	
489.8	0.30279425	0.30304747	
490	0.30278473	0.30287241	
490.2	0.30254968	0.30269746	
490.4	0.30234234	0.30252261	
490.6	0.30230292	0.30234786	
490.8	0.30253615	0.3021732	
491	0.3018827	0.30199865	
491.2	0.30229529	0.30182421	
491.4	0.30236061	0.30164986	
491.6	0.30243725	0.30147561	
491.8	0.30221307	0.30130146	
492	0.30246619	0.30112742	
492.2	0.30228984	0.30095347	
492.4	0.30226714	0.30077962	
492.6	0.30273776	0.30060588	
492.8	0.30220278	0.30043223	
493	0.30213277	0.30025869	
493.2	0.30196604	0.30008525	
493.4	0.30218948	0.2999119	
493.6	0.30215523	0.29973866	
493.8	0.3020654	0.29956551	
494	0.30215676	0.29939247	
494.2	0.30209818	0.29921953	
494.4	0.30146293	0.29904668	
494.6	0.30139362	0.29887394	
494.8	0.30143355	0.2987013	
495	0.30130836	0.29852875	
495.2	0.30150816	0.29835631	
495.4	0.30139	0.29818396	
495.6	0.30082404	0.29801172	
495.8	0.30085891	0.29783957	
496	0.30109274	0.29766752	
496.2	0.30104136	0.29749558	
496.4	0.30096079	0.29732373	
496.6	0.30093486	0.29715198	
496.8	0.30036483	0.29698033	
497	0.29967837	0.29680878	
497.2	0.30024733	0.29663733	
497.4	0.30027183	0.29646598	
497.6	0.2998395	0.29629472	
497.8	0.29966868	0.29612357	
498	0.29965315	0.29595251	
498.2	0.29964933	0.29578156	
498.4	0.29924101	0.2956107	
498.6	0.29972618	0.29543994	
498.8	0.29950045	0.29526928	
499	0.29946735	0.29509872	
499.2	0.2993374	0.29492825	
499.4	0.29887748	0.29475789	
499.6	0.29847917	0.29458762	
499.8	0.29883506	0.29441745	
500	0.29850448	0.29424738	
500.2	0.29805171	0.29407741	
500.4	0.29771264	0.29390754	
500.6	0.29730929	0.29373776	
500.8	0.2974142	0.29356809	
501	0.29732094	0.29339851	
501.2	0.29804572	0.29322903	
501.4	0.29818445	0.29305964	
501.6	0.29768599	0.29289036	
501.8	0.29763391	0.29272117	
502	0.29809916	0.29255208	
502.2	0.29843855	0.29238309	
502.4	0.29813995	0.29221419	
502.6	0.29829979	0.29204539	
502.8	0.29785414	0.29187669	
503	0.29756454	0.29170809	
503.2	0.29699217	0.29153959	
503.4	0.29685163	0.29137118	
503.6	0.29704323	0.29120287	
503.8	0.29713567	0.29103466	
504	0.29710193	0.29086654	
504.2	0.2971215	0.29069852	
504.4	0.29683073	0.2905306	
504.6	0.2971884	0.29036278	
504.8	0.29702332	0.29019505	
505	0.29651801	0.29002742	
505.2	0.29622533	0.28985988	
505.4	0.29592721	0.28969245	
505.6	0.29533191	0.28952511	
505.8	0.29506302	0.28935786	
506	0.29502044	0.28919071	
506.2	0.29465998	0.28902366	
506.4	0.29433886	0.28885671	
506.6	0.29394111	0.28868985	
506.8	0.29340007	0.28852309	
507	0.29299606	0.28835643	
507.2	0.29303164	0.28818986	
507.4	0.29353814	0.28802338	
507.6	0.29320949	0.28785701	
507.8	0.29286587	0.28769073	
508	0.29307512	0.28752454	
508.2	0.29326322	0.28735846	
508.4	0.29378224	0.28719246	
508.6	0.29434539	0.28702657	
508.8	0.29370565	0.28686077	
509	0.29407727	0.28669506	
509.2	0.29412861	0.28652945	
509.4	0.29437436	0.28636394	
509.6	0.29482767	0.28619852	
509.8	0.2954557	0.2860332	
510	0.29608189	0.28586797	
510.2	0.29604943	0.28570284	
510.4	0.29600397	0.28553781	
510.6	0.29539668	0.28537286	
510.8	0.29503347	0.28520802	
511	0.29447917	0.28504327	
511.2	0.29418774	0.28487861	
511.4	0.29349896	0.28471405	
511.6	0.29233652	0.28454959	
511.8	0.29220215	0.28438522	
512	0.29193656	0.28422095	
512.2	0.2922283	0.28405677	
512.4	0.29200672	0.28389268	
512.6	0.29167147	0.28372869	
512.8	0.29106522	0.28356479	
513	0.29091209	0.28340099	
513.2	0.29085091	0.28323729	
513.4	0.29128418	0.28307368	
513.6	0.29169135	0.28291016	
513.8	0.29206224	0.28274674	
514	0.29226485	0.28258341	
514.2	0.29200112	0.28242017	
514.4	0.29154804	0.28225703	
514.6	0.29121729	0.28209399	
514.8	0.29111967	0.28193104	
515	0.29139045	0.28176818	
515.2	0.29156989	0.28160542	
515.4	0.29153202	0.28144275	
515.6	0.29216718	0.28128017	
515.8	0.29234368	0.28111769	
516	0.29245704	0.2809553	
516.2	0.29286545	0.28079301	
516.4	0.29263557	0.28063081	
516.6	0.29230242	0.28046871	
516.8	0.29203655	0.28030669	
517	0.29171628	0.28014477	
517.2	0.29121703	0.27998295	
517.4	0.29099652	0.27982122	
517.6	0.2907991	0.27965958	
517.8	0.29062804	0.27949803	
518	0.2898977	0.27933658	
518.2	0.28914339	0.27917522	
518.4	0.28841687	0.27901396	
518.6	0.28837414	0.27885279	
518.8	0.28856328	0.27869171	
519	0.2889393	0.27853072	
519.2	0.28897314	0.27836983	
519.4	0.28941753	0.27820903	
519.6	0.29000425	0.27804832	
519.8	0.29002031	0.27788771	
520	0.29030553	0.27772719	
520.2	0.29056828	0.27756676	
520.4	0.29064914	0.27740642	
520.6	0.29064406	0.27724618	
520.8	0.29066943	0.27708603	
521	0.2897856	0.27692597	
521.2	0.28918705	0.276766	
521.4	0.28882372	0.27660613	
521.6	0.28875095	0.27644635	
521.8	0.28817239	0.27628666	
522	0.28775813	0.27612706	
522.2	0.2875901	0.27596756	
522.4	0.28705396	0.27580814	
522.6	0.28717888	0.27564882	
522.8	0.28715338	0.2754896	
523	0.28679642	0.27533046	
523.2	0.28678057	0.27517142	
523.4	0.2864961	0.27501246	
523.6	0.28667748	0.2748536	
523.8	0.28644431	0.27469483	
524	0.2866722	0.27453616	
524.2	0.2872968	0.27437757	
524.4	0.28706117	0.27421908	
524.6	0.28715013	0.27406067	
524.8	0.28663895	0.27390236	
525	0.28645488	0.27374414	
525.2	0.28675559	0.27358602	
525.4	0.28675004	0.27342798	
525.6	0.28761214	0.27327003	
525.8	0.28729521	0.27311218	
526	0.2872744	0.27295442	
526.2	0.28689318	0.27279675	
526.4	0.28694362	0.27263917	
526.6	0.28706065	0.27248168	
526.8	0.28701505	0.27232428	
527	0.28618703	0.27216697	
527.2	0.28619567	0.27200975	
527.4	0.28586204	0.27185263	
527.6	0.28613664	0.27169559	
527.8	0.28586293	0.27153865	
528	0.2860988	0.27138179	
528.2	0.28624226	0.27122503	
528.4	0.28545716	0.27106836	
528.6	0.28546517	0.27091177	
528.8	0.28502199	0.27075528	
529	0.28494119	0.27059888	
529.2	0.28464727	0.27044257	
529.4	0.28443819	0.27028635	
529.6	0.28456277	0.27013022	
529.8	0.28390646	0.26997418	
530	0.2838534	0.26981823	
530.2	0.28392299	0.26966237	
530.4	0.28435359	0.2695066	
530.6	0.28465403	0.26935092	
530.8	0.28511483	0.26919533	
531	0.28471886	0.26903983	
531.2	0.28498209	0.26888442	
531.4	0.28470636	0.26872909	
531.6	0.28482694	0.26857386	
531.8	0.28462015	0.26841872	
532	0.28467072	0.26826367	
532.2	0.28417998	0.26810871	
532.4	0.28303959	0.26795384	
532.6	0.28321509	0.26779905	
532.8	0.28242022	0.26764436	
533	0.28206971	0.26748975	
533.2	0.28173528	0.26733524	
533.4	0.28121363	0.26718081	
533.6	0.28087964	0.26702648	
533.8	0.28076353	0.26687223	
534	0.2809614	0.26671807	
534.2	0.28132388	0.266564	
534.4	0.2817525	0.26641002	
534.6	0.282089	0.26625613	
534.8	0.28240166	0.26610233	
535	0.28196675	0.26594861	
535.2	0.28262271	0.26579499	
535.4	0.28270611	0.26564145	
535.6	0.28339991	0.265488	
535.8	0.28345499	0.26533465	
536	0.28384267	0.26518138	
536.2	0.28347937	0.26502819	
536.4	0.28351857	0.2648751	
536.6	0.28382805	0.2647221	
536.8	0.28330361	0.26456918	
537	0.28312319	0.26441635	
537.2	0.28282996	0.26426361	
537.4	0.28233144	0.26411096	
537.6	0.28222413	0.2639584	
537.8	0.2820151	0.26380592	
538	0.2817002	0.26365353	
538.2	0.28154591	0.26350123	
538.4	0.28139335	0.26334902	
538.6	0.28151103	0.2631969	
538.8	0.28171944	0.26304487	
539	0.28187405	0.26289292	
539.2	0.28270513	0.26274106	
539.4	0.28268687	0.26258929	
539.6	0.28332664	0.2624376	
539.8	0.28356265	0.262286	
