Conc1	1.05E-08	
Start1	300	
Stop1	539.8	
Kobs	0.020728509426292	
Error Kobs	0.000145956936607414	
Koff	0	
Error Koff	0	
Time1	Data1	Fit1	
300	-0.00142151	0	
300.2	-0.00195906	0.00026884	
300.4	-0.00225964	0.00053656	
300.6	-0.00242534	0.00080316	
300.8	-0.00187218	0.00106865	
301	-0.00180251	0.00133303	
301.2	-0.0011579	0.0015963	
301.4	-0.00128619	0.00185847	
301.6	-0.00085929	0.00211955	
301.8	-0.00038592	0.00237954	
302	0.00014497	0.00263844	
302.2	0.00097614	0.00289625	
302.4	0.00184651	0.00315299	
302.6	0.00234967	0.00340866	
302.8	0.00328859	0.00366326	
303	0.00330556	0.0039168	
303.2	0.00384483	0.00416927	
303.4	0.0044305	0.00442069	
303.6	0.00486736	0.00467106	
303.8	0.00535555	0.00492038	
304	0.00523128	0.00516866	
304.2	0.00522001	0.00541591	
304.4	0.00563795	0.00566212	
304.6	0.00595939	0.0059073	
304.8	0.00661384	0.00615146	
305	0.00633684	0.00639459	
305.2	0.00635422	0.00663672	
305.4	0.0061658	0.00687782	
305.6	0.00635618	0.00711793	
305.8	0.00667083	0.00735702	
306	0.00682858	0.00759512	
306.2	0.00743687	0.00783223	
306.4	0.00788567	0.00806834	
306.6	0.00820041	0.00830347	
306.8	0.00833757	0.00853761	
307	0.0087166	0.00877077	
307.2	0.00865973	0.00900296	
307.4	0.00889547	0.00923418	
307.6	0.00990212	0.00946444	
307.8	0.01027148	0.00969373	
308	0.01052445	0.00992206	
308.2	0.01049503	0.01014944	
308.4	0.01078167	0.01037587	
308.6	0.01069099	0.01060136	
308.8	0.01103251	0.0108259	
309	0.01078668	0.0110495	
309.2	0.01056419	0.01127217	
309.4	0.01048153	0.01149391	
309.6	0.01067762	0.01171472	
309.8	0.01129472	0.0119346	
310	0.01147467	0.01215357	
310.2	0.01224789	0.01237163	
310.4	0.01251162	0.01258877	
310.6	0.01262405	0.01280501	
310.8	0.01252558	0.01302034	
311	0.01289314	0.01323477	
311.2	0.01255772	0.01344831	
311.4	0.01358753	0.01366095	
311.6	0.01464162	0.0138727	
311.8	0.01491938	0.01408357	
312	0.01515503	0.01429356	
312.2	0.01518759	0.01450267	
312.4	0.0158433	0.01471091	
312.6	0.0156313	0.01491828	
312.8	0.01565336	0.01512478	
313	0.01548038	0.01533042	
313.2	0.01514692	0.0155352	
313.4	0.01514064	0.01573912	
313.6	0.01602733	0.01594219	
313.8	0.0162235	0.01614441	
314	0.01676857	0.01634579	
314.2	0.01652537	0.01654632	
314.4	0.01600824	0.01674602	
314.6	0.01584537	0.01694488	
314.8	0.01614663	0.01714291	
315	0.01646076	0.01734012	
315.2	0.01642249	0.0175365	
315.4	0.01694428	0.01773206	
315.6	0.01726288	0.0179268	
315.8	0.01711014	0.01812073	
316	0.01733401	0.01831384	
316.2	0.01745237	0.01850615	
316.4	0.01796621	0.01869766	
316.6	0.01820008	0.01888837	
316.8	0.01878585	0.01907828	
317	0.01940305	0.01926739	
317.2	0.02016982	0.01945572	
317.4	0.02085723	0.01964326	
317.6	0.02165419	0.01983001	
317.8	0.02187456	0.02001599	
318	0.02235101	0.02020119	
318.2	0.02144094	0.02038561	
318.4	0.02109893	0.02056926	
318.6	0.0211433	0.02075215	
318.8	0.02149331	0.02093427	
319	0.02073723	0.02111563	
319.2	0.02061059	0.02129623	
319.4	0.02021738	0.02147608	
319.6	0.01958117	0.02165517	
319.8	0.01970014	0.02183352	
320	0.02030659	0.02201112	
320.2	0.02072068	0.02218798	
320.4	0.02151842	0.0223641	
320.6	0.02209178	0.02253949	
320.8	0.02213875	0.02271414	
321	0.02276264	0.02288806	
321.2	0.02317361	0.02306126	
321.4	0.02326297	0.02323373	
321.6	0.02342727	0.02340548	
321.8	0.02308915	0.02357651	
322	0.02313573	0.02374683	
322.2	0.02311297	0.02391644	
322.4	0.02289615	0.02408534	
322.6	0.02346932	0.02425353	
322.8	0.02366718	0.02442102	
323	0.02344077	0.02458781	
323.2	0.0238479	0.0247539	
323.4	0.02345451	0.0249193	
323.6	0.02350434	0.025084	
323.8	0.02428255	0.02524802	
324	0.02442481	0.02541135	
324.2	0.02428283	0.025574	
324.4	0.02485231	0.02573598	
324.6	0.02464321	0.02589727	
324.8	0.02447308	0.02605789	
325	0.02502486	0.02621784	
325.2	0.02460181	0.02637712	
325.4	0.02485592	0.02653573	
325.6	0.02534388	0.02669368	
325.8	0.02586705	0.02685098	
326	0.02629129	0.02700761	
326.2	0.02676359	0.02716359	
326.4	0.02627396	0.02731892	
326.6	0.02675161	0.0274736	
326.8	0.02684337	0.02762763	
327	0.02717533	0.02778102	
327.2	0.02711362	0.02793377	
327.4	0.02699972	0.02808588	
327.6	0.02674518	0.02823735	
327.8	0.02760247	0.02838819	
328	0.02779526	0.0285384	
328.2	0.02823511	0.02868798	
328.4	0.02905748	0.02883694	
328.6	0.02935206	0.02898528	
328.8	0.02985731	0.02913299	
329	0.03000801	0.02928009	
329.2	0.0299664	0.02942657	
329.4	0.03037467	0.02957244	
329.6	0.03096802	0.02971771	
329.8	0.0306953	0.02986236	
330	0.03054345	0.03000641	
330.2	0.03032582	0.03014986	
330.4	0.02974324	0.03029271	
330.6	0.02961793	0.03043496	
330.8	0.0297171	0.03057661	
331	0.02958959	0.03071768	
331.2	0.02947808	0.03085816	
331.4	0.02909286	0.03099804	
331.6	0.02901768	0.03113735	
331.8	0.02940293	0.03127607	
332	0.02931938	0.03141421	
332.2	0.03009989	0.03155178	
332.4	0.03036009	0.03168877	
332.6	0.03060145	0.03182518	
332.8	0.03037533	0.03196103	
333	0.0300347	0.03209631	
333.2	0.0303922	0.03223103	
333.4	0.0304963	0.03236518	
333.6	0.03065806	0.03249877	
333.8	0.03047866	0.0326318	
334	0.03133689	0.03276428	
334.2	0.03140588	0.0328962	
334.4	0.03207567	0.03302757	
334.6	0.03268557	0.03315839	
334.8	0.03333721	0.03328867	
335	0.03360799	0.0334184	
335.2	0.03366234	0.03354759	
335.4	0.03336601	0.03367624	
335.6	0.0333715	0.03380435	
335.8	0.03331531	0.03393193	
336	0.03402189	0.03405897	
336.2	0.03446823	0.03418548	
336.4	0.03429102	0.03431147	
336.6	0.03428345	0.03443693	
336.8	0.03453324	0.03456186	
337	0.03478336	0.03468627	
337.2	0.03479753	0.03481016	
337.4	0.03443545	0.03493353	
337.6	0.03419292	0.03505639	
337.8	0.03417573	0.03517874	
338	0.03458194	0.03530057	
338.2	0.03509279	0.03542189	
338.4	0.03515625	0.03554271	
338.6	0.03527381	0.03566302	
338.8	0.03533161	0.03578283	
339	0.03509661	0.03590214	
339.2	0.03417001	0.03602095	
339.4	0.03356919	0.03613926	
339.6	0.03320539	0.03625708	
339.8	0.03346934	0.03637441	
340	0.03357819	0.03649125	
340.2	0.03357421	0.03660759	
340.4	0.03381353	0.03672346	
340.6	0.03422584	0.03683883	
340.8	0.03491991	0.03695373	
341	0.03503052	0.03706814	
341.2	0.03496488	0.03718208	
341.4	0.03533097	0.03729554	
341.6	0.03583611	0.03740853	
341.8	0.03627494	0.03752104	
342	0.03690765	0.03763309	
342.2	0.03759811	0.03774467	
342.4	0.03777357	0.03785578	
342.6	0.03788813	0.03796642	
342.8	0.03813932	0.0380766	
343	0.03804096	0.03818633	
343.2	0.03757749	0.03829559	
343.4	0.03783319	0.0384044	
343.6	0.03775303	0.03851275	
343.8	0.03810309	0.03862065	
344	0.03762237	0.0387281	
344.2	0.03752777	0.0388351	
344.4	0.03728747	0.03894166	
344.6	0.03731436	0.03904776	
344.8	0.03724345	0.03915343	
345	0.03684629	0.03925865	
345.2	0.03697473	0.03936343	
345.4	0.03706304	0.03946778	
345.6	0.03730004	0.03957169	
345.8	0.03736792	0.03967516	
346	0.03762646	0.03977821	
346.2	0.03794702	0.03988082	
346.4	0.03836757	0.039983	
346.6	0.03872912	0.04008476	
346.8	0.03949565	0.04018609	
347	0.03991499	0.040287	
347.2	0.0403649	0.04038748	
347.4	0.04089931	0.04048755	
347.6	0.04134799	0.0405872	
347.8	0.04180212	0.04068643	
348	0.04163967	0.04078524	
348.2	0.04142259	0.04088365	
348.4	0.04130678	0.04098164	
348.6	0.04122098	0.04107922	
348.8	0.04131332	0.0411764	
349	0.04115051	0.04127317	
349.2	0.04151747	0.04136953	
349.4	0.04173394	0.04146549	
349.6	0.04204516	0.04156106	
349.8	0.04190007	0.04165622	
350	0.0417469	0.04175098	
350.2	0.04198815	0.04184535	
350.4	0.04197726	0.04193932	
350.6	0.04237589	0.0420329	
350.8	0.04178282	0.04212609	
351	0.04189128	0.04221889	
351.2	0.04166048	0.04231131	
351.4	0.04169172	0.04240333	
351.6	0.04150088	0.04249497	
351.8	0.04144675	0.04258623	
352	0.04146364	0.04267711	
352.2	0.04128198	0.04276761	
352.4	0.04146116	0.04285773	
352.6	0.04148014	0.04294747	
352.8	0.04244202	0.04303684	
353	0.0432257	0.04312583	
353.2	0.04433986	0.04321446	
353.4	0.04477112	0.04330271	
353.6	0.04518298	0.04339059	
353.8	0.045171	0.04347811	
354	0.04535219	0.04356526	
354.2	0.04593166	0.04365204	
354.4	0.04601977	0.04373847	
354.6	0.04626065	0.04382453	
354.8	0.0456783	0.04391023	
355	0.04535033	0.04399558	
355.2	0.04504744	0.04408056	
355.4	0.04492674	0.0441652	
355.6	0.04442448	0.04424948	
355.8	0.04463975	0.0443334	
356	0.04403172	0.04441698	
356.2	0.04403188	0.04450021	
356.4	0.04382811	0.04458308	
356.6	0.04408491	0.04466562	
356.8	0.04488109	0.0447478	
357	0.04532599	0.04482965	
357.2	0.04496448	0.04491115	
357.4	0.04487391	0.04499231	
357.6	0.04453523	0.04507314	
357.8	0.04436107	0.04515362	
358	0.04485244	0.04523377	
358.2	0.04513114	0.04531358	
358.4	0.0450687	0.04539306	
358.6	0.04543843	0.04547221	
358.8	0.04537661	0.04555103	
359	0.04523148	0.04562951	
359.2	0.04542462	0.04570767	
359.4	0.04512018	0.04578551	
359.6	0.04507723	0.04586302	
359.8	0.04558625	0.0459402	
360	0.04538871	0.04601706	
360.2	0.04571299	0.0460936	
360.4	0.04604568	0.04616982	
360.6	0.04654594	0.04624572	
360.8	0.04673347	0.04632131	
361	0.04640603	0.04639658	
361.2	0.04585159	0.04647153	
361.4	0.04612942	0.04654617	
361.6	0.0460669	0.0466205	
361.8	0.04674142	0.04669452	
362	0.04705625	0.04676823	
362.2	0.0472144	0.04684163	
362.4	0.04738356	0.04691472	
362.6	0.04767155	0.04698751	
362.8	0.04764115	0.04706	
363	0.04731577	0.04713218	
363.2	0.04687273	0.04720406	
363.4	0.04633955	0.04727564	
363.6	0.04671225	0.04734692	
363.8	0.04698496	0.0474179	
364	0.04661438	0.04748859	
364.2	0.04650978	0.04755898	
364.4	0.04680227	0.04762908	
364.6	0.0463091	0.04769888	
364.8	0.04615066	0.04776839	
365	0.04606083	0.04783761	
365.2	0.04557029	0.04790654	
365.4	0.04622561	0.04797519	
365.6	0.04656663	0.04804355	
365.8	0.04654879	0.04811162	
366	0.04665812	0.0481794	
366.2	0.04702772	0.04824691	
366.4	0.04720133	0.04831413	
366.6	0.04763343	0.04838107	
366.8	0.04811764	0.04844773	
367	0.04812762	0.04851411	
367.2	0.04849074	0.04858022	
367.4	0.04870383	0.04864605	
367.6	0.04955546	0.0487116	
367.8	0.04950639	0.04877688	
368	0.04930905	0.04884189	
368.2	0.04919022	0.04890662	
368.4	0.04936231	0.04897109	
368.6	0.04907038	0.04903528	
368.8	0.04893107	0.04909921	
369	0.04851032	0.04916287	
369.2	0.04755722	0.04922626	
369.4	0.04755351	0.04928939	
369.6	0.04718179	0.04935226	
369.8	0.04686973	0.04941486	
370	0.04691918	0.0494772	
370.2	0.04730933	0.04953928	
370.4	0.04756903	0.0496011	
370.6	0.04799952	0.04966267	
370.8	0.04828422	0.04972397	
371	0.04858258	0.04978502	
371.2	0.0490794	0.04984582	
371.4	0.04960227	0.04990635	
371.6	0.04985689	0.04996664	
371.8	0.04986161	0.05002668	
372	0.04999926	0.05008646	
372.2	0.0499882	0.050146	
372.4	0.05003762	0.05020528	
372.6	0.05014942	0.05026432	
372.8	0.05031559	0.05032311	
373	0.05022324	0.05038166	
373.2	0.04997271	0.05043996	
373.4	0.05015386	0.05049801	
373.6	0.05037341	0.05055583	
373.8	0.05048928	0.0506134	
374	0.05086935	0.05067073	
374.2	0.05054244	0.05072783	
374.4	0.0501426	0.05078468	
374.6	0.050418	0.0508413	
374.8	0.05045945	0.05089768	
375	0.05052858	0.05095382	
375.2	0.05033772	0.05100973	
375.4	0.05034075	0.05106541	
375.6	0.05023431	0.05112085	
375.8	0.05055619	0.05117606	
376	0.050698	0.05123104	
376.2	0.05098671	0.05128579	
376.4	0.05099524	0.05134031	
376.6	0.05143629	0.05139461	
376.8	0.05151479	0.05144868	
377	0.05107238	0.05150252	
377.2	0.05061533	0.05155614	
377.4	0.05076345	0.05160953	
377.6	0.05070743	0.0516627	
377.8	0.05036813	0.05171564	
378	0.05041916	0.05176837	
378.2	0.04974419	0.05182088	
378.4	0.05037165	0.05187316	
378.6	0.05080678	0.05192523	
378.8	0.05131974	0.05197708	
379	0.05140371	0.05202871	
379.2	0.05114667	0.05208013	
379.4	0.05163282	0.05213133	
379.6	0.05203621	0.05218232	
379.8	0.05248693	0.0522331	
380	0.05277788	0.05228366	
380.2	0.05307863	0.05233402	
380.4	0.05264172	0.05238416	
380.6	0.05308177	0.05243409	
380.8	0.05290259	0.05248381	
381	0.05213668	0.05253333	
381.2	0.05175967	0.05258264	
381.4	0.05186961	0.05263174	
381.6	0.05157062	0.05268064	
381.8	0.05167859	0.05272933	
382	0.0518687	0.05277782	
382.2	0.05129355	0.05282611	
382.4	0.05150421	0.05287419	
382.6	0.05128137	0.05292208	
382.8	0.05114368	0.05296976	
383	0.0510436	0.05301725	
383.2	0.05054129	0.05306454	
383.4	0.0507713	0.05311162	
383.6	0.05089685	0.05315852	
383.8	0.0516007	0.05320521	
384	0.05203493	0.05325171	
384.2	0.05227857	0.05329802	
384.4	0.05230508	0.05334413	
384.6	0.05299014	0.05339005	
384.8	0.05283211	0.05343578	
385	0.05248239	0.05348132	
385.2	0.0526739	0.05352667	
385.4	0.05281912	0.05357183	
385.6	0.05305555	0.0536168	
385.8	0.05356404	0.05366158	
386	0.05359042	0.05370617	
386.2	0.05343357	0.05375058	
386.4	0.05390076	0.0537948	
386.6	0.05409617	0.05383884	
386.8	0.05424912	0.05388269	
387	0.05509388	0.05392636	
387.2	0.05525723	0.05396985	
387.4	0.05602307	0.05401315	
387.6	0.0560568	0.05405628	
387.8	0.05603857	0.05409922	
388	0.05606069	0.05414199	
388.2	0.05630272	0.05418458	
388.4	0.05613319	0.05422698	
388.6	0.05605569	0.05426922	
388.8	0.05570245	0.05431127	
389	0.05516558	0.05435315	
389.2	0.0548925	0.05439485	
389.4	0.05413298	0.05443638	
389.6	0.05400431	0.05447774	
389.8	0.05386707	0.05451892	
390	0.05377706	0.05455993	
390.2	0.0536546	0.05460077	
390.4	0.05370919	0.05464144	
390.6	0.05329222	0.05468194	
390.8	0.05317144	0.05472227	
391	0.05370674	0.05476243	
391.2	0.05392762	0.05480243	
391.4	0.05390243	0.05484225	
391.6	0.05369931	0.05488191	
391.8	0.0541335	0.05492141	
392	0.05489393	0.05496074	
392.2	0.05510698	0.0549999	
392.4	0.05485379	0.0550389	
392.6	0.05488293	0.05507774	
392.8	0.0551176	0.05511642	
393	0.05475303	0.05515493	
393.2	0.0545275	0.05519329	
393.4	0.0539897	0.05523148	
393.6	0.05420542	0.05526951	
393.8	0.05415392	0.05530739	
394	0.05435045	0.0553451	
394.2	0.05454623	0.05538266	
394.4	0.05450378	0.05542006	
394.6	0.0545493	0.05545731	
394.8	0.05517696	0.0554944	
395	0.05596052	0.05553133	
395.2	0.0562836	0.05556811	
395.4	0.05632204	0.05560474	
395.6	0.05630588	0.05564121	
395.8	0.05603884	0.05567754	
396	0.05625817	0.0557137	
396.2	0.05582204	0.05574972	
396.4	0.05542308	0.05578559	
396.6	0.05536579	0.05582131	
396.8	0.05569649	0.05585688	
397	0.05539749	0.0558923	
397.2	0.05516129	0.05592757	
397.4	0.05548246	0.05596269	
397.6	0.05590911	0.05599767	
397.8	0.05603256	0.0560325	
398	0.05624826	0.05606719	
398.2	0.05620154	0.05610173	
398.4	0.0564194	0.05613613	
398.6	0.05655852	0.05617038	
398.8	0.05675911	0.05620449	
399	0.05669697	0.05623846	
399.2	0.05591347	0.05627228	
399.4	0.0555401	0.05630597	
399.6	0.05548587	0.05633951	
399.8	0.05532514	0.05637291	
400	0.0559616	0.05640618	
400.2	0.05608671	0.0564393	
400.4	0.05643909	0.05647229	
400.6	0.056971	0.05650514	
400.8	0.05724369	0.05653785	
401	0.0576138	0.05657042	
401.2	0.05826257	0.05660286	
401.4	0.05890964	0.05663516	
401.6	0.0591226	0.05666733	
401.8	0.059476	0.05669936	
402	0.05935229	0.05673126	
402.2	0.05901033	0.05676303	
402.4	0.05911548	0.05679466	
402.6	0.05850136	0.05682616	
402.8	0.05832902	0.05685753	
403	0.05817744	0.05688877	
403.2	0.05776225	0.05691988	
403.4	0.05777206	0.05695085	
403.6	0.05789889	0.0569817	
403.8	0.05800067	0.05701242	
404	0.05818739	0.05704301	
404.2	0.05833673	0.05707348	
404.4	0.05786546	0.05710381	
404.6	0.05755205	0.05713402	
404.8	0.05751312	0.0571641	
405	0.05782316	0.05719406	
405.2	0.05744551	0.05722389	
405.4	0.0576492	0.0572536	
405.6	0.05816984	0.05728318	
405.8	0.05830267	0.05731264	
406	0.05767518	0.05734198	
406.2	0.05792734	0.05737119	
406.4	0.05779931	0.05740029	
406.6	0.0582579	0.05742926	
406.8	0.05859958	0.0574581	
407	0.05907633	0.05748683	
407.2	0.05911275	0.05751544	
407.4	0.05908109	0.05754393	
407.6	0.05907388	0.0575723	
407.8	0.05865293	0.05760055	
408	0.05839453	0.05762869	
408.2	0.05828309	0.0576567	
408.4	0.05779854	0.0576846	
408.6	0.0577773	0.05771238	
408.8	0.05768495	0.05774005	
409	0.05757346	0.0577676	
409.2	0.05741462	0.05779503	
409.4	0.05796614	0.05782235	
409.6	0.05765728	0.05784956	
409.8	0.05763832	0.05787665	
410	0.05741019	0.05790363	
410.2	0.05756333	0.0579305	
410.4	0.05719721	0.05795725	
410.6	0.05767313	0.0579839	
410.8	0.05738714	0.05801043	
411	0.0576291	0.05803685	
411.2	0.0576346	0.05806316	
411.4	0.05701541	0.05808936	
411.6	0.05717427	0.05811545	
411.8	0.05722121	0.05814143	
412	0.05823747	0.0581673	
412.2	0.05873073	0.05819307	
412.4	0.059092	0.05821872	
412.6	0.06009501	0.05824427	
412.8	0.06078916	0.05826972	
413	0.0612983	0.05829505	
413.2	0.06187557	0.05832029	
413.4	0.06226665	0.05834541	
413.6	0.06247044	0.05837043	
413.8	0.06303907	0.05839535	
414	0.06279931	0.05842016	
414.2	0.0623776	0.05844487	
414.4	0.06191994	0.05846947	
414.6	0.06179776	0.05849397	
414.8	0.06144512	0.05851837	
415	0.06086432	0.05854267	
415.2	0.06019115	0.05856687	
415.4	0.05949884	0.05859096	
415.6	0.05944865	0.05861496	
415.8	0.05911957	0.05863885	
416	0.05916166	0.05866265	
416.2	0.05906428	0.05868634	
416.4	0.0590049	0.05870994	
416.6	0.05890229	0.05873343	
416.8	0.05896549	0.05875683	
417	0.05922789	0.05878013	
417.2	0.05926227	0.05880334	
417.4	0.05940985	0.05882644	
417.6	0.05938828	0.05884945	
417.8	0.05999936	0.05887237	
418	0.0604033	0.05889519	
418.2	0.06064084	0.05891791	
418.4	0.06096149	0.05894054	
418.6	0.06146215	0.05896307	
418.8	0.06145479	0.05898551	
419	0.06136409	0.05900786	
419.2	0.06140786	0.05903011	
419.4	0.06139855	0.05905227	
419.6	0.06127106	0.05907433	
419.8	0.0612122	0.05909631	
420	0.05656875	0.0591183	
420.2	0.056844	0.05887372	
420.4	0.05709892	0.05863015	
420.6	0.05709792	0.05838759	
420.8	0.0568294	0.05814604	
421	0.05642242	0.05790548	
421.2	0.05594279	0.05766592	
421.4	0.05511057	0.05742735	
421.6	0.05452112	0.05718976	
421.8	0.05379328	0.05695316	
422	0.05320778	0.05671754	
422.2	0.05277347	0.05648289	
422.4	0.05221746	0.05624922	
422.6	0.05214559	0.05601651	
422.8	0.05229032	0.05578476	
423	0.05271682	0.05555397	
423.2	0.05227835	0.05532414	
423.4	0.05180927	0.05509526	
423.6	0.05170506	0.05486732	
423.8	0.05176186	0.05464033	
424	0.05211166	0.05441427	
424.2	0.05223926	0.05418916	
424.4	0.05235416	0.05396497	
424.6	0.05190375	0.05374171	
424.8	0.05149714	0.05351937	
425	0.05091016	0.05329796	
425.2	0.05075872	0.05307746	
425.4	0.05002315	0.05285787	
425.6	0.05012605	0.05263919	
425.8	0.04916877	0.05242142	
426	0.04865784	0.05220454	
426.2	0.04812229	0.05198856	
426.4	0.04778215	0.05177348	
426.6	0.04705442	0.05155929	
426.8	0.04686644	0.05134598	
427	0.04605486	0.05113356	
427.2	0.04562738	0.05092201	
427.4	0.04558589	0.05071134	
427.6	0.04560168	0.05050154	
427.8	0.04563146	0.05029261	
428	0.04541651	0.05008454	
428.2	0.04549044	0.04987734	
428.4	0.0460077	0.04967099	
428.6	0.04552614	0.0494655	
428.8	0.04593507	0.04926085	
429	0.046024	0.04905705	
429.2	0.04713825	0.0488541	
429.4	0.04705582	0.04865198	
429.6	0.04743289	0.0484507	
429.8	0.04675798	0.04825026	
430	0.04701759	0.04805064	
430.2	0.04684646	0.04785185	
430.4	0.04664869	0.04765388	
430.6	0.0453807	0.04745673	
430.8	0.04606425	0.0472604	
431	0.04532188	0.04706487	
431.2	0.04548581	0.04687016	
431.4	0.04538249	0.04667625	
431.6	0.04474075	0.04648315	
431.8	0.04455299	0.04629084	
432	0.04446	0.04609933	
432.2	0.04402195	0.04590861	
432.4	0.04358458	0.04571868	
432.6	0.04280124	0.04552954	
432.8	0.04258989	0.04534118	
433	0.04195686	0.0451536	
433.2	0.0424101	0.04496679	
433.4	0.04191531	0.04478076	
433.6	0.04150832	0.04459549	
433.8	0.04142377	0.044411	
434	0.04147597	0.04422726	
434.2	0.0411979	0.04404429	
434.4	0.04088794	0.04386207	
434.6	0.0404725	0.04368061	
434.8	0.04107696	0.0434999	
435	0.04101785	0.04331993	
435.2	0.04160865	0.04314071	
435.4	0.04117574	0.04296224	
435.6	0.04143872	0.0427845	
435.8	0.04137657	0.04260749	
436	0.04175966	0.04243122	
436.2	0.04162806	0.04225568	
436.4	0.04190816	0.04208086	
436.6	0.04192656	0.04190677	
436.8	0.04127913	0.04173339	
437	0.04087635	0.04156074	
437.2	0.04077843	0.04138879	
437.4	0.04012738	0.04121756	
437.6	0.03960479	0.04104704	
437.8	0.03938268	0.04087723	
438	0.03897357	0.04070811	
438.2	0.0387942	0.0405397	
438.4	0.03874229	0.04037198	
438.6	0.03881068	0.04020496	
438.8	0.03889674	0.04003862	
439	0.03967998	0.03987298	
439.2	0.03945064	0.03970802	
439.4	0.03929914	0.03954374	
439.6	0.03929761	0.03938015	
439.8	0.03937717	0.03921722	
440	0.03960145	0.03905498	
440.2	0.03996648	0.0388934	
440.4	0.03988014	0.0387325	
440.6	0.03982406	0.03857226	
440.8	0.03912754	0.03841268	
441	0.03858842	0.03825376	
441.2	0.03816618	0.0380955	
441.4	0.03774475	0.03793789	
441.6	0.03736711	0.03778094	
441.8	0.0370393	0.03762464	
442	0.03688816	0.03746898	
442.2	0.03700797	0.03731396	
442.4	0.0370106	0.03715959	
442.6	0.03676552	0.03700586	
442.8	0.03658339	0.03685276	
443	0.03724833	0.0367003	
443.2	0.03668966	0.03654846	
443.4	0.03601345	0.03639726	
443.6	0.03556109	0.03624668	
443.8	0.03571233	0.03609672	
444	0.03535492	0.03594738	
444.2	0.03571423	0.03579867	
444.4	0.03531683	0.03565056	
444.6	0.03538775	0.03550307	
444.8	0.03512571	0.03535619	
445	0.0351962	0.03520992	
445.2	0.03480011	0.03506425	
445.4	0.03468379	0.03491919	
445.6	0.03406483	0.03477472	
445.8	0.03440582	0.03463085	
446	0.03401526	0.03448758	
446.2	0.03430504	0.0343449	
446.4	0.03438445	0.03420281	
446.6	0.03413994	0.03406131	
446.8	0.03397971	0.0339204	
447	0.03405833	0.03378006	
447.2	0.03350439	0.03364031	
447.4	0.03354184	0.03350114	
447.6	0.03349125	0.03336254	
447.8	0.03290114	0.03322451	
448	0.0329124	0.03308706	
448.2	0.03273489	0.03295018	
448.4	0.03235142	0.03281386	
448.6	0.03236379	0.0326781	
448.8	0.03214585	0.03254291	
449	0.03201457	0.03240827	
449.2	0.03129679	0.0322742	
449.4	0.03144812	0.03214068	
449.6	0.03121038	0.03200771	
449.8	0.03160589	0.03187529	
450	0.03133573	0.03174341	
450.2	0.03182868	0.03161209	
450.4	0.03194014	0.0314813	
450.6	0.03191429	0.03135106	
450.8	0.03168751	0.03122136	
451	0.03172168	0.03109219	
451.2	0.03148635	0.03096356	
451.4	0.03130559	0.03083546	
451.6	0.03076982	0.03070789	
451.8	0.03056757	0.03058085	
452	0.03023428	0.03045433	
452.2	0.03040678	0.03032834	
452.4	0.03037379	0.03020287	
452.6	0.03041045	0.03007791	
452.8	0.03025403	0.02995348	
453	0.03006508	0.02982956	
453.2	0.03017397	0.02970615	
453.4	0.03035963	0.02958325	
453.6	0.03013411	0.02946086	
453.8	0.03031301	0.02933898	
454	0.030531	0.0292176	
454.2	0.03141333	0.02909672	
454.4	0.03145089	0.02897635	
454.6	0.03167597	0.02885647	
454.8	0.03156485	0.02873708	
455	0.03180261	0.0286182	
455.2	0.03189911	0.0284998	
455.4	0.03163418	0.02838189	
455.6	0.03135879	0.02826447	
455.8	0.0306914	0.02814754	
456	0.03036352	0.02803109	
456.2	0.03026363	0.02791512	
456.4	0.0297726	0.02779963	
456.6	0.02949505	0.02768462	
456.8	0.02874205	0.02757009	
457	0.02782721	0.02745603	
457.2	0.02771717	0.02734244	
457.4	0.0267341	0.02722932	
457.6	0.02626603	0.02711667	
457.8	0.02614321	0.02700448	
458	0.02650237	0.02689276	
458.2	0.02747798	0.0267815	
458.4	0.02771646	0.02667071	
458.6	0.02802838	0.02656037	
458.8	0.02843404	0.02645048	
459	0.02894785	0.02634105	
459.2	0.02913854	0.02623208	
459.4	0.02887322	0.02612355	
459.6	0.02860406	0.02601548	
459.8	0.02837198	0.02590785	
460	0.02857761	0.02580066	
460.2	0.02816848	0.02569392	
460.4	0.02816022	0.02558762	
460.6	0.02748175	0.02548176	
460.8	0.02688564	0.02537634	
461	0.02642565	0.02527136	
461.2	0.02643844	0.02516681	
461.4	0.02608999	0.02506269	
461.6	0.02591629	0.024959	
461.8	0.0254613	0.02485574	
462	0.02594866	0.02475291	
462.2	0.0262102	0.02465051	
462.4	0.02627744	0.02454852	
462.6	0.02607361	0.02444696	
462.8	0.02614226	0.02434582	
463	0.02648321	0.0242451	
463.2	0.0258804	0.0241448	
463.4	0.02566766	0.02404491	
463.6	0.0255125	0.02394543	
463.8	0.02570757	0.02384637	
464	0.02569816	0.02374771	
464.2	0.0253009	0.02364946	
464.4	0.02563613	0.02355162	
464.6	0.02568155	0.02345419	
464.8	0.02578087	0.02335715	
465	0.02592152	0.02326052	
465.2	0.0263427	0.02316429	
465.4	0.02654446	0.02306846	
465.6	0.02639911	0.02297302	
465.8	0.02623932	0.02287798	
466	0.0265391	0.02278333	
466.2	0.02618423	0.02268907	
466.4	0.02668246	0.0225952	
466.6	0.02650753	0.02250173	
466.8	0.02605624	0.02240863	
467	0.02591011	0.02231593	
467.2	0.0255535	0.0222236	
467.4	0.02562428	0.02213166	
467.6	0.02560087	0.0220401	
467.8	0.02541193	0.02194892	
468	0.02496901	0.02185811	
468.2	0.02460781	0.02176768	
468.4	0.02469804	0.02167763	
468.6	0.02396207	0.02158794	
468.8	0.02367746	0.02149863	
469	0.02348327	0.02140969	
469.2	0.02352264	0.02132111	
469.4	0.02326304	0.02123291	
469.6	0.02310747	0.02114506	
469.8	0.02299002	0.02105758	
470	0.02317843	0.02097047	
470.2	0.02310324	0.02088371	
470.4	0.02372653	0.02079731	
470.6	0.02357005	0.02071127	
470.8	0.02356661	0.02062558	
471	0.02390533	0.02054025	
471.2	0.0239743	0.02045528	
471.4	0.02377242	0.02037065	
471.6	0.02385095	0.02028637	
471.8	0.02360109	0.02020245	
472	0.02295788	0.02011887	
472.2	0.02249283	0.02003563	
472.4	0.02239705	0.01995274	
472.6	0.0213279	0.0198702	
472.8	0.02120339	0.01978799	
473	0.02068582	0.01970613	
473.2	0.02064084	0.0196246	
473.4	0.02077807	0.01954341	
473.6	0.02090152	0.01946256	
473.8	0.02081642	0.01938204	
474	0.02081995	0.01930185	
474.2	0.02076125	0.019222	
474.4	0.02091614	0.01914247	
474.6	0.02101821	0.01906328	
474.8	0.02093775	0.01898441	
475	0.02099874	0.01890587	
475.2	0.02096689	0.01882766	
475.4	0.0209914	0.01874976	
475.6	0.02101275	0.01867219	
475.8	0.02074064	0.01859494	
476	0.02050063	0.01851801	
476.2	0.02088437	0.0184414	
476.4	0.02111305	0.01836511	
476.6	0.02082521	0.01828913	
476.8	0.02145995	0.01821347	
477	0.02151867	0.01813811	
477.2	0.02158424	0.01806308	
477.4	0.02144128	0.01798835	
477.6	0.0211427	0.01791393	
477.8	0.02080299	0.01783981	
478	0.02023092	0.01776601	
478.2	0.01993561	0.01769251	
478.4	0.01973385	0.01761931	
478.6	0.01951821	0.01754642	
478.8	0.01970698	0.01747383	
479	0.01989658	0.01740154	
479.2	0.01997335	0.01732954	
479.4	0.01977738	0.01725785	
479.6	0.01983093	0.01718645	
479.8	0.01972559	0.01711535	
480	0.0198808	0.01704454	
480.2	0.01991791	0.01697403	
480.4	0.01966303	0.0169038	
480.6	0.01970249	0.01683387	
480.8	0.01930445	0.01676423	
481	0.01946992	0.01669487	
481.2	0.01955989	0.0166258	
481.4	0.01916195	0.01655702	
481.6	0.01898558	0.01648852	
481.8	0.01875572	0.0164203	
482	0.01877725	0.01635237	
482.2	0.01843847	0.01628472	
482.4	0.01860423	0.01621735	
482.6	0.0184096	0.01615026	
482.8	0.01916532	0.01608344	
483	0.01955411	0.0160169	
483.2	0.02003496	0.01595064	
483.4	0.01965966	0.01588465	
483.6	0.01918737	0.01581893	
483.8	0.01861146	0.01575349	
484	0.01809572	0.01568831	
484.2	0.01735745	0.01562341	
484.4	0.01648009	0.01555877	
484.6	0.0164796	0.0154944	
484.8	0.01604374	0.0154303	
485	0.0166498	0.01536646	
485.2	0.01674694	0.01530289	
485.4	0.01666462	0.01523958	
485.6	0.01680202	0.01517653	
485.8	0.01734757	0.01511375	
486	0.01732824	0.01505122	
486.2	0.01676561	0.01498895	
486.4	0.01715097	0.01492694	
486.6	0.01753588	0.01486518	
486.8	0.01852209	0.01480368	
487	0.01880361	0.01474244	
487.2	0.01874923	0.01468145	
487.4	0.01889865	0.01462071	
487.6	0.01906933	0.01456022	
487.8	0.01907959	0.01449998	
488	0.01888723	0.01444	
488.2	0.01872443	0.01438026	
488.4	0.01853565	0.01432076	
488.6	0.01905245	0.01426152	
488.8	0.01875216	0.01420252	
489	0.01887657	0.01414376	
489.2	0.01830167	0.01408524	
489.4	0.01791603	0.01402697	
489.6	0.01734694	0.01396894	
489.8	0.01666418	0.01391115	
490	0.01627542	0.0138536	
490.2	0.01573269	0.01379628	
490.4	0.01540731	0.01373921	
490.6	0.01470051	0.01368237	
490.8	0.01465962	0.01362576	
491	0.01433055	0.01356939	
491.2	0.01462523	0.01351325	
491.4	0.01540698	0.01345734	
491.6	0.01494711	0.01340167	
491.8	0.01522815	0.01334622	
492	0.01585526	0.01329101	
492.2	0.0160716	0.01323602	
492.4	0.01671917	0.01318126	
492.6	0.01673485	0.01312673	
492.8	0.01657244	0.01307243	
493	0.01659418	0.01301834	
493.2	0.01598315	0.01296448	
493.4	0.01583346	0.01291085	
493.6	0.0152666	0.01285744	
493.8	0.01505138	0.01280424	
494	0.01519565	0.01275127	
494.2	0.01465612	0.01269852	
494.4	0.01465854	0.01264598	
494.6	0.0146422	0.01259366	
494.8	0.01561271	0.01254156	
495	0.01580501	0.01248968	
495.2	0.01580777	0.012438	
495.4	0.01546507	0.01238655	
495.6	0.01564521	0.0123353	
495.8	0.01581726	0.01228427	
496	0.01589707	0.01223345	
496.2	0.01561817	0.01218284	
496.4	0.01557443	0.01213243	
496.6	0.01561943	0.01208224	
496.8	0.01539562	0.01203226	
497	0.01478307	0.01198248	
497.2	0.01420909	0.0119329	
497.4	0.01356333	0.01188354	
497.6	0.01333578	0.01183437	
497.8	0.0133138	0.01178541	
498	0.0132227	0.01173665	
498.2	0.01284733	0.0116881	
498.4	0.01289049	0.01163974	
498.6	0.01313807	0.01159159	
498.8	0.01305992	0.01154363	
499	0.01307023	0.01149588	
499.2	0.01273327	0.01144832	
499.4	0.01270029	0.01140095	
499.6	0.01273856	0.01135379	
499.8	0.01229257	0.01130681	
500	0.01263217	0.01126004	
500.2	0.01272327	0.01121345	
500.4	0.0131195	0.01116706	
500.6	0.01314761	0.01112086	
500.8	0.01274619	0.01107485	
501	0.0130068	0.01102903	
501.2	0.01337736	0.01098341	
501.4	0.01303192	0.01093797	
501.6	0.01345333	0.01089271	
501.8	0.01341561	0.01084765	
502	0.01355722	0.01080277	
502.2	0.01311587	0.01075808	
502.4	0.01282749	0.01071357	
502.6	0.01248494	0.01066925	
502.8	0.01207038	0.01062511	
503	0.01218621	0.01058115	
503.2	0.01196628	0.01053738	
503.4	0.01234802	0.01049378	
503.6	0.01256081	0.01045037	
503.8	0.01248081	0.01040713	
504	0.01265679	0.01036408	
504.2	0.0128132	0.0103212	
504.4	0.01250295	0.0102785	
504.6	0.01195594	0.01023598	
504.8	0.01226747	0.01019363	
505	0.01297846	0.01015146	
505.2	0.01279804	0.01010946	
505.4	0.01290487	0.01006764	
505.6	0.01300871	0.01002598	
505.8	0.01275864	0.00998451	
506	0.01281148	0.0099432	
506.2	0.01217282	0.00990206	
506.4	0.01175241	0.0098611	
506.6	0.0115139	0.0098203	
506.8	0.01116998	0.00977967	
507	0.01082998	0.00973921	
507.2	0.01136325	0.00969892	
507.4	0.01140608	0.00965879	
507.6	0.01068938	0.00961883	
507.8	0.01028882	0.00957904	
508	0.01039273	0.00953941	
508.2	0.01026793	0.00949995	
508.4	0.00996888	0.00946064	
508.6	0.01043682	0.0094215	
508.8	0.01022873	0.00938252	
509	0.01042386	0.00934371	
509.2	0.01026059	0.00930505	
509.4	0.01052119	0.00926656	
509.6	0.01023387	0.00922822	
509.8	0.0102706	0.00919004	
510	0.01016819	0.00915202	
510.2	0.01000304	0.00911416	
510.4	0.01046364	0.00907645	
510.6	0.01024608	0.0090389	
510.8	0.01005649	0.00900151	
511	0.00999778	0.00896427	
511.2	0.01078949	0.00892718	
511.4	0.01032964	0.00889025	
511.6	0.01034364	0.00885347	
511.8	0.01052619	0.00881684	
512	0.01066088	0.00878036	
512.2	0.01029963	0.00874404	
512.4	0.01094922	0.00870786	
512.6	0.01100178	0.00867184	
512.8	0.01060003	0.00863596	
513	0.01088422	0.00860023	
513.2	0.0110233	0.00856465	
513.4	0.01061273	0.00852922	
513.6	0.01043329	0.00849393	
513.8	0.00998954	0.00845879	
514	0.0094499	0.0084238	
514.2	0.00904759	0.00838895	
514.4	0.00915655	0.00835424	
514.6	0.00913051	0.00831968	
514.8	0.00964779	0.00828526	
515	0.00984823	0.00825098	
515.2	0.01050193	0.00821685	
515.4	0.01047521	0.00818285	
515.6	0.01069633	0.008149	
515.8	0.01057307	0.00811529	
516	0.01108735	0.00808171	
516.2	0.01091797	0.00804828	
516.4	0.01185711	0.00801498	
516.6	0.01197246	0.00798182	
516.8	0.01236942	0.0079488	
517	0.01233926	0.00791591	
517.2	0.01216755	0.00788316	
517.4	0.01194288	0.00785055	
517.6	0.01238431	0.00781807	
517.8	0.01211196	0.00778573	
518	0.01190972	0.00775352	
518.2	0.01162495	0.00772144	
518.4	0.0119598	0.0076895	
518.6	0.01202527	0.00765768	
518.8	0.01181537	0.007626	
519	0.01149808	0.00759445	
519.2	0.0110346	0.00756303	
519.4	0.01056693	0.00753174	
519.6	0.01020065	0.00750058	
519.8	0.00947403	0.00746955	
520	0.00920306	0.00743865	
520.2	0.00839203	0.00740788	
520.4	0.00823618	0.00737723	
520.6	0.00817472	0.00734671	
520.8	0.00802768	0.00731632	
521	0.00730535	0.00728605	
521.2	0.00757519	0.0072559	
521.4	0.00801661	0.00722588	
521.6	0.00893879	0.00719599	
521.8	0.00876644	0.00716622	
522	0.00881164	0.00713657	
522.2	0.00932768	0.00710705	
522.4	0.00971624	0.00707764	
522.6	0.00990544	0.00704836	
522.8	0.00952434	0.0070192	
523	0.00978295	0.00699016	
523.2	0.00965503	0.00696125	
523.4	0.0097384	0.00693245	
523.6	0.00943284	0.00690377	
523.8	0.00917301	0.0068752	
524	0.0090268	0.00684676	
524.2	0.00883654	0.00681843	
524.4	0.00878843	0.00679023	
524.6	0.00870228	0.00676213	
524.8	0.00858044	0.00673416	
525	0.00835259	0.0067063	
525.2	0.00872185	0.00667855	
525.4	0.00871637	0.00665092	
525.6	0.00884499	0.00662341	
525.8	0.00859205	0.00659601	
526	0.00898122	0.00656872	
526.2	0.00967943	0.00654154	
526.4	0.00960915	0.00651448	
526.6	0.00976273	0.00648753	
526.8	0.00917449	0.00646069	
527	0.00931722	0.00643396	
527.2	0.00889052	0.00640734	
527.4	0.00830386	0.00638083	
527.6	0.00805221	0.00635443	
527.8	0.00802287	0.00632815	
528	0.0076946	0.00630197	
528.2	0.00739468	0.00627589	
528.4	0.00727946	0.00624993	
528.6	0.00771919	0.00622407	
528.8	0.00801372	0.00619832	
529	0.00763844	0.00617268	
529.2	0.00793142	0.00614714	
529.4	0.00849029	0.00612171	
529.6	0.00841387	0.00609638	
529.8	0.00854426	0.00607116	
530	0.00863094	0.00604605	
530.2	0.00899074	0.00602103	
530.4	0.00855568	0.00599612	
530.6	0.00858463	0.00597132	
530.8	0.00788489	0.00594661	
531	0.00749859	0.00592201	
531.2	0.00766244	0.00589751	
531.4	0.00727503	0.00587311	
531.6	0.00728501	0.00584881	
531.8	0.00686372	0.00582462	
532	0.00662233	0.00580052	
532.2	0.0059729	0.00577652	
532.4	0.00642561	0.00575262	
532.6	0.00653276	0.00572882	
532.8	0.00678092	0.00570512	
533	0.00657601	0.00568152	
533.2	0.00697586	0.00565802	
533.4	0.00742985	0.00563461	
533.6	0.00727778	0.0056113	
533.8	0.00742835	0.00558808	
534	0.00710859	0.00556496	
534.2	0.00750275	0.00554194	
534.4	0.00750608	0.00551901	
534.6	0.00773581	0.00549618	
534.8	0.0078498	0.00547344	
535	0.00803778	0.0054508	
535.2	0.00830287	0.00542825	
535.4	0.00804709	0.00540579	
535.6	0.0076047	0.00538343	
535.8	0.00675254	0.00536115	
536	0.0066049	0.00533897	
536.2	0.00617815	0.00531689	
536.4	0.00664412	0.00529489	
536.6	0.00657297	0.00527298	
536.8	0.00668431	0.00525117	
537	0.00623743	0.00522944	
537.2	0.00643785	0.00520781	
537.4	0.00669297	0.00518626	
537.6	0.00660091	0.00516481	
537.8	0.00624308	0.00514344	
538	0.00616017	0.00512216	
538.2	0.00664852	0.00510097	
538.4	0.00685881	0.00507987	
538.6	0.00707451	0.00505885	
538.8	0.00735947	0.00503792	
539	0.00741987	0.00501708	
539.2	0.00760108	0.00499632	
539.4	0.00786493	0.00497565	
539.6	0.00769905	0.00495507	
539.8	0.00797721	0.00493457	
