Conc1	1E-07	
Start1	240.01	
Stop1	479.8	
Kobs	0.0123789802839292	
Error Kobs	9.06658121455852E-05	
Koff	0	
Error Koff	0	
Time1	Data1	Fit1	
240.01	0.00166479	0	
240.21	0.00280673	0.00299762	
240.41	0.00458258	0.00598329	
240.61	0.00628036	0.00895705	
240.81	0.00806965	0.01191894	
241.01	0.01035307	0.01486902	
241.21	0.01294138	0.01780733	
241.41	0.01543606	0.02073392	
241.61	0.01814969	0.02364884	
241.81	0.02065455	0.02655213	
242.01	0.02331731	0.02944384	
242.21	0.02582526	0.03232401	
242.41	0.02804856	0.03519269	
242.61	0.03089695	0.03804994	
242.81	0.03385558	0.04089578	
243.01	0.03627372	0.04373027	
243.21	0.03895342	0.04655346	
243.41	0.0415626	0.04936538	
243.61	0.04401819	0.05216609	
243.81	0.04660696	0.05495563	
244.01	0.04912441	0.05773403	
244.21	0.05134394	0.06050136	
244.41	0.05398311	0.06325765	
244.61	0.05606768	0.06600294	
244.81	0.05816173	0.06873728	
245.01	0.06075718	0.07146071	
245.21	0.06309626	0.07417328	
245.41	0.06540672	0.07687503	
245.61	0.06776048	0.07956601	
245.81	0.06980421	0.08224625	
246.01	0.07225136	0.08491579	
246.21	0.07444824	0.08757469	
246.41	0.07641145	0.09022298	
246.61	0.07900762	0.09286071	
246.81	0.08144913	0.09548792	
247.01	0.08323577	0.09810465	
247.21	0.08541894	0.10071094	
247.41	0.08763679	0.10330683	
247.61	0.0896087	0.10589237	
247.81	0.09202738	0.10846759	
248.01	0.09399741	0.11103254	
248.21	0.09595355	0.11358726	
248.41	0.098172	0.11613179	
248.61	0.10023055	0.11866617	
248.81	0.10235144	0.12119044	
249.01	0.10458666	0.12370464	
249.21	0.10654175	0.12620881	
249.41	0.10896873	0.128703	
249.61	0.11096253	0.13118723	
249.81	0.11309248	0.13366156	
250.01	0.11551264	0.13612601	
250.21	0.11755658	0.13858063	
250.41	0.11982435	0.14102547	
250.61	0.12241665	0.14346055	
250.81	0.12454337	0.14588591	
251.01	0.12637694	0.14830161	
251.21	0.12872383	0.15070766	
251.41	0.13101264	0.15310412	
251.61	0.13311152	0.15549102	
251.81	0.13508239	0.1578684	
252.01	0.13688986	0.16023629	
252.21	0.1389979	0.16259474	
252.41	0.14105486	0.16494378	
252.61	0.14307894	0.16728345	
252.81	0.14490049	0.16961379	
253.01	0.14670179	0.17193483	
253.21	0.14852546	0.17424662	
253.41	0.15047568	0.17654918	
253.61	0.1522456	0.17884256	
253.81	0.15438717	0.18112679	
254.01	0.15632779	0.18340191	
254.21	0.15821624	0.18566795	
254.41	0.16035943	0.18792495	
254.61	0.16246685	0.19017295	
254.81	0.16485037	0.19241199	
255.01	0.16659704	0.19464209	
255.21	0.16851842	0.19686329	
255.41	0.17027492	0.19907564	
255.61	0.17191368	0.20127916	
255.81	0.17377016	0.20347389	
256.01	0.17555434	0.20565987	
256.21	0.1776714	0.20783713	
256.41	0.1793775	0.2100057	
256.61	0.18153839	0.21216562	
256.81	0.1830971	0.21431693	
257.01	0.18503277	0.21645965	
257.21	0.18693095	0.21859383	
257.41	0.18897436	0.22071949	
257.61	0.19086146	0.22283668	
257.81	0.19278522	0.22494541	
258.01	0.19478977	0.22704574	
258.21	0.197152	0.22913769	
258.41	0.19890379	0.2312213	
258.61	0.2007557	0.23329659	
258.81	0.2028462	0.23536361	
259.01	0.20421665	0.23742238	
259.21	0.20574734	0.23947293	
259.41	0.20745613	0.24151531	
259.61	0.20907597	0.24354954	
259.81	0.21112046	0.24557566	
260.01	0.2127916	0.24759369	
260.21	0.2149086	0.24960368	
260.41	0.21662924	0.25160565	
260.61	0.21838669	0.25359963	
260.81	0.21991056	0.25558566	
261.01	0.22159807	0.25756376	
261.21	0.22309975	0.25953398	
261.41	0.224809	0.26149633	
261.61	0.22599684	0.26345086	
261.81	0.22758906	0.26539759	
262.01	0.22949458	0.26733656	
262.21	0.23086332	0.26926779	
262.41	0.23204432	0.27119132	
262.61	0.23384136	0.27310717	
262.81	0.23570319	0.27501539	
263.01	0.23713815	0.27691599	
263.21	0.23889367	0.27880901	
263.41	0.24091595	0.28069448	
263.61	0.24280341	0.28257242	
263.81	0.24527115	0.28444288	
264.01	0.24704819	0.28630588	
264.21	0.24856864	0.28816144	
264.41	0.2502686	0.2900096	
264.61	0.25184592	0.29185039	
264.81	0.25377526	0.29368384	
265.01	0.25533845	0.29550997	
265.21	0.25684079	0.29732882	
265.41	0.25886641	0.29914042	
265.61	0.26036967	0.30094478	
265.81	0.2620588	0.30274195	
266.01	0.26378518	0.30453196	
266.21	0.26507256	0.30631482	
266.41	0.26715387	0.30809057	
266.61	0.26902856	0.30985923	
266.81	0.27082761	0.31162084	
267.01	0.27234598	0.31337543	
267.21	0.27444119	0.31512301	
267.41	0.27626466	0.31686363	
267.61	0.27779445	0.3185973	
267.81	0.27922084	0.32032405	
268.01	0.28018664	0.32204392	
268.21	0.28171867	0.32375693	
268.41	0.28360165	0.3254631	
268.61	0.28510578	0.32716247	
268.81	0.28661499	0.32885506	
269.01	0.28791756	0.33054089	
269.21	0.28929993	0.33222001	
269.41	0.29081315	0.33389242	
269.61	0.29201982	0.33555817	
269.81	0.29343561	0.33721727	
270.01	0.29497187	0.33886975	
270.21	0.29652418	0.34051564	
270.41	0.29805865	0.34215496	
270.61	0.29960674	0.34378774	
270.81	0.30083008	0.34541402	
271.01	0.30212365	0.3470338	
271.21	0.30348603	0.34864712	
271.41	0.30426873	0.35025401	
271.61	0.30557713	0.35185449	
271.81	0.30693147	0.35344859	
272.01	0.30853341	0.35503632	
272.21	0.31026598	0.35661772	
272.41	0.31164235	0.35819282	
272.61	0.31320152	0.35976163	
272.81	0.3149084	0.36132418	
273.01	0.3168045	0.3628805	
273.21	0.31836791	0.36443061	
273.41	0.32030884	0.36597454	
273.61	0.32230959	0.36751231	
273.81	0.32410847	0.36904395	
274.01	0.32558017	0.37056947	
274.21	0.32699562	0.37208891	
274.41	0.32852346	0.37360229	
274.61	0.33023822	0.37510964	
274.81	0.3313684	0.37661097	
275.01	0.33273499	0.37810631	
275.21	0.33365311	0.37959568	
275.41	0.33480836	0.38107912	
275.61	0.33645321	0.38255664	
275.81	0.33782977	0.38402826	
276.01	0.33939954	0.38549402	
276.21	0.3409728	0.38695393	
276.41	0.34240014	0.38840801	
276.61	0.34403827	0.38985629	
276.81	0.34535908	0.3912988	
277.01	0.34679358	0.39273555	
277.21	0.34801436	0.39416657	
277.41	0.34947273	0.39559189	
277.61	0.35022261	0.39701152	
277.81	0.35084756	0.39842548	
278.01	0.35147903	0.39983381	
278.21	0.35254253	0.40123651	
278.41	0.35342294	0.40263362	
278.61	0.35454457	0.40402516	
278.81	0.35570941	0.40541115	
279.01	0.35721306	0.40679161	
279.21	0.35873452	0.40816656	
279.41	0.36016777	0.40953603	
279.61	0.36152592	0.41090004	
279.81	0.36307265	0.4122586	
280.01	0.36477494	0.41361175	
280.21	0.36674125	0.41495949	
280.41	0.36854654	0.41630186	
280.61	0.37025707	0.41763888	
280.81	0.37170213	0.41897056	
281.01	0.37327121	0.42029694	
281.21	0.37487616	0.42161802	
281.41	0.3761318	0.42293383	
281.61	0.37732019	0.42424439	
281.81	0.37854551	0.42554972	
282.01	0.37978357	0.42684985	
282.21	0.3811551	0.42814479	
282.41	0.38233733	0.42943457	
282.61	0.38404154	0.4307192	
282.81	0.38535095	0.43199871	
283.01	0.38670889	0.43327311	
283.21	0.38780386	0.43454243	
283.41	0.38853462	0.43580668	
283.61	0.3893818	0.4370659	
283.81	0.39068216	0.43832009	
284.01	0.39193681	0.43956927	
284.21	0.39320049	0.44081348	
284.41	0.39436208	0.44205272	
284.61	0.39525288	0.44328702	
284.81	0.39656333	0.44451639	
285.01	0.39778211	0.44574086	
285.21	0.39910772	0.44696045	
285.41	0.40034402	0.44817517	
285.61	0.40159379	0.44938505	
285.81	0.40275952	0.4505901	
286.01	0.40398395	0.45179034	
286.21	0.40542902	0.45298579	
286.41	0.40682584	0.45417648	
286.61	0.40810677	0.45536242	
286.81	0.40949979	0.45654362	
287.01	0.41046194	0.45772012	
287.21	0.41163528	0.45889192	
287.41	0.41291239	0.46005905	
287.61	0.41400634	0.46122152	
287.81	0.41531784	0.46237935	
288.01	0.4163734	0.46353257	
288.21	0.41746564	0.46468118	
288.41	0.41882392	0.46582522	
288.61	0.42019182	0.46696469	
288.81	0.42171696	0.46809961	
289.01	0.42274153	0.46923001	
289.21	0.42392225	0.4703559	
289.41	0.42498321	0.4714773	
289.61	0.42638375	0.47259422	
289.81	0.42788766	0.47370669	
290.01	0.42948796	0.47481473	
290.21	0.43106196	0.47591834	
290.41	0.43213977	0.47701755	
290.61	0.43345516	0.47811237	
290.81	0.4345996	0.47920283	
291.01	0.43522899	0.48028894	
291.21	0.43655478	0.48137071	
291.41	0.43781998	0.48244817	
291.61	0.43886002	0.48352134	
291.81	0.44017734	0.48459022	
292.01	0.44116711	0.48565484	
292.21	0.44221435	0.48671521	
292.41	0.44317866	0.48777135	
292.61	0.44438	0.48882328	
292.81	0.44540463	0.48987101	
293.01	0.44613545	0.49091456	
293.21	0.44703013	0.49195395	
293.41	0.44823815	0.4929892	
293.61	0.44989231	0.49402031	
293.81	0.4513774	0.49504732	
294.01	0.45241555	0.49607022	
294.21	0.45367553	0.49708905	
294.41	0.45464287	0.49810381	
294.61	0.45589102	0.49911452	
294.81	0.456566	0.5001212	
295.01	0.45746507	0.50112387	
295.21	0.45864191	0.50212253	
295.41	0.45976454	0.50311722	
295.61	0.46076278	0.50410793	
295.81	0.46189131	0.50509469	
296.01	0.4627792	0.50607752	
296.21	0.46405297	0.50705643	
296.41	0.46512654	0.50803143	
296.61	0.46676959	0.50900254	
296.81	0.46783501	0.50996978	
297.01	0.46880719	0.51093316	
297.21	0.46974989	0.5118927	
297.41	0.4712691	0.51284841	
297.61	0.4723372	0.5138003	
297.81	0.47379645	0.5147484	
298.01	0.4746774	0.51569272	
298.21	0.47609789	0.51663327	
298.41	0.47695436	0.51757007	
298.61	0.47788601	0.51850314	
298.81	0.47865686	0.51943248	
299.01	0.47972746	0.52035811	
299.21	0.48061854	0.52128005	
299.41	0.48152508	0.52219832	
299.61	0.48276076	0.52311292	
299.81	0.48375743	0.52402387	
300.01	0.48470985	0.52493119	
300.21	0.48598558	0.52583489	
300.41	0.48714825	0.52673499	
300.61	0.48845435	0.52763149	
300.81	0.48907598	0.52852442	
301.01	0.48935454	0.52941379	
301.21	0.49021274	0.53029961	
301.41	0.49165716	0.53118189	
301.61	0.49294706	0.53206066	
301.81	0.49410012	0.53293592	
302.01	0.49475034	0.53380769	
302.21	0.49577984	0.53467598	
302.41	0.49648896	0.53554081	
302.61	0.49774978	0.53640219	
302.81	0.49877345	0.53726013	
303.01	0.49991839	0.53811465	
303.21	0.50044516	0.53896576	
303.41	0.50159657	0.53981348	
303.61	0.50289378	0.54065781	
303.81	0.50368097	0.54149878	
304.01	0.50480116	0.54233639	
304.21	0.50591894	0.54317067	
304.41	0.50695127	0.54400161	
304.61	0.50798953	0.54482924	
304.81	0.5089651	0.54565357	
305.01	0.509761	0.54647461	
305.21	0.51128509	0.54729237	
305.41	0.5128915	0.54810687	
305.61	0.51400078	0.54891813	
305.81	0.51463818	0.54972614	
306.01	0.51558572	0.55053094	
306.21	0.5163402	0.55133252	
306.41	0.51688093	0.55213091	
306.61	0.51805834	0.55292611	
306.81	0.51849983	0.55371814	
307.01	0.51914998	0.55450701	
307.21	0.51953475	0.55529273	
307.41	0.52049284	0.55607532	
307.61	0.52133799	0.55685479	
307.81	0.52198594	0.55763115	
308.01	0.52253456	0.55840441	
308.21	0.52317294	0.55917459	
308.41	0.52403669	0.55994169	
308.61	0.52501998	0.56070574	
308.81	0.52623912	0.56146673	
309.01	0.52692783	0.56222469	
309.21	0.52821616	0.56297963	
309.41	0.529643	0.56373156	
309.61	0.53099606	0.56448049	
309.81	0.53225029	0.56522643	
310.01	0.53341371	0.56596939	
310.21	0.53441011	0.56670939	
310.41	0.53558673	0.56744644	
310.61	0.53676667	0.56818055	
310.81	0.53770604	0.56891173	
311.01	0.53864998	0.56963999	
311.21	0.53938645	0.57036535	
311.41	0.54037091	0.57108782	
311.61	0.54113258	0.5718074	
311.81	0.54176232	0.57252411	
312.01	0.54222658	0.57323797	
312.21	0.54293615	0.57394898	
312.41	0.54362895	0.57465715	
312.61	0.5444877	0.57536249	
312.81	0.54540442	0.57606502	
313.01	0.54592659	0.57676475	
313.21	0.5472613	0.57746169	
313.41	0.54819822	0.57815585	
313.61	0.54928389	0.57884724	
313.81	0.55022658	0.57953587	
314.01	0.55127814	0.58022176	
314.21	0.55238466	0.58090491	
314.41	0.55302643	0.58158533	
314.61	0.55378785	0.58226304	
314.81	0.5547092	0.58293804	
315.01	0.55522632	0.58361036	
315.21	0.55582668	0.58427999	
315.41	0.55668251	0.58494695	
315.61	0.55716414	0.58561125	
315.81	0.55787327	0.5862729	
316.01	0.55844734	0.58693191	
316.21	0.55951079	0.58758829	
316.41	0.56027645	0.58824206	
316.61	0.56105788	0.58889321	
316.81	0.56197096	0.58954177	
317.01	0.56286351	0.59018774	
317.21	0.56421886	0.59083114	
317.41	0.56524639	0.59147197	
317.61	0.56643631	0.59211024	
317.81	0.56756507	0.59274597	
318.01	0.56871534	0.59337916	
318.21	0.56979032	0.59400982	
318.41	0.57046051	0.59463797	
318.61	0.57103568	0.59526361	
318.81	0.57193056	0.59588676	
319.01	0.57244076	0.59650742	
319.21	0.57302892	0.59712561	
319.41	0.57409154	0.59774133	
319.61	0.57456066	0.59835459	
319.81	0.575402	0.59896541	
320.01	0.57625805	0.59957379	
320.21	0.57692688	0.60017975	
320.41	0.57741451	0.60078328	
320.61	0.57833873	0.60138441	
320.81	0.57890124	0.60198315	
321.01	0.57954273	0.60257949	
321.21	0.58029977	0.60317345	
321.41	0.58067074	0.60376505	
321.61	0.58131255	0.60435429	
321.81	0.58222396	0.60494117	
322.01	0.58311671	0.60552572	
322.21	0.58370561	0.60610793	
322.41	0.58422431	0.60668782	
322.61	0.58504615	0.6072654	
322.81	0.58616581	0.60784067	
323.01	0.58680159	0.60841365	
323.21	0.58756029	0.60898434	
323.41	0.58899534	0.60955276	
323.61	0.58988143	0.6101189	
323.81	0.59126799	0.61068279	
324.01	0.59220145	0.61124444	
324.21	0.59302536	0.61180384	
324.41	0.59407377	0.61236101	
324.61	0.59491845	0.61291595	
324.81	0.59553572	0.61346869	
325.01	0.59649004	0.61401922	
325.21	0.59714739	0.61456755	
325.41	0.5975897	0.61511369	
325.61	0.59841933	0.61565766	
325.81	0.59929051	0.61619946	
326.01	0.59997297	0.61673909	
326.21	0.60046707	0.61727657	
326.41	0.60100421	0.61781191	
326.61	0.60145159	0.61834512	
326.81	0.6019139	0.61887619	
327.01	0.60238655	0.61940515	
327.21	0.60288259	0.619932	
327.41	0.60399781	0.62045675	
327.61	0.60476548	0.6209794	
327.81	0.60590684	0.62149997	
328.01	0.60646193	0.62201846	
328.21	0.60728235	0.62253488	
328.41	0.60838838	0.62304925	
328.61	0.60942745	0.62356156	
328.81	0.61022421	0.62407183	
329.01	0.61090321	0.62458006	
329.21	0.61117443	0.62508627	
329.41	0.61155032	0.62559045	
329.61	0.61239458	0.62609263	
329.81	0.61339454	0.6265928	
330.01	0.61411506	0.62709098	
330.21	0.61451415	0.62758717	
330.41	0.61507781	0.62808138	
330.61	0.61574773	0.62857362	
330.81	0.61631084	0.62906389	
331.01	0.61677987	0.62955221	
331.21	0.61735557	0.63003859	
331.41	0.61833403	0.63052302	
331.61	0.61927852	0.63100552	
331.81	0.62005212	0.63148609	
332.01	0.62029392	0.63196475	
332.21	0.62103278	0.6324415	
332.41	0.62190817	0.63291635	
332.61	0.62242399	0.6333893	
332.81	0.62300805	0.63386036	
333.01	0.62374409	0.63432955	
333.21	0.6242533	0.63479687	
333.41	0.62533737	0.63526232	
333.61	0.62627089	0.63572591	
333.81	0.62724121	0.63618766	
334.01	0.62788481	0.63664756	
334.21	0.6284789	0.63710563	
334.41	0.6291695	0.63756187	
334.61	0.62981848	0.6380163	
334.81	0.63012087	0.63846891	
335.01	0.63087862	0.63891971	
335.21	0.63178766	0.63936871	
335.41	0.63252475	0.63981593	
335.61	0.63296255	0.64026136	
335.81	0.63320848	0.64070501	
336.01	0.63333654	0.6411469	
336.21	0.63435245	0.64158702	
336.41	0.63527255	0.64202539	
336.61	0.6359488	0.642462	
336.81	0.63667378	0.64289688	
337.01	0.63737881	0.64333002	
337.21	0.63809533	0.64376143	
337.41	0.63886143	0.64419112	
337.61	0.63953096	0.6446191	
337.81	0.64059979	0.64504537	
338.01	0.64146966	0.64546994	
338.21	0.64240322	0.64589282	
338.41	0.64348569	0.64631401	
338.61	0.64409864	0.64673352	
338.81	0.64434494	0.64715136	
339.01	0.64487253	0.64756753	
339.21	0.64517126	0.64798204	
339.41	0.64526567	0.64839489	
339.61	0.64521077	0.6488061	
339.81	0.64555079	0.64921567	
340.01	0.64574004	0.64962361	
340.21	0.64679184	0.65002992	
340.41	0.64745368	0.65043461	
340.61	0.64750105	0.65083768	
340.81	0.64796858	0.65123914	
341.01	0.64859452	0.65163901	
341.21	0.64893384	0.65203728	
341.41	0.64961138	0.65243396	
341.61	0.65067494	0.65282906	
341.81	0.65169626	0.65322258	
342.01	0.65243076	0.65361453	
342.21	0.6532613	0.65400492	
342.41	0.6539468	0.65439375	
342.61	0.65454489	0.65478103	
342.81	0.65482764	0.65516677	
343.01	0.65532337	0.65555096	
343.21	0.65570177	0.65593363	
343.41	0.65619145	0.65631477	
343.61	0.65694524	0.65669438	
343.81	0.65769463	0.65707249	
344.01	0.65855452	0.65744908	
344.21	0.65981662	0.65782417	
344.41	0.66060388	0.65819777	
344.61	0.66127136	0.65856988	
344.81	0.66216059	0.6589405	
345.01	0.66289295	0.65930964	
345.21	0.66338624	0.65967731	
345.41	0.663869	0.66004352	
345.61	0.66436683	0.66040826	
345.81	0.66444835	0.66077155	
346.01	0.66470203	0.66113339	
346.21	0.66510844	0.66149379	
346.41	0.66543884	0.66185275	
346.61	0.66595464	0.66221027	
346.81	0.66594083	0.66256637	
347.01	0.66609201	0.66292105	
347.21	0.6665541	0.66327432	
347.41	0.66686046	0.66362618	
347.61	0.66745271	0.66397663	
347.81	0.66770769	0.66432568	
348.01	0.66827077	0.66467335	
348.21	0.6691114	0.66501962	
348.41	0.66979703	0.66536452	
348.61	0.67064761	0.66570804	
348.81	0.67130409	0.66605018	
349.01	0.67209731	0.66639097	
349.21	0.67239281	0.66673039	
349.41	0.67270719	0.66706846	
349.61	0.67321019	0.66740518	
349.81	0.67355698	0.66774056	
350.01	0.67448331	0.6680746	
350.21	0.67506772	0.66840731	
350.41	0.67579408	0.66873869	
350.61	0.67614998	0.66906875	
350.81	0.67702403	0.66939749	
351.01	0.67771022	0.66972493	
351.21	0.67840244	0.67005105	
351.41	0.67867078	0.67037587	
351.61	0.67902579	0.6706994	
351.81	0.67963555	0.67102164	
352.01	0.68000159	0.67134259	
352.21	0.68070891	0.67166227	
352.41	0.68115075	0.67198066	
352.61	0.68171339	0.67229779	
352.81	0.68224229	0.67261365	
353.01	0.68242471	0.67292826	
353.21	0.68281482	0.6732416	
353.41	0.68320435	0.6735537	
353.61	0.68363572	0.67386455	
353.81	0.6839999	0.67417416	
354.01	0.68481043	0.67448254	
354.21	0.68511426	0.67478969	
354.41	0.68531543	0.67509561	
354.61	0.68535201	0.67540031	
354.81	0.68595869	0.6757038	
355.01	0.68633601	0.67600608	
355.21	0.68675067	0.67630715	
355.41	0.68734188	0.67660701	
355.61	0.68798289	0.67690569	
355.81	0.68850211	0.67720317	
356.01	0.68887411	0.67749946	
356.21	0.68944381	0.67779458	
356.41	0.69008423	0.67808851	
356.61	0.69054117	0.67838128	
356.81	0.69123216	0.67867287	
357.01	0.69166672	0.6789633	
357.21	0.69254742	0.67925258	
357.41	0.6930297	0.6795407	
357.61	0.69345694	0.67982767	
357.81	0.69385658	0.68011349	
358.01	0.69446395	0.68039818	
358.21	0.69480594	0.68068173	
358.41	0.69506468	0.68096415	
358.61	0.69552779	0.68124544	
358.81	0.69613903	0.68152561	
359.01	0.69696193	0.68180466	
359.21	0.69759755	0.6820826	
359.41	0.69819723	0.68235944	
359.61	0.69862365	0.68263516	
359.81	0.698826	0.68290979	
360	0.698826	0.68317241	
360.2	0.69803926	0.6814831	
360.4	0.69723712	0.67979798	
360.6	0.69662197	0.67811702	
360.8	0.69527623	0.67644021	
361	0.69389955	0.67476756	
361.2	0.69240226	0.67309904	
361.4	0.6907718	0.67143464	
361.6	0.68877154	0.66977436	
361.8	0.68674678	0.66811819	
362	0.6847517	0.66646611	
362.2	0.6827549	0.66481812	
362.4	0.68105651	0.6631742	
362.6	0.67897039	0.66153435	
362.8	0.67706549	0.65989855	
363	0.67510158	0.65826679	
363.2	0.67334157	0.65663908	
363.4	0.67187928	0.65501538	
363.6	0.66982552	0.6533957	
363.8	0.6680216	0.65178003	
364	0.66661752	0.65016835	
364.2	0.66536973	0.64856066	
364.4	0.66386436	0.64695694	
364.6	0.66292111	0.64535719	
364.8	0.66106295	0.64376139	
365	0.65966726	0.64216954	
365.2	0.65804977	0.64058163	
365.4	0.65602599	0.63899764	
365.6	0.65433335	0.63741757	
365.8	0.65236782	0.6358414	
366	0.65033926	0.63426914	
366.2	0.64840841	0.63270076	
366.4	0.64634803	0.63113626	
366.6	0.6442393	0.62957563	
366.8	0.64231119	0.62801885	
367	0.64069043	0.62646593	
367.2	0.63910164	0.62491685	
367.4	0.63744396	0.62337159	
367.6	0.63598117	0.62183016	
367.8	0.6343061	0.62029254	
368	0.6327063	0.61875872	
368.2	0.63144298	0.6172287	
368.4	0.62988481	0.61570245	
368.6	0.62893958	0.61417999	
368.8	0.62761292	0.61266128	
369	0.62663889	0.61114633	
369.2	0.62527887	0.60963513	
369.4	0.62372863	0.60812767	
369.6	0.62254433	0.60662393	
369.8	0.62074959	0.60512391	
370	0.61932002	0.6036276	
370.2	0.61768111	0.60213499	
370.4	0.61589579	0.60064607	
370.6	0.6140059	0.59916083	
370.8	0.61259642	0.59767927	
371	0.6108711	0.59620136	
371.2	0.60903698	0.59472712	
371.4	0.6075893	0.59325652	
371.6	0.60576754	0.59178955	
371.8	0.60380837	0.59032621	
372	0.6019456	0.58886649	
372.2	0.60050954	0.58741038	
372.4	0.59878114	0.58595787	
372.6	0.59741469	0.58450896	
372.8	0.59608608	0.58306362	
373	0.59483578	0.58162186	
373.2	0.59286867	0.58018366	
373.4	0.59127482	0.57874902	
373.6	0.5898103	0.57731793	
373.8	0.58841301	0.57589038	
374	0.58683716	0.57446635	
374.2	0.58544643	0.57304585	
374.4	0.5842373	0.57162886	
374.6	0.58289629	0.57021538	
374.8	0.58175381	0.56880538	
375	0.58041742	0.56739888	
375.2	0.57916806	0.56599585	
375.4	0.57792639	0.5645963	
375.6	0.57664318	0.5632002	
375.8	0.57551966	0.56180756	
376	0.57397793	0.56041836	
376.2	0.57293791	0.55903259	
376.4	0.57154458	0.55765025	
376.6	0.57019765	0.55627133	
376.8	0.56882623	0.55489582	
377	0.56742635	0.55352371	
377.2	0.56560926	0.55215499	
377.4	0.56455303	0.55078966	
377.6	0.56318811	0.54942771	
377.8	0.56200317	0.54806912	
378	0.56072505	0.54671389	
378.2	0.55945106	0.54536201	
378.4	0.5583435	0.54401347	
378.6	0.5570271	0.54266827	
378.8	0.55583671	0.5413264	
379	0.55452652	0.53998784	
379.2	0.55368762	0.5386526	
379.4	0.55279756	0.53732065	
379.6	0.55185225	0.535992	
379.8	0.55081529	0.53466664	
380	0.55001434	0.53334455	
380.2	0.54915957	0.53202573	
380.4	0.54783541	0.53071017	
380.6	0.54644082	0.52939787	
380.8	0.54525273	0.52808881	
381	0.54371336	0.52678298	
381.2	0.54239039	0.52548039	
381.4	0.54101442	0.52418102	
381.6	0.53936591	0.52288486	
381.8	0.53772224	0.5215919	
382	0.53615476	0.52030214	
382.2	0.53441452	0.51901557	
382.4	0.5331079	0.51773219	
382.6	0.53163582	0.51645197	
382.8	0.53006362	0.51517492	
383	0.5286806	0.51390103	
383.2	0.52771651	0.51263029	
383.4	0.52629574	0.5113627	
383.6	0.52502544	0.51009823	
383.8	0.5240833	0.50883689	
384	0.52338464	0.50757868	
384.2	0.5222853	0.50632357	
384.4	0.52091046	0.50507157	
384.6	0.51990571	0.50382266	
384.8	0.51914021	0.50257684	
385	0.51796829	0.5013341	
385.2	0.51692953	0.50009443	
385.4	0.51583022	0.49885783	
385.6	0.51501253	0.49762429	
385.8	0.51383398	0.4963938	
386	0.5129874	0.49516635	
386.2	0.51194255	0.49394193	
386.4	0.51077956	0.49272055	
386.6	0.50960939	0.49150218	
386.8	0.50822943	0.49028683	
387	0.50751621	0.48907448	
387.2	0.50645002	0.48786513	
387.4	0.50552186	0.48665877	
387.6	0.50430952	0.48545539	
387.8	0.50356909	0.48425499	
388	0.50249641	0.48305755	
388.2	0.5013731	0.48186308	
388.4	0.50016465	0.48067156	
388.6	0.49932466	0.47948299	
388.8	0.49863849	0.47829736	
389	0.49755727	0.47711465	
389.2	0.49659024	0.47593488	
389.4	0.49592887	0.47475802	
389.6	0.49484234	0.47358407	
389.8	0.49367445	0.47241302	
390	0.49236592	0.47124487	
390.2	0.49134187	0.4700796	
390.4	0.49028369	0.46891722	
390.6	0.48928193	0.46775771	
390.8	0.48833009	0.46660107	
391	0.48743407	0.46544729	
391.2	0.48618942	0.46429637	
391.4	0.48542649	0.46314828	
391.6	0.48412025	0.46200304	
391.8	0.48324271	0.46086063	
392	0.48224284	0.45972105	
392.2	0.48129444	0.45858428	
392.4	0.48049908	0.45745032	
392.6	0.47959066	0.45631917	
392.8	0.47845658	0.45519081	
393	0.4774102	0.45406525	
393.2	0.47619281	0.45294246	
393.4	0.47548027	0.45182246	
393.6	0.47434573	0.45070522	
393.8	0.47312825	0.44959075	
394	0.47170191	0.44847903	
394.2	0.4709755	0.44737006	
394.4	0.46976933	0.44626383	
394.6	0.46862645	0.44516034	
394.8	0.46724421	0.44405958	
395	0.4661773	0.44296154	
395.2	0.46536229	0.44186621	
395.4	0.46461652	0.44077359	
395.6	0.46345595	0.43968368	
395.8	0.4627061	0.43859646	
396	0.46212844	0.43751193	
396.2	0.46102797	0.43643007	
396.4	0.4600178	0.4353509	
396.6	0.45851094	0.43427439	
396.8	0.45725602	0.43320055	
397	0.45634629	0.43212936	
397.2	0.45546479	0.43106082	
397.4	0.45496913	0.42999492	
397.6	0.45401854	0.42893166	
397.8	0.45316609	0.42787102	
398	0.45230848	0.42681301	
398.2	0.45160226	0.42575762	
398.4	0.45010485	0.42470483	
398.6	0.4490952	0.42365465	
398.8	0.44815126	0.42260706	
399	0.44763197	0.42156207	
399.2	0.44680954	0.42051966	
399.4	0.44597548	0.41947982	
399.6	0.44475061	0.41844256	
399.8	0.44432735	0.41740787	
400	0.44335695	0.41637573	
400.2	0.44226702	0.41534614	
400.4	0.44107224	0.4143191	
400.6	0.44012071	0.4132946	
400.8	0.43953436	0.41227263	
401	0.43878145	0.41125319	
401.2	0.43839896	0.41023627	
401.4	0.43759959	0.40922187	
401.6	0.43666447	0.40820997	
401.8	0.43603657	0.40720057	
402	0.43516612	0.40619368	
402.2	0.43402485	0.40518927	
402.4	0.43318536	0.40418734	
402.6	0.43271116	0.40318789	
402.8	0.43219292	0.40219092	
403	0.43141288	0.40119641	
403.2	0.43051184	0.40020436	
403.4	0.42953915	0.39921476	
403.6	0.42813824	0.3982276	
403.8	0.42750543	0.39724289	
404	0.42615332	0.39626062	
404.2	0.4253472	0.39528077	
404.4	0.42422126	0.39430335	
404.6	0.42320691	0.39332834	
404.8	0.42203645	0.39235574	
405	0.42064232	0.39138555	
405.2	0.41934092	0.39041776	
405.4	0.41789496	0.38945236	
405.6	0.41675319	0.38848935	
405.8	0.41566874	0.38752872	
406	0.41499264	0.38657046	
406.2	0.41421664	0.38561458	
406.4	0.41385141	0.38466105	
406.6	0.41302102	0.38370989	
406.8	0.41254133	0.38276108	
407	0.41208019	0.38181461	
407.2	0.41148541	0.38087049	
407.4	0.41099271	0.37992869	
407.6	0.41014324	0.37898923	
407.8	0.40972589	0.37805209	
408	0.40893247	0.37711727	
408.2	0.40808682	0.37618476	
408.4	0.40695176	0.37525455	
408.6	0.40621807	0.37432665	
408.8	0.40517745	0.37340104	
409	0.40403785	0.37247772	
409.2	0.40326892	0.37155668	
409.4	0.40245879	0.37063792	
409.6	0.40150194	0.36972143	
409.8	0.40037019	0.36880721	
410	0.39987411	0.36789525	
410.2	0.39902359	0.36698554	
410.4	0.39829031	0.36607808	
410.6	0.39765955	0.36517287	
410.8	0.39702518	0.36426989	
411	0.39591225	0.36336915	
411.2	0.39517429	0.36247063	
411.4	0.39418584	0.36157434	
411.6	0.39285416	0.36068026	
411.8	0.39214509	0.3597884	
412	0.39102799	0.35889874	
412.2	0.39027349	0.35801128	
412.4	0.38948407	0.35712601	
412.6	0.38914484	0.35624293	
412.8	0.38833656	0.35536204	
413	0.38754908	0.35448332	
413.2	0.38725759	0.35360678	
413.4	0.38662492	0.3527324	
413.6	0.38598286	0.35186019	
413.8	0.38534153	0.35099013	
414	0.38486066	0.35012223	
414.2	0.38431138	0.34925647	
414.4	0.3836428	0.34839285	
414.6	0.38277557	0.34753137	
414.8	0.38175379	0.34667202	
415	0.38106493	0.34581479	
415.2	0.3803417	0.34495968	
415.4	0.37924648	0.34410669	
415.6	0.37847799	0.3432558	
415.8	0.37810947	0.34240702	
416	0.37729186	0.34156034	
416.2	0.37637722	0.34071575	
416.4	0.37533186	0.33987325	
416.6	0.37443753	0.33903284	
416.8	0.37383894	0.3381945	
417	0.37285603	0.33735823	
417.2	0.37226127	0.33652404	
417.4	0.37130204	0.3356919	
417.6	0.37074041	0.33486183	
417.8	0.37009399	0.3340338	
418	0.36913479	0.33320783	
418.2	0.36867795	0.33238389	
418.4	0.36777379	0.33156199	
418.6	0.36728699	0.33074213	
418.8	0.3665746	0.32992429	
419	0.36629206	0.32910848	
419.2	0.36556906	0.32829468	
419.4	0.36499853	0.32748289	
419.6	0.36447028	0.32667312	
419.8	0.36402183	0.32586534	
420	0.36325953	0.32505956	
420.2	0.36184557	0.32425578	
420.4	0.36098793	0.32345398	
420.6	0.36005696	0.32265416	
420.8	0.35920814	0.32185633	
421	0.35800581	0.32106046	
421.2	0.35728379	0.32026656	
421.4	0.35634181	0.31947463	
421.6	0.35560543	0.31868465	
421.8	0.35476383	0.31789663	
422	0.35371723	0.31711056	
422.2	0.35341169	0.31632643	
422.4	0.35274527	0.31554424	
422.6	0.35212424	0.31476398	
422.8	0.35140939	0.31398565	
423	0.35130864	0.31320925	
423.2	0.35071631	0.31243477	
423.4	0.35001144	0.3116622	
423.6	0.34921822	0.31089154	
423.8	0.34859141	0.31012279	
424	0.34796344	0.30935594	
424.2	0.34663596	0.30859098	
424.4	0.34598393	0.30782792	
424.6	0.3452574	0.30706674	
424.8	0.34470858	0.30630745	
425	0.34410686	0.30555003	
425.2	0.34348619	0.30479449	
425.4	0.34278013	0.30404081	
425.6	0.341914	0.303289	
425.8	0.34132078	0.30253905	
426	0.34052544	0.30179095	
426.2	0.33990797	0.3010447	
426.4	0.33933492	0.3003003	
426.6	0.33844516	0.29955773	
426.8	0.33803206	0.29881701	
427	0.33734265	0.29807811	
427.2	0.33654301	0.29734104	
427.4	0.33595299	0.2966058	
427.6	0.33535603	0.29587237	
427.8	0.3351291	0.29514076	
428	0.33448585	0.29441095	
428.2	0.33365322	0.29368295	
428.4	0.3334545	0.29295675	
428.6	0.33320486	0.29223235	
428.8	0.3330341	0.29150974	
429	0.33254745	0.29078891	
429.2	0.33177814	0.29006987	
429.4	0.33122243	0.2893526	
429.6	0.33060136	0.28863711	
429.8	0.32982035	0.28792339	
430	0.32849003	0.28721143	
430.2	0.32776437	0.28650123	
430.4	0.32724531	0.28579279	
430.6	0.32626507	0.2850861	
430.8	0.32515025	0.28438116	
431	0.32404328	0.28367796	
431.2	0.32339161	0.2829765	
431.4	0.32282748	0.28227677	
431.6	0.32208768	0.28157878	
431.8	0.32142698	0.28088251	
432	0.32063579	0.28018796	
432.2	0.31990093	0.27949513	
432.4	0.31945278	0.27880402	
432.6	0.31875081	0.27811461	
432.8	0.31832104	0.2774269	
433	0.31764629	0.2767409	
433.2	0.3167163	0.27605659	
433.4	0.31668452	0.27537398	
433.6	0.31632533	0.27469305	
433.8	0.3156578	0.27401381	
434	0.31522584	0.27333625	
434.2	0.31492736	0.27266036	
434.4	0.31445426	0.27198614	
434.6	0.31349419	0.27131359	
434.8	0.31279946	0.27064271	
435	0.31253419	0.26997348	
435.2	0.31215932	0.26930591	
435.4	0.3117794	0.26863999	
435.6	0.31092063	0.26797571	
435.8	0.31016793	0.26731308	
436	0.30960603	0.26665208	
436.2	0.30863834	0.26599272	
436.4	0.30792535	0.26533499	
436.6	0.30733372	0.26467889	
436.8	0.30682942	0.26402441	
437	0.30630588	0.26337155	
437.2	0.30599739	0.2627203	
437.4	0.30606088	0.26207066	
437.6	0.30590916	0.26142263	
437.8	0.30556368	0.2607762	
438	0.30495316	0.26013137	
438.2	0.30410459	0.25948814	
438.4	0.30399175	0.25884649	
438.6	0.30336476	0.25820644	
438.8	0.30283912	0.25756796	
439	0.30209291	0.25693106	
439.2	0.30108176	0.25629574	
439.4	0.30038199	0.25566199	
439.6	0.29938155	0.25502981	
439.8	0.29865159	0.25439918	
440	0.2978619	0.25377012	
440.2	0.29693286	0.25314262	
440.4	0.29603759	0.25251666	
440.6	0.29535009	0.25189226	
440.8	0.29482766	0.25126939	
441	0.29429565	0.25064807	
441.2	0.29382443	0.25002829	
441.4	0.29334432	0.24941003	
441.6	0.29274433	0.24879331	
441.8	0.2919103	0.24817811	
442	0.29143941	0.24756443	
442.2	0.29115399	0.24695227	
442.4	0.29116463	0.24634162	
442.6	0.29061917	0.24573248	
442.8	0.29000433	0.24512485	
443	0.28947456	0.24451872	
443.2	0.28921355	0.24391409	
443.4	0.28906646	0.24331096	
443.6	0.28866962	0.24270932	
443.8	0.28787314	0.24210916	
444	0.28734496	0.24151049	
444.2	0.28680435	0.2409133	
444.4	0.28627223	0.24031758	
444.6	0.28600413	0.23972334	
444.8	0.2855908	0.23913057	
445	0.28498994	0.23853926	
445.2	0.28429708	0.23794942	
445.4	0.28370462	0.23736104	
445.6	0.28318879	0.2367741	
445.8	0.28295006	0.23618863	
446	0.28252048	0.23560459	
446.2	0.28201935	0.23502201	
446.4	0.28175058	0.23444086	
446.6	0.2808197	0.23386115	
446.8	0.28002226	0.23328287	
447	0.27916597	0.23270603	
447.2	0.27879338	0.23213061	
447.4	0.27799626	0.23155661	
447.6	0.27711585	0.23098403	
447.8	0.27616365	0.23041287	
448	0.27581051	0.22984312	
448.2	0.27515528	0.22927478	
448.4	0.27497151	0.22870784	
448.6	0.27459463	0.22814231	
448.8	0.27420718	0.22757817	
449	0.27386867	0.22701543	
449.2	0.27376567	0.22645409	
449.4	0.2735561	0.22589412	
449.6	0.273314	0.22533555	
449.8	0.27264843	0.22477835	
450	0.27208485	0.22422254	
450.2	0.27145297	0.22366809	
450.4	0.27096824	0.22311502	
450.6	0.27014012	0.22256332	
450.8	0.26967597	0.22201298	
451	0.26887813	0.221464	
451.2	0.26883047	0.22091638	
451.4	0.26795081	0.22037011	
451.6	0.26724774	0.21982519	
451.8	0.26685795	0.21928163	
452	0.26631124	0.2187394	
452.2	0.26582674	0.21819852	
452.4	0.26560962	0.21765897	
452.6	0.26528686	0.21712076	
452.8	0.26470299	0.21658387	
453	0.26457056	0.21604832	
453.2	0.26414118	0.21551409	
453.4	0.26292782	0.21498118	
453.6	0.26204118	0.21444959	
453.8	0.26113213	0.21391931	
454	0.26089431	0.21339035	
454.2	0.26029901	0.21286269	
454.4	0.25983143	0.21233634	
454.6	0.25926884	0.21181129	
454.8	0.25848273	0.21128753	
455	0.25802274	0.21076508	
455.2	0.25775087	0.21024391	
455.4	0.25723204	0.20972403	
455.6	0.25644971	0.20920544	
455.8	0.25619709	0.20868813	
456	0.25552795	0.2081721	
456.2	0.25491233	0.20765735	
456.4	0.25471511	0.20714387	
456.6	0.25458375	0.20663165	
456.8	0.25430356	0.20612071	
457	0.25451449	0.20561103	
457.2	0.25381051	0.20510261	
457.4	0.25319063	0.20459544	
457.6	0.25257202	0.20408953	
457.8	0.25216017	0.20358487	
458	0.25188145	0.20308146	
458.2	0.25147821	0.20257929	
458.4	0.25095291	0.20207837	
458.6	0.25062569	0.20157868	
458.8	0.24985507	0.20108023	
459	0.24952949	0.20058302	
459.2	0.24880636	0.20008703	
459.4	0.24788238	0.19959227	
459.6	0.24692822	0.19909873	
459.8	0.24674912	0.19860641	
460	0.24613026	0.19811531	
460.2	0.24568651	0.19762542	
460.4	0.24577458	0.19713675	
460.6	0.24521659	0.19664928	
460.8	0.24479745	0.19616302	
461	0.24471784	0.19567796	
461.2	0.24405325	0.1951941	
461.4	0.24360714	0.19471144	
461.6	0.24298596	0.19422997	
461.8	0.24261359	0.19374969	
462	0.24243567	0.1932706	
462.2	0.24227	0.19279269	
462.4	0.24205969	0.19231597	
462.6	0.24172277	0.19184042	
462.8	0.24146858	0.19136605	
463	0.24100903	0.19089285	
463.2	0.24043951	0.19042082	
463.4	0.24013901	0.18994996	
463.6	0.24012658	0.18948027	
463.8	0.23970767	0.18901173	
464	0.23905518	0.18854436	
464.2	0.23850097	0.18807814	
464.4	0.23797771	0.18761307	
464.6	0.2370597	0.18714915	
464.8	0.23682236	0.18668638	
465	0.23635733	0.18622476	
465.2	0.23572555	0.18576427	
465.4	0.23546248	0.18530493	
465.6	0.23494661	0.18484672	
465.8	0.23433753	0.18438964	
466	0.23377939	0.1839337	
466.2	0.23338702	0.18347888	
466.4	0.23258466	0.18302518	
466.6	0.23205814	0.18257261	
466.8	0.23159484	0.18212116	
467	0.23089091	0.18167082	
467.2	0.23031344	0.1812216	
467.4	0.22980147	0.18077348	
467.6	0.22936182	0.18032648	
467.8	0.22923694	0.17988058	
468	0.2289771	0.17943578	
468.2	0.22865676	0.17899208	
468.4	0.22859159	0.17854949	
468.6	0.22861058	0.17810798	
468.8	0.22848651	0.17766757	
469	0.22810668	0.17722824	
469.2	0.22783949	0.17679	
469.4	0.22760379	0.17635285	
469.6	0.22700651	0.17591678	
469.8	0.2264358	0.17548178	
470	0.22570851	0.17504786	
470.2	0.22514167	0.17461501	
470.4	0.22446675	0.17418324	
470.6	0.22376934	0.17375253	
470.8	0.2228361	0.17332288	
471	0.22247666	0.1728943	
471.2	0.22174441	0.17246678	
471.4	0.22170048	0.17204032	
471.6	0.22194797	0.17161491	
471.8	0.22180943	0.17119055	
472	0.22102062	0.17076724	
472.2	0.22075503	0.17034498	
472.4	0.2206252	0.16992376	
472.6	0.22053742	0.16950358	
472.8	0.22018151	0.16908445	
473	0.22001533	0.16866635	
473.2	0.21964975	0.16824928	
473.4	0.21939573	0.16783324	
473.6	0.21903807	0.16741824	
473.8	0.21853826	0.16700426	
474	0.21814008	0.1665913	
474.2	0.21768242	0.16617936	
474.4	0.21687019	0.16576845	
474.6	0.21591977	0.16535854	
474.8	0.21540359	0.16494966	
475	0.21507303	0.16454178	
475.2	0.21413068	0.16413491	
475.4	0.21379387	0.16372905	
475.6	0.21303368	0.16332419	
475.8	0.21213529	0.16292033	
476	0.21131863	0.16251748	
476.2	0.21110699	0.16211561	
476.4	0.2107101	0.16171474	
476.6	0.21042345	0.16131487	
476.8	0.21042964	0.16091598	
477	0.21048225	0.16051808	
477.2	0.21029109	0.16012116	
477.4	0.21013759	0.15972522	
477.6	0.21011845	0.15933026	
477.8	0.20996159	0.15893628	
478	0.21000761	0.15854327	
478.2	0.20965658	0.15815124	
478.4	0.20930284	0.15776017	
478.6	0.20922522	0.15737007	
478.8	0.20895514	0.15698094	
479	0.20860423	0.15659277	
479.2	0.20818381	0.15620556	
479.4	0.20807714	0.1558193	
479.6	0.20775708	0.155434	
479.8	0.20754783	0.15504965	
