Conc1	3.08E-08	
Start1	300	
Stop1	539.8	
Kobs	0.000261058723431444	
Error Kobs	1.63808770511959E-05	
Koff	0	
Error Koff	0	
Time1	Data1	Fit1	
300	-0.00092448	0	
300.2	0.00027025	0.00247466	
300.4	0.00183781	0.00494806	
300.6	0.0033982	0.00742017	
300.8	0.00491309	0.00989102	
301	0.00727222	0.01236059	
301.2	0.00959055	0.0148289	
301.4	0.01181681	0.01729593	
301.6	0.01453565	0.01976169	
301.8	0.01707627	0.02222619	
302	0.01952494	0.02468941	
302.2	0.02262503	0.02715137	
302.4	0.02543674	0.02961206	
302.6	0.02703811	0.03207149	
302.8	0.0295183	0.03452965	
303	0.03171664	0.03698654	
303.2	0.03439174	0.03944217	
303.4	0.0370784	0.04189654	
303.6	0.03989421	0.04434964	
303.8	0.04285245	0.04680148	
304	0.04554117	0.04925206	
304.2	0.04803892	0.05170137	
304.4	0.05053531	0.05414943	
304.6	0.05280054	0.05659623	
304.8	0.0553727	0.05904176	
305	0.05809462	0.06148604	
305.2	0.06003499	0.06392906	
305.4	0.06219646	0.06637083	
305.6	0.06473359	0.06881133	
305.8	0.06730288	0.07125058	
306	0.06975276	0.07368858	
306.2	0.07262962	0.07612532	
306.4	0.07499568	0.07856081	
306.6	0.07707812	0.08099504	
306.8	0.07976056	0.08342802	
307	0.08222223	0.08585975	
307.2	0.08512638	0.08829022	
307.4	0.08786838	0.09071945	
307.6	0.09017673	0.09314743	
307.8	0.09231288	0.09557415	
308	0.09436072	0.09799963	
308.2	0.09637283	0.10042386	
308.4	0.09869033	0.10284684	
308.6	0.10106175	0.10526857	
308.8	0.10312714	0.10768906	
309	0.10495256	0.1101083	
309.2	0.10675729	0.1125263	
309.4	0.10931575	0.11494305	
309.6	0.11187487	0.11735856	
309.8	0.11470012	0.11977283	
310	0.11687942	0.12218585	
310.2	0.12001068	0.12459763	
310.4	0.12252525	0.12700817	
310.6	0.12526442	0.12941747	
310.8	0.12736178	0.13182553	
311	0.13023279	0.13423235	
311.2	0.13282344	0.13663793	
311.4	0.13514589	0.13904228	
311.6	0.13713416	0.14144538	
311.8	0.13960712	0.14384725	
312	0.14171997	0.14624789	
312.2	0.14387945	0.14864728	
312.4	0.14616732	0.15104545	
312.6	0.14848882	0.15344238	
312.8	0.1502868	0.15583807	
313	0.1528037	0.15823253	
313.2	0.15510744	0.16062576	
313.4	0.15818052	0.16301776	
313.6	0.1608426	0.16540853	
313.8	0.16314078	0.16779807	
314	0.16590008	0.17018637	
314.2	0.16921102	0.17257345	
314.4	0.17140558	0.1749593	
314.6	0.17427862	0.17734392	
314.8	0.1763091	0.17972731	
315	0.17945284	0.18210948	
315.2	0.18162789	0.18449042	
315.4	0.18404171	0.18687014	
315.6	0.18658914	0.18924863	
315.8	0.18867472	0.1916259	
316	0.19075612	0.19400194	
316.2	0.19279635	0.19637676	
316.4	0.19470361	0.19875036	
316.6	0.1968005	0.20112274	
316.8	0.19873138	0.2034939	
317	0.20115106	0.20586383	
317.2	0.20314592	0.20823255	
317.4	0.20590157	0.21060004	
317.6	0.20727678	0.21296632	
317.8	0.20912018	0.21533138	
318	0.21190805	0.21769523	
318.2	0.21449753	0.22005786	
318.4	0.21657867	0.22241927	
318.6	0.21915496	0.22477946	
318.8	0.22140219	0.22713844	
319	0.22407756	0.22949621	
319.2	0.226231	0.23185276	
319.4	0.22876764	0.23420811	
319.6	0.23171323	0.23656223	
319.8	0.23424488	0.23891515	
320	0.23691521	0.24126686	
320.2	0.23952957	0.24361735	
320.4	0.24196975	0.24596664	
320.6	0.24463114	0.24831472	
320.8	0.24697103	0.25066159	
321	0.24962085	0.25300725	
321.2	0.25267504	0.2553517	
321.4	0.25529337	0.25769495	
321.6	0.25736293	0.26003699	
321.8	0.2597376	0.26237782	
322	0.26215986	0.26471746	
322.2	0.26438312	0.26705588	
322.4	0.2665327	0.26939311	
322.6	0.26859956	0.27172913	
322.8	0.27011206	0.27406395	
323	0.27185241	0.27639756	
323.2	0.2735466	0.27872998	
323.4	0.27571289	0.28106119	
323.6	0.27792283	0.28339121	
323.8	0.28048747	0.28572003	
324	0.28233995	0.28804764	
324.2	0.28495241	0.29037406	
324.4	0.28718183	0.29269929	
324.6	0.2904718	0.29502331	
324.8	0.29363677	0.29734614	
325	0.296607	0.29966778	
325.2	0.30035284	0.30198822	
325.4	0.30294989	0.30430746	
325.6	0.30555585	0.30662551	
325.8	0.30778592	0.30894237	
326	0.31053783	0.31125804	
326.2	0.31262995	0.31357251	
326.4	0.3145091	0.3158858	
326.6	0.3161299	0.31819789	
326.8	0.31739118	0.32050879	
327	0.31907354	0.32281851	
327.2	0.32114708	0.32512703	
327.4	0.32273853	0.32743437	
327.6	0.32457331	0.32974052	
327.8	0.32700154	0.33204548	
328	0.32915719	0.33434926	
328.2	0.33213765	0.33665185	
328.4	0.33503208	0.33895326	
328.6	0.33827183	0.34125348	
328.8	0.34086606	0.34355251	
329	0.34359094	0.34585037	
329.2	0.34660937	0.34814704	
329.4	0.34903194	0.35044253	
329.6	0.35178888	0.35273684	
329.8	0.35459119	0.35502997	
330	0.35698111	0.35732191	
330.2	0.35857948	0.35961268	
330.4	0.36068212	0.36190227	
330.6	0.36282283	0.36419068	
330.8	0.36468284	0.36647791	
331	0.36715557	0.36876397	
331.2	0.36911815	0.37104885	
331.4	0.37073064	0.37333255	
331.6	0.37274759	0.37561508	
331.8	0.37474238	0.37789643	
332	0.37672674	0.38017661	
332.2	0.37899242	0.38245562	
332.4	0.38091396	0.38473345	
332.6	0.3830075	0.38701011	
332.8	0.38530753	0.3892856	
333	0.38711575	0.39155992	
333.2	0.38887767	0.39383306	
333.4	0.39177961	0.39610504	
333.6	0.39420085	0.39837585	
333.8	0.397145	0.40064549	
334	0.39937347	0.40291396	
334.2	0.40133718	0.40518126	
334.4	0.40383117	0.4074474	
334.6	0.40587974	0.40971237	
334.8	0.40776251	0.41197618	
335	0.41001148	0.41423882	
335.2	0.41155653	0.41650029	
335.4	0.41337057	0.4187606	
335.6	0.41521762	0.42101975	
335.8	0.41742413	0.42327774	
336	0.41946846	0.42553456	
336.2	0.42214433	0.42779022	
336.4	0.42394202	0.43004472	
336.6	0.42675845	0.43229807	
336.8	0.42905402	0.43455025	
337	0.43151771	0.43680127	
337.2	0.43440113	0.43905113	
337.4	0.43761528	0.44129984	
337.6	0.4401575	0.44354739	
337.8	0.44249397	0.44579378	
338	0.44493718	0.44803901	
338.2	0.44718132	0.45028309	
338.4	0.4495557	0.45252602	
338.6	0.45209594	0.45476779	
338.8	0.45438401	0.45700841	
339	0.45626684	0.45924787	
339.2	0.45785324	0.46148618	
339.4	0.45992095	0.46372334	
339.6	0.46206312	0.46595935	
339.8	0.46406884	0.46819421	
340	0.46630312	0.47042791	
340.2	0.46857512	0.47266047	
340.4	0.47058648	0.47489188	
340.6	0.47355986	0.47712214	
340.8	0.47576026	0.47935125	
341	0.47862443	0.48157922	
341.2	0.48096261	0.48380604	
341.4	0.48376295	0.48603171	
341.6	0.48641654	0.48825623	
341.8	0.48892785	0.49047962	
342	0.49224986	0.49270185	
342.2	0.49452376	0.49492295	
342.4	0.49689342	0.4971429	
342.6	0.49950488	0.49936171	
342.8	0.500949	0.50157937	
343	0.50225816	0.5037959	
343.2	0.50403251	0.50601128	
343.4	0.50613155	0.50822553	
343.6	0.50823672	0.51043863	
343.8	0.50955569	0.5126506	
344	0.5117579	0.51486143	
344.2	0.51323322	0.51707112	
344.4	0.51548347	0.51927967	
344.6	0.5178639	0.52148709	
344.8	0.52029838	0.52369336	
345	0.52271118	0.52589851	
345.2	0.5248283	0.52810252	
345.4	0.52736354	0.53030539	
345.6	0.52981121	0.53250714	
345.8	0.53244043	0.53470774	
346	0.53468005	0.53690722	
346.2	0.53726579	0.53910556	
346.4	0.53914428	0.54130278	
346.6	0.54132075	0.54349886	
346.8	0.54317995	0.54569381	
347	0.54539798	0.54788763	
347.2	0.54744897	0.55008032	
347.4	0.54976973	0.55227189	
347.6	0.55195932	0.55446232	
347.8	0.55362121	0.55665163	
348	0.55635098	0.55883981	
348.2	0.55837369	0.56102687	
348.4	0.56117495	0.5632128	
348.6	0.56378656	0.56539761	
348.8	0.56623037	0.56758129	
349	0.56825378	0.56976384	
349.2	0.57043311	0.57194528	
349.4	0.57314858	0.57412559	
349.6	0.57535281	0.57630478	
349.8	0.57798195	0.57848285	
350	0.58039216	0.58065979	
350.2	0.5832297	0.58283562	
350.4	0.58468149	0.58501033	
350.6	0.58707694	0.58718391	
350.8	0.58895897	0.58935638	
351	0.5910154	0.59152773	
351.2	0.59311493	0.59369797	
351.4	0.59524389	0.59586708	
351.6	0.59681542	0.59803508	
351.8	0.59875814	0.60020197	
352	0.60080841	0.60236773	
352.2	0.60302903	0.60453239	
352.4	0.60541799	0.60669593	
352.6	0.60763539	0.60885836	
352.8	0.60972696	0.61101967	
353	0.6124646	0.61317987	
353.2	0.6150685	0.61533896	
353.4	0.61778974	0.61749694	
353.6	0.62040352	0.61965381	
353.8	0.62315749	0.62180957	
354	0.62596371	0.62396421	
354.2	0.62817905	0.62611775	
354.4	0.63024893	0.62827018	
354.6	0.63330437	0.63042151	
354.8	0.63570604	0.63257172	
355	0.63778805	0.63472083	
355.2	0.63993695	0.63686884	
355.4	0.64156204	0.63901574	
355.6	0.64320357	0.64116153	
355.8	0.64521228	0.64330622	
356	0.64723506	0.6454498	
356.2	0.64914106	0.64759229	
356.4	0.65057376	0.64973366	
356.6	0.65228664	0.65187394	
356.8	0.65450409	0.65401312	
357	0.65717347	0.65615119	
357.2	0.65941471	0.65828817	
357.4	0.66198955	0.66042404	
357.6	0.66451613	0.66255882	
357.8	0.66628027	0.66469249	
358	0.66889994	0.66682507	
358.2	0.67141474	0.66895655	
358.4	0.67386562	0.67108694	
358.6	0.67632657	0.67321623	
358.8	0.67834555	0.67534442	
359	0.68064078	0.67747151	
359.2	0.68280969	0.67959752	
359.4	0.68465113	0.68172242	
359.6	0.68649042	0.68384624	
359.8	0.68843076	0.68596896	
360	0.69041612	0.68809059	
360.2	0.69198675	0.69021112	
360.4	0.69355655	0.69233057	
360.6	0.69596062	0.69444892	
360.8	0.69805302	0.69656619	
361	0.70018309	0.69868236	
361.2	0.7023246	0.70079745	
361.4	0.70464961	0.70291145	
361.6	0.70683386	0.70502435	
361.8	0.70934317	0.70713618	
362	0.71205408	0.70924691	
362.2	0.71417115	0.71135656	
362.4	0.71622166	0.71346512	
362.6	0.71893884	0.7155726	
362.8	0.72194418	0.71767899	
363	0.72439705	0.7197843	
363.2	0.72626099	0.72188853	
363.4	0.72819581	0.72399167	
363.6	0.73031344	0.72609373	
363.8	0.73240419	0.72819471	
364	0.73416193	0.73029461	
364.2	0.73607515	0.73239342	
364.4	0.73780538	0.73449116	
364.6	0.73970319	0.73658782	
364.8	0.74118693	0.73868339	
365	0.74310113	0.74077789	
365.2	0.74545099	0.74287131	
365.4	0.74768194	0.74496366	
365.6	0.74988565	0.74705492	
365.8	0.75252344	0.74914511	
366	0.75494577	0.75123423	
366.2	0.75707834	0.75332227	
366.4	0.75986541	0.75540923	
366.6	0.76234734	0.75749512	
366.8	0.76504963	0.75957994	
367	0.76753129	0.76166369	
367.2	0.77019208	0.76374636	
367.4	0.77258571	0.76582796	
367.6	0.77439683	0.76790849	
367.8	0.77612785	0.76998795	
368	0.77742675	0.77206633	
368.2	0.77899688	0.77414365	
368.4	0.7804282	0.7762199	
368.6	0.78211684	0.77829508	
368.8	0.78384804	0.78036919	
369	0.78556515	0.78244224	
369.2	0.78780567	0.78451422	
369.4	0.78878801	0.78658513	
369.6	0.79084532	0.78865498	
369.8	0.79293798	0.79072376	
370	0.79523462	0.79279147	
370.2	0.79737516	0.79485813	
370.4	0.80016855	0.79692371	
370.6	0.80287514	0.79898824	
370.8	0.80599081	0.8010517	
371	0.80874411	0.8031141	
371.2	0.81117817	0.80517544	
371.4	0.81322839	0.80723572	
371.6	0.81524007	0.80929494	
371.8	0.81785174	0.8113531	
372	0.82009729	0.8134102	
372.2	0.82243623	0.81546624	
372.4	0.8243225	0.81752122	
372.6	0.82613708	0.81957515	
372.8	0.82819904	0.82162801	
373	0.82995053	0.82367983	
373.2	0.83172997	0.82573058	
373.4	0.83334558	0.82778028	
373.6	0.83570146	0.82982893	
373.8	0.83764775	0.83187652	
374	0.83959103	0.83392305	
374.2	0.8424284	0.83596854	
374.4	0.84513957	0.83801297	
374.6	0.84735859	0.84005635	
374.8	0.85024357	0.84209867	
375	0.85279065	0.84413995	
375.2	0.85479046	0.84618017	
375.4	0.85693163	0.84821935	
375.6	0.85935386	0.85025748	
375.8	0.86190806	0.85229455	
376	0.86374444	0.85433058	
376.2	0.86502592	0.85636556	
376.4	0.86673182	0.8583995	
376.6	0.86855473	0.86043238	
376.8	0.87052582	0.86246422	
377	0.87201878	0.86449502	
377.2	0.87370626	0.86652477	
377.4	0.87568348	0.86855347	
377.6	0.87733184	0.87058113	
377.8	0.87908475	0.87260775	
378	0.88130144	0.87463333	
378.2	0.88406218	0.87665786	
378.4	0.88654268	0.87868135	
378.6	0.88908178	0.8807038	
378.8	0.89242619	0.8827252	
379	0.89466395	0.88474557	
379.2	0.89647439	0.8867649	
379.4	0.89869985	0.88878319	
379.6	0.90111665	0.89080044	
379.8	0.90377109	0.89281665	
380	0.90547817	0.89483182	
380.2	0.90740372	0.89684596	
380.4	0.90995216	0.89885906	
380.6	0.91176366	0.90087112	
380.8	0.91388229	0.90288215	
381	0.91545154	0.90489215	
381.2	0.91650769	0.9069011	
381.4	0.91833854	0.90890903	
381.6	0.91948039	0.91091592	
381.8	0.92104237	0.91292178	
382	0.92274209	0.91492661	
382.2	0.92461375	0.9169304	
382.4	0.92688618	0.91893317	
382.6	0.92904152	0.9209349	
382.8	0.93129551	0.9229356	
383	0.93347468	0.92493527	
383.2	0.93562904	0.92693392	
383.4	0.93819234	0.92893153	
383.6	0.94112373	0.93092812	
383.8	0.9433348	0.93292368	
384	0.94572017	0.93491821	
384.2	0.94802224	0.93691172	
384.4	0.95030964	0.9389042	
384.6	0.95182827	0.94089565	
384.8	0.95371986	0.94288608	
385	0.95506375	0.94487549	
385.2	0.95694665	0.94686387	
385.4	0.95872099	0.94885123	
385.6	0.95985001	0.95083756	
385.8	0.96180122	0.95282288	
386	0.96364597	0.95480717	
386.2	0.96505806	0.95679044	
386.4	0.96687197	0.95877269	
386.6	0.96834345	0.96075392	
386.8	0.9706619	0.96273413	
387	0.97265964	0.96471332	
387.2	0.97529086	0.96669149	
387.4	0.97781768	0.96866864	
387.6	0.98022442	0.97064478	
387.8	0.98208784	0.9726199	
388	0.98486119	0.974594	
388.2	0.98740217	0.97656709	
388.4	0.99023135	0.97853916	
388.6	0.99236652	0.98051022	
388.8	0.99500479	0.98248026	
389	0.99774222	0.98444929	
389.2	1.00013565	0.9864173	
389.4	1.00187333	0.9883843	
389.6	1.00414909	0.99035029	
389.8	1.00674806	0.99231527	
390	1.00882888	0.99427924	
390.2	1.01007972	0.99624219	
390.4	1.0127732	0.99820414	
390.6	1.01451899	1.00016508	
390.8	1.01625732	1.002125	
391	1.01782511	1.00408392	
391.2	1.01988765	1.00604183	
391.4	1.02138082	1.00799873	
391.6	1.02314903	1.00995463	
391.8	1.02448617	1.01190952	
392	1.02602128	1.0138634	
392.2	1.02772661	1.01581628	
392.4	1.02971913	1.01776815	
392.6	1.03103173	1.01971901	
392.8	1.03334477	1.02166888	
393	1.03542023	1.02361774	
393.2	1.03756247	1.02556559	
393.4	1.04003952	1.02751245	
393.6	1.04212295	1.0294583	
393.8	1.04458205	1.03140315	
394	1.04668578	1.033347	
394.2	1.04939931	1.03528985	
394.4	1.05210553	1.0372317	
394.6	1.05398118	1.03917255	
394.8	1.05556948	1.0411124	
395	1.05760742	1.04305125	
395.2	1.05938463	1.04498911	
395.4	1.06087106	1.04692597	
395.6	1.06206286	1.04886183	
395.8	1.06346344	1.05079669	
396	1.06498166	1.05273056	
396.2	1.06686497	1.05466344	
396.4	1.06926832	1.05659531	
396.6	1.07078893	1.0585262	
396.8	1.07298247	1.06045609	
397	1.07469046	1.06238499	
397.2	1.07718042	1.06431289	
397.4	1.07933957	1.0662398	
397.6	1.08127967	1.06816573	
397.8	1.08409067	1.07009066	
398	1.08634144	1.0720146	
398.2	1.08952589	1.07393754	
398.4	1.09158417	1.0758595	
398.6	1.0936796	1.07778047	
398.8	1.0953571	1.07970046	
399	1.09745314	1.08161945	
399.2	1.09973997	1.08353745	
399.4	1.10111408	1.08545447	
399.6	1.10274994	1.08737051	
399.8	1.10478432	1.08928555	
400	1.10631864	1.09119961	
400.2	1.10800599	1.09311269	
400.4	1.10978557	1.09502478	
400.6	1.11116423	1.09693589	
400.8	1.11272	1.09884601	
401	1.11457562	1.10075515	
401.2	1.11680266	1.10266331	
401.4	1.11837757	1.10457048	
401.6	1.120096	1.10647668	
401.8	1.12207312	1.10838189	
402	1.12448242	1.11028612	
402.2	1.12713442	1.11218937	
402.4	1.12905848	1.11409165	
402.6	1.13128729	1.11599294	
402.8	1.13341355	1.11789326	
403	1.13594588	1.11979259	
403.2	1.13774955	1.12169095	
403.4	1.13934968	1.12358834	
403.6	1.14118132	1.12548474	
403.8	1.14356475	1.12738017	
404	1.14576901	1.12927463	
404.2	1.14780684	1.13116811	
404.4	1.14965223	1.13306061	
404.6	1.15109163	1.13495215	
404.8	1.15265557	1.1368427	
405	1.15421883	1.13873229	
405.2	1.15580214	1.1406209	
405.4	1.15665108	1.14250854	
405.6	1.15824928	1.14439521	
405.8	1.15996412	1.14628091	
406	1.16200209	1.14816564	
406.2	1.16377229	1.15004939	
406.4	1.1653184	1.15193218	
406.6	1.16710432	1.153814	
406.8	1.16901998	1.15569485	
407	1.17121565	1.15757474	
407.2	1.17334696	1.15945365	
407.4	1.17585327	1.1613316	
407.6	1.17842803	1.16320858	
407.8	1.18143766	1.1650846	
408	1.18362283	1.16695965	
408.2	1.18545299	1.16883373	
408.4	1.18703505	1.17070685	
408.6	1.18886375	1.17257901	
408.8	1.19058114	1.1744502	
409	1.192261	1.17632043	
409.2	1.1934803	1.1781897	
409.4	1.19474777	1.18005801	
409.6	1.19618074	1.18192535	
409.8	1.19779531	1.18379173	
410	1.19910811	1.18565716	
410.2	1.20076398	1.18752162	
410.4	1.20213976	1.18938512	
410.6	1.20386094	1.19124767	
410.8	1.2057248	1.19310925	
411	1.20779847	1.19496988	
411.2	1.2102221	1.19682955	
411.4	1.21191022	1.19868826	
411.6	1.21444783	1.20054602	
411.8	1.21689658	1.20240282	
412	1.21883905	1.20425866	
412.2	1.2210474	1.20611355	
412.4	1.22334177	1.20796749	
412.6	1.22582218	1.20982047	
412.8	1.22800803	1.21167249	
413	1.23005517	1.21352357	
413.2	1.23132699	1.21537369	
413.4	1.23340934	1.21722286	
413.6	1.2348339	1.21907107	
413.8	1.23668202	1.22091834	
414	1.23809259	1.22276466	
414.2	1.2397193	1.22461002	
414.4	1.24107311	1.22645444	
414.6	1.24233609	1.2282979	
414.8	1.2435741	1.23014042	
415	1.24489328	1.23198199	
415.2	1.24647178	1.23382261	
415.4	1.24764187	1.23566228	
415.6	1.24977878	1.23750101	
415.8	1.25205354	1.23933879	
416	1.25423849	1.24117563	
416.2	1.25627546	1.24301152	
416.4	1.25880227	1.24484646	
416.6	1.26125445	1.24668046	
416.8	1.2634397	1.24851352	
417	1.26552582	1.25034563	
417.2	1.26735587	1.2521768	
417.4	1.26916136	1.25400703	
417.6	1.27079274	1.25583632	
417.8	1.27290406	1.25766466	
418	1.27493102	1.25949207	
418.2	1.27680844	1.26131853	
418.4	1.27862333	1.26314405	
418.6	1.28026373	1.26496864	
418.8	1.28166292	1.26679228	
419	1.28302178	1.26861499	
419.2	1.28442711	1.27043675	
419.4	1.2855797	1.27225758	
419.6	1.28678452	1.27407748	
419.8	1.28797338	1.27589643	
420	1.3068262	1.27772361	
420.2	1.30577948	1.2776569	
420.4	1.30487137	1.27759019	
420.6	1.3034059	1.27752349	
420.8	1.30214008	1.27745679	
421	1.3008609	1.27739009	
421.2	1.29969906	1.2773234	
421.4	1.29857472	1.27725671	
421.6	1.29704329	1.27719002	
421.8	1.29538725	1.27712334	
422	1.2942799	1.27705666	
422.2	1.29313341	1.27698998	
422.4	1.29240733	1.27692331	
422.6	1.29154723	1.27685664	
422.8	1.29105498	1.27678998	
423	1.29026245	1.27672332	
423.2	1.28951789	1.27665666	
423.4	1.28929979	1.27659	
423.6	1.28900676	1.27652335	
423.8	1.28858607	1.2764567	
424	1.28755595	1.27639006	
424.2	1.28734237	1.27632342	
424.4	1.28730151	1.27625678	
424.6	1.28641191	1.27619015	
424.8	1.28637713	1.27612352	
425	1.28631147	1.27605689	
425.2	1.28585671	1.27599027	
425.4	1.28522151	1.27592365	
425.6	1.28448555	1.27585703	
425.8	1.28419359	1.27579042	
426	1.28411874	1.27572381	
426.2	1.28390065	1.2756572	
426.4	1.28401916	1.2755906	
426.6	1.28383956	1.275524	
426.8	1.28352495	1.27545741	
427	1.2831324	1.27539081	
427.2	1.2827457	1.27532422	
427.4	1.28229354	1.27525764	
427.6	1.28178798	1.27519106	
427.8	1.28145227	1.27512448	
428	1.28048247	1.2750579	
428.2	1.28029128	1.27499133	
428.4	1.27945236	1.27492477	
428.6	1.27827046	1.2748582	
428.8	1.27791471	1.27479164	
429	1.27752506	1.27472508	
429.2	1.27683918	1.27465853	
429.4	1.2764175	1.27459198	
429.6	1.27669526	1.27452543	
429.8	1.27635212	1.27445889	
430	1.2756475	1.27439235	
430.2	1.27596574	1.27432581	
430.4	1.27583338	1.27425928	
430.6	1.27519246	1.27419275	
430.8	1.27469304	1.27412622	
431	1.27385703	1.2740597	
431.2	1.27300081	1.27399318	
431.4	1.2724127	1.27392667	
431.6	1.27290194	1.27386015	
431.8	1.27278005	1.27379365	
432	1.27222284	1.27372714	
432.2	1.27207175	1.27366064	
432.4	1.27129477	1.27359414	
432.6	1.27074209	1.27352764	
432.8	1.27036835	1.27346115	
433	1.27031983	1.27339467	
433.2	1.2703045	1.27332818	
433.4	1.27049788	1.2732617	
433.6	1.27112328	1.27319522	
433.8	1.27085489	1.27312875	
434	1.27102897	1.27306228	
434.2	1.2712061	1.27299581	
434.4	1.27117387	1.27292935	
434.6	1.27045295	1.27286289	
434.8	1.27060011	1.27279643	
435	1.2703294	1.27272998	
435.2	1.27057949	1.27266353	
435.4	1.27030199	1.27259708	
435.6	1.27087983	1.27253064	
435.8	1.27009446	1.2724642	
436	1.26989041	1.27239776	
436.2	1.26997986	1.27233133	
436.4	1.26944924	1.2722649	
436.6	1.26946616	1.27219848	
436.8	1.26924695	1.27213205	
437	1.26953501	1.27206564	
437.2	1.26987687	1.27199922	
437.4	1.27000112	1.27193281	
437.6	1.27025604	1.2718664	
437.8	1.27007562	1.2718	
438	1.27013684	1.2717336	
438.2	1.26981297	1.2716672	
438.4	1.27001857	1.2716008	
438.6	1.26911118	1.27153441	
438.8	1.26894385	1.27146803	
439	1.26849299	1.27140164	
439.2	1.26798657	1.27133526	
439.4	1.26719972	1.27126888	
439.6	1.26695895	1.27120251	
439.8	1.2665437	1.27113614	
440	1.26661331	1.27106978	
440.2	1.26651712	1.27100341	
440.4	1.26593168	1.27093705	
440.6	1.26535016	1.2708707	
440.8	1.26449461	1.27080434	
441	1.26448297	1.27073799	
441.2	1.26424532	1.27067165	
441.4	1.26399422	1.27060531	
441.6	1.264206	1.27053897	
441.8	1.26431005	1.27047263	
442	1.26476681	1.2704063	
442.2	1.26504793	1.27033997	
442.4	1.26504813	1.27027365	
442.6	1.26413686	1.27020733	
442.8	1.26446951	1.27014101	
443	1.2644133	1.27007469	
443.2	1.26408565	1.27000838	
443.4	1.26378346	1.26994207	
443.6	1.2636265	1.26987577	
443.8	1.26397756	1.26980947	
444	1.26356631	1.26974317	
444.2	1.26326104	1.26967688	
444.4	1.26274944	1.26961059	
444.6	1.26274982	1.2695443	
444.8	1.2634263	1.26947802	
445	1.26313928	1.26941174	
445.2	1.26308465	1.26934546	
445.4	1.26336545	1.26927919	
445.6	1.26374294	1.26921292	
445.8	1.26418348	1.26914665	
446	1.26483455	1.26908039	
446.2	1.26490472	1.26901413	
446.4	1.26487406	1.26894788	
446.6	1.26437578	1.26888162	
446.8	1.26466409	1.26881537	
447	1.26423302	1.26874913	
447.2	1.264451	1.26868289	
447.4	1.26481206	1.26861665	
447.6	1.2653916	1.26855041	
447.8	1.26583412	1.26848418	
448	1.26541141	1.26841795	
448.2	1.2652192	1.26835173	
448.4	1.26514337	1.26828551	
448.6	1.26522089	1.26821929	
448.8	1.26492431	1.26815308	
449	1.26375512	1.26808687	
449.2	1.26397511	1.26802066	
449.4	1.2634886	1.26795445	
449.6	1.26285344	1.26788825	
449.8	1.2623657	1.26782206	
450	1.26204728	1.26775586	
450.2	1.26114785	1.26768967	
450.4	1.26095921	1.26762349	
450.6	1.26068123	1.2675573	
450.8	1.26069254	1.26749112	
451	1.26101533	1.26742495	
451.2	1.26154621	1.26735878	
451.4	1.26205452	1.26729261	
451.6	1.26222093	1.26722644	
451.8	1.26205768	1.26716028	
452	1.26162033	1.26709412	
452.2	1.26142046	1.26702796	
452.4	1.26142366	1.26696181	
452.6	1.26099053	1.26689566	
452.8	1.26086707	1.26682952	
453	1.2605621	1.26676338	
453.2	1.26042584	1.26669724	
453.4	1.25942795	1.2666311	
453.6	1.25861649	1.26656497	
453.8	1.25808961	1.26649884	
454	1.25762251	1.26643272	
454.2	1.25730212	1.2663666	
454.4	1.25734685	1.26630048	
454.6	1.25748953	1.26623437	
454.8	1.25743581	1.26616826	
455	1.25768819	1.26610215	
455.2	1.25785586	1.26603605	
455.4	1.25743421	1.26596995	
455.6	1.25727118	1.26590385	
455.8	1.25712716	1.26583776	
456	1.25727537	1.26577167	
456.2	1.25707354	1.26570558	
456.4	1.25720637	1.2656395	
456.6	1.25759543	1.26557342	
456.8	1.25789441	1.26550734	
457	1.25830592	1.26544127	
457.2	1.25793462	1.2653752	
457.4	1.25768974	1.26530913	
457.6	1.25823373	1.26524307	
457.8	1.25870461	1.26517701	
458	1.25899865	1.26511096	
458.2	1.2598104	1.26504491	
458.4	1.26013594	1.26497886	
458.6	1.26014676	1.26491281	
458.8	1.26041599	1.26484677	
459	1.26066521	1.26478073	
459.2	1.26009279	1.2647147	
459.4	1.25930633	1.26464867	
459.6	1.25959073	1.26458264	
459.8	1.25951239	1.26451661	
460	1.25891336	1.26445059	
460.2	1.25906987	1.26438458	
460.4	1.25883999	1.26431856	
460.6	1.2590833	1.26425255	
460.8	1.25859859	1.26418654	
461	1.25848061	1.26412054	
461.2	1.25815487	1.26405454	
461.4	1.25794715	1.26398854	
461.6	1.25848327	1.26392255	
461.8	1.25840883	1.26385656	
462	1.25841028	1.26379057	
462.2	1.25889581	1.26372459	
462.4	1.25870608	1.26365861	
462.6	1.25817452	1.26359263	
462.8	1.25800635	1.26352666	
463	1.25767183	1.26346069	
463.2	1.25689173	1.26339473	
463.4	1.25640528	1.26332876	
463.6	1.2564581	1.26326281	
463.8	1.25563801	1.26319685	
464	1.25516015	1.2631309	
464.2	1.25520774	1.26306495	
464.4	1.25454505	1.26299901	
464.6	1.25459414	1.26293306	
464.8	1.25431466	1.26286713	
465	1.25429546	1.26280119	
465.2	1.25436684	1.26273526	
465.4	1.25382807	1.26266933	
465.6	1.25423852	1.26260341	
465.8	1.25409848	1.26253749	
466	1.25418147	1.26247157	
466.2	1.25474354	1.26240565	
466.4	1.25423752	1.26233974	
466.6	1.25396201	1.26227384	
466.8	1.25340144	1.26220793	
467	1.25307436	1.26214203	
467.2	1.25274259	1.26207614	
467.4	1.25238805	1.26201024	
467.6	1.25222544	1.26194435	
467.8	1.25150408	1.26187846	
468	1.25174577	1.26181258	
468.2	1.2513164	1.2617467	
468.4	1.25141885	1.26168083	
468.6	1.25178255	1.26161495	
468.8	1.25206405	1.26154908	
469	1.2522081	1.26148322	
469.2	1.25267286	1.26141736	
469.4	1.25273738	1.2613515	
469.6	1.25284641	1.26128564	
469.8	1.25276105	1.26121979	
470	1.2531579	1.26115394	
470.2	1.25309374	1.26108809	
470.4	1.25270521	1.26102225	
470.6	1.2524492	1.26095641	
470.8	1.25140358	1.26089058	
471	1.25058161	1.26082475	
471.2	1.2502713	1.26075892	
471.4	1.24990414	1.26069309	
471.6	1.24947115	1.26062727	
471.8	1.24893434	1.26056146	
472	1.24893098	1.26049564	
472.2	1.24875278	1.26042983	
472.4	1.24931428	1.26036402	
472.6	1.24946271	1.26029822	
472.8	1.24949625	1.26023242	
473	1.24966413	1.26016662	
473.2	1.25054432	1.26010083	
473.4	1.25088862	1.26003504	
473.6	1.25101513	1.25996925	
473.8	1.25164265	1.25990347	
474	1.25212244	1.25983769	
474.2	1.25191999	1.25977191	
474.4	1.25178222	1.25970614	
474.6	1.25128806	1.25964037	
474.8	1.25077548	1.2595746	
475	1.25038909	1.25950884	
475.2	1.25042651	1.25944308	
475.4	1.25103438	1.25937732	
475.6	1.25076766	1.25931157	
475.8	1.25077369	1.25924582	
476	1.25071643	1.25918007	
476.2	1.25090969	1.25911433	
476.4	1.25118729	1.25904859	
476.6	1.25092504	1.25898286	
476.8	1.25107454	1.25891713	
477	1.25139855	1.2588514	
477.2	1.25238322	1.25878567	
477.4	1.25277493	1.25871995	
477.6	1.25307088	1.25865423	
477.8	1.25290187	1.25858852	
478	1.25269159	1.25852281	
478.2	1.25230394	1.2584571	
478.4	1.25188383	1.25839139	
478.6	1.25146365	1.25832569	
478.8	1.25084262	1.25825999	
479	1.25069193	1.2581943	
479.2	1.25039009	1.25812861	
479.4	1.25057426	1.25806292	
479.6	1.24958553	1.25799724	
479.8	1.24953021	1.25793156	
480	1.24911382	1.25786588	
480.2	1.24912357	1.25780021	
480.4	1.24891751	1.25773454	
480.6	1.24886532	1.25766887	
480.8	1.24933332	1.25760321	
481	1.24963391	1.25753755	
481.2	1.25056377	1.25747189	
481.4	1.25094212	1.25740624	
481.6	1.25113548	1.25734059	
481.8	1.25128287	1.25727494	
482	1.25175265	1.2572093	
482.2	1.25159367	1.25714366	
482.4	1.25147433	1.25707802	
482.6	1.25141221	1.25701239	
482.8	1.25138499	1.25694676	
483	1.25153668	1.25688114	
483.2	1.25148863	1.25681551	
483.4	1.25140453	1.25674989	
483.6	1.25102377	1.25668428	
483.8	1.25130481	1.25661867	
484	1.25077966	1.25655306	
484.2	1.25053277	1.25648745	
484.4	1.25023086	1.25642185	
484.6	1.25052945	1.25635625	
484.8	1.25083728	1.25629066	
485	1.25101563	1.25622507	
485.2	1.25139828	1.25615948	
485.4	1.25127445	1.25609389	
485.6	1.2509314	1.25602831	
485.8	1.25081823	1.25596274	
486	1.25070619	1.25589716	
486.2	1.25046915	1.25583159	
486.4	1.2504084	1.25576602	
486.6	1.25023624	1.25570046	
486.8	1.24969858	1.2556349	
487	1.24936558	1.25556934	
487.2	1.24902821	1.25550379	
487.4	1.24842035	1.25543824	
487.6	1.24792488	1.25537269	
487.8	1.24747578	1.25530715	
488	1.24636535	1.25524161	
488.2	1.24603109	1.25517607	
488.4	1.24556925	1.25511054	
488.6	1.245496	1.25504501	
488.8	1.24544938	1.25497948	
489	1.24517701	1.25491396	
489.2	1.24485424	1.25484844	
489.4	1.24483204	1.25478292	
489.6	1.24499216	1.25471741	
489.8	1.24531991	1.2546519	
490	1.2454122	1.25458639	
490.2	1.24596911	1.25452089	
490.4	1.24593592	1.25445539	
490.6	1.24551196	1.2543899	
490.8	1.24573851	1.25432441	
491	1.2460277	1.25425892	
491.2	1.24609309	1.25419343	
491.4	1.24614638	1.25412795	
491.6	1.24605282	1.25406247	
491.8	1.24617145	1.253997	
492	1.24588722	1.25393152	
492.2	1.24594362	1.25386606	
492.4	1.24588869	1.25380059	
492.6	1.24567477	1.25373513	
492.8	1.24546639	1.25366967	
493	1.24481203	1.25360422	
493.2	1.24414527	1.25353877	
493.4	1.24426779	1.25347332	
493.6	1.24402439	1.25340787	
493.8	1.2436129	1.25334243	
494	1.24353867	1.253277	
494.2	1.24400362	1.25321156	
494.4	1.24354325	1.25314613	
494.6	1.24326773	1.2530807	
494.8	1.24391061	1.25301528	
495	1.24374228	1.25294986	
495.2	1.24396019	1.25288444	
495.4	1.24409055	1.25281903	
495.6	1.24481598	1.25275362	
495.8	1.2448258	1.25268821	
496	1.24431589	1.25262281	
496.2	1.24460906	1.25255741	
496.4	1.24449853	1.25249201	
496.6	1.24448511	1.25242662	
496.8	1.24413215	1.25236123	
497	1.24360925	1.25229584	
497.2	1.24351865	1.25223046	
497.4	1.24372207	1.25216508	
497.6	1.24356386	1.2520997	
497.8	1.24371263	1.25203433	
498	1.24325707	1.25196896	
498.2	1.24302045	1.2519036	
498.4	1.24286742	1.25183823	
498.6	1.24268612	1.25177288	
498.8	1.24268909	1.25170752	
499	1.24264871	1.25164217	
499.2	1.24277769	1.25157682	
499.4	1.24243221	1.25151147	
499.6	1.24217988	1.25144613	
499.8	1.24178031	1.25138079	
500	1.24155859	1.25131546	
500.2	1.24222855	1.25125013	
500.4	1.24204114	1.2511848	
500.6	1.2425187	1.25111947	
500.8	1.24246096	1.25105415	
501	1.24271265	1.25098883	
501.2	1.2429612	1.25092352	
501.4	1.2430538	1.25085821	
501.6	1.24297517	1.2507929	
501.8	1.24284301	1.2507276	
502	1.24265089	1.2506623	
502.2	1.24273757	1.250597	
502.4	1.24344352	1.2505317	
502.6	1.24335703	1.25046641	
502.8	1.24319088	1.25040113	
503	1.24295028	1.25033584	
503.2	1.24278043	1.25027056	
503.4	1.2419438	1.25020528	
503.6	1.24219683	1.25014001	
503.8	1.24191276	1.25007474	
504	1.24166438	1.25000947	
504.2	1.24206079	1.24994421	
504.4	1.24223336	1.24987895	
504.6	1.24231917	1.24981369	
504.8	1.24221767	1.24974844	
505	1.2424509	1.24968319	
505.2	1.24284336	1.24961794	
505.4	1.24294449	1.2495527	
505.6	1.24316431	1.24948746	
505.8	1.24341899	1.24942222	
506	1.24377017	1.24935699	
506.2	1.24421546	1.24929176	
506.4	1.24509293	1.24922654	
506.6	1.24458555	1.24916131	
506.8	1.24431172	1.24909609	
507	1.24375786	1.24903088	
507.2	1.24308066	1.24896567	
507.4	1.24262158	1.24890046	
507.6	1.24282068	1.24883525	
507.8	1.24193238	1.24877005	
508	1.24187276	1.24870485	
508.2	1.24235627	1.24863966	
508.4	1.24247685	1.24857446	
508.6	1.24194889	1.24850928	
508.8	1.24146252	1.24844409	
509	1.24171241	1.24837891	
509.2	1.2412246	1.24831373	
509.4	1.24124235	1.24824856	
509.6	1.2413515	1.24818338	
509.8	1.24152803	1.24811822	
510	1.24193585	1.24805305	
510.2	1.24256608	1.24798789	
510.4	1.24270514	1.24792273	
510.6	1.24285317	1.24785758	
510.8	1.24312738	1.24779243	
511	1.2423344	1.24772728	
511.2	1.24214881	1.24766213	
511.4	1.24245473	1.24759699	
511.6	1.24216041	1.24753186	
511.8	1.24234931	1.24746672	
512	1.24258984	1.24740159	
512.2	1.24276724	1.24733646	
512.4	1.24224477	1.24727134	
512.6	1.24207607	1.24720622	
512.8	1.24171083	1.2471411	
513	1.24209678	1.24707599	
513.2	1.24177999	1.24701088	
513.4	1.24267296	1.24694577	
513.6	1.2430519	1.24688067	
513.8	1.24389953	1.24681557	
514	1.24467345	1.24675047	
514.2	1.24543141	1.24668538	
514.4	1.24567113	1.24662029	
514.6	1.24632026	1.2465552	
514.8	1.24572904	1.24649012	
515	1.24498928	1.24642504	
515.2	1.24469471	1.24635996	
515.4	1.24437472	1.24629489	
515.6	1.24427059	1.24622982	
515.8	1.2443547	1.24616475	
516	1.24372887	1.24609969	
516.2	1.24330703	1.24603463	
516.4	1.24287603	1.24596958	
516.6	1.2429957	1.24590452	
516.8	1.24275456	1.24583947	
517	1.24281688	1.24577443	
517.2	1.24261376	1.24570939	
517.4	1.24305222	1.24564435	
517.6	1.24321765	1.24557931	
517.8	1.24307154	1.24551428	
518	1.24282005	1.24544925	
518.2	1.24231468	1.24538422	
518.4	1.24159001	1.2453192	
518.6	1.24065267	1.24525418	
518.8	1.23995856	1.24518917	
519	1.23967187	1.24512416	
519.2	1.23968321	1.24505915	
519.4	1.23989443	1.24499414	
519.6	1.23959613	1.24492914	
519.8	1.23947401	1.24486414	
520	1.23971454	1.24479915	
520.2	1.23967757	1.24473416	
520.4	1.23902889	1.24466917	
520.6	1.23933765	1.24460418	
520.8	1.24006781	1.2445392	
521	1.24042067	1.24447423	
521.2	1.24039523	1.24440925	
521.4	1.2401449	1.24434428	
521.6	1.2402204	1.24427931	
521.8	1.23992776	1.24421435	
522	1.24020726	1.24414939	
522.2	1.23980264	1.24408443	
522.4	1.23962357	1.24401948	
522.6	1.23907865	1.24395452	
522.8	1.2397335	1.24388958	
523	1.23953478	1.24382463	
523.2	1.2400447	1.24375969	
523.4	1.24006024	1.24369476	
523.6	1.2400326	1.24362982	
523.8	1.24019916	1.24356489	
524	1.24068141	1.24349996	
524.2	1.24049703	1.24343504	
524.4	1.24055231	1.24337012	
524.6	1.24124453	1.2433052	
524.8	1.24132405	1.24324029	
525	1.24065836	1.24317538	
525.2	1.24038241	1.24311047	
525.4	1.23973895	1.24304557	
525.6	1.2399991	1.24298067	
525.8	1.23982926	1.24291577	
526	1.23982338	1.24285088	
526.2	1.23881185	1.24278599	
526.4	1.23879926	1.2427211	
526.6	1.23838847	1.24265622	
526.8	1.23883803	1.24259134	
527	1.23864835	1.24252647	
527.2	1.23892387	1.24246159	
527.4	1.23870059	1.24239672	
527.6	1.23864465	1.24233186	
527.8	1.23864374	1.242267	
528	1.23944666	1.24220214	
528.2	1.23968437	1.24213728	
528.4	1.23949679	1.24207243	
528.6	1.23954785	1.24200758	
528.8	1.23932633	1.24194273	
529	1.23932593	1.24187789	
529.2	1.23954861	1.24181305	
529.4	1.23897765	1.24174822	
529.6	1.23878709	1.24168338	
529.8	1.2382692	1.24161856	
530	1.23775058	1.24155373	
530.2	1.23767486	1.24148891	
530.4	1.23792109	1.24142409	
530.6	1.23831891	1.24135927	
530.8	1.23827962	1.24129446	
531	1.23791	1.24122965	
531.2	1.23796754	1.24116485	
531.4	1.2378013	1.24110005	
531.6	1.23789093	1.24103525	
531.8	1.23821391	1.24097045	
532	1.23819757	1.24090566	
532.2	1.23857617	1.24084087	
532.4	1.2381174	1.24077609	
532.6	1.23826671	1.24071131	
532.8	1.23877618	1.24064653	
533	1.238738	1.24058176	
533.2	1.23895449	1.24051698	
533.4	1.23809562	1.24045222	
533.6	1.23736709	1.24038745	
533.8	1.23718566	1.24032269	
534	1.23701746	1.24025793	
534.2	1.23734894	1.24019318	
534.4	1.23744673	1.24012843	
534.6	1.23826545	1.24006368	
534.8	1.23778603	1.23999894	
535	1.23771021	1.2399342	
535.2	1.23795363	1.23986946	
535.4	1.2376679	1.23980472	
535.6	1.23761457	1.23973999	
535.8	1.23795731	1.23967527	
536	1.2382092	1.23961054	
536.2	1.23792291	1.23954582	
536.4	1.23739927	1.2394811	
536.6	1.23751237	1.23941639	
536.8	1.23772063	1.23935168	
537	1.23722541	1.23928697	
537.2	1.23721963	1.23922227	
537.4	1.23670146	1.23915757	
537.6	1.23609843	1.23909287	
537.8	1.23584295	1.23902818	
538	1.23537628	1.23896349	
538.2	1.23529455	1.2388988	
538.4	1.2352976	1.23883412	
538.6	1.23519911	1.23876944	
538.8	1.2343955	1.23870476	
539	1.23421812	1.23864009	
539.2	1.23433101	1.23857542	
539.4	1.23418537	1.23851075	
539.6	1.23429841	1.23844609	
539.8	1.23448034	1.23838143	
