Conc1	3E-07	
Start1	240	
Stop1	479.8	
Kobs	3.09449456477169E-05	
Error Kobs	1.00767858377042E-05	
Koff	0	
Error Koff	0	
Time1	Data1	Fit1	
240	-0.01458737	0	
240.2	-0.01363971	0.00243452	
240.4	-0.01270586	0.00486888	
240.6	-0.0113689	0.00730308	
240.8	-0.00983246	0.00973711	
241	-0.00808192	0.01217098	
241.2	-0.00598785	0.01460468	
241.4	-0.00385043	0.01703822	
241.6	-0.00120132	0.0194716	
241.8	0.00091765	0.02190481	
242	0.00345598	0.02433786	
242.2	0.00583545	0.02677074	
242.4	0.00832793	0.02920346	
242.6	0.0110838	0.03163602	
242.8	0.01318029	0.03406841	
243	0.0159697	0.03650064	
243.2	0.01826325	0.0389327	
243.4	0.02112755	0.0413646	
243.6	0.02388651	0.04379634	
243.8	0.02629613	0.04622791	
244	0.02854439	0.04865932	
244.2	0.0306621	0.05109057	
244.4	0.03307327	0.05352165	
244.6	0.03532496	0.05595256	
244.8	0.03753978	0.05838332	
245	0.03978265	0.06081391	
245.2	0.04200458	0.06324433	
245.4	0.04415547	0.0656746	
245.6	0.04653	0.06810469	
245.8	0.04859602	0.07053463	
246	0.05140059	0.0729644	
246.2	0.05407463	0.07539401	
246.4	0.05669306	0.07782345	
246.6	0.05951051	0.08025273	
246.8	0.06214695	0.08268185	
247	0.0648578	0.0851108	
247.2	0.06757154	0.08753959	
247.4	0.07054807	0.08996821	
247.6	0.07336265	0.09239668	
247.8	0.07562466	0.09482497	
248	0.07843165	0.09725311	
248.2	0.08110155	0.09968108	
248.4	0.08406424	0.10210889	
248.6	0.08607798	0.10453653	
248.8	0.08848205	0.10696401	
249	0.09057072	0.10939133	
249.2	0.09297991	0.11181848	
249.4	0.09510578	0.11424547	
249.6	0.09743859	0.11667229	
249.8	0.09998814	0.11909896	
250	0.10255498	0.12152546	
250.2	0.10510494	0.12395179	
250.4	0.10742076	0.12637796	
250.6	0.11004178	0.12880397	
250.8	0.11266663	0.13122982	
251	0.11536119	0.1336555	
251.2	0.11775633	0.13608102	
251.4	0.12029779	0.13850637	
251.6	0.12276652	0.14093156	
251.8	0.12536273	0.14335659	
252	0.1285228	0.14578145	
252.2	0.13104783	0.14820615	
252.4	0.13358001	0.15063069	
252.6	0.13586676	0.15305507	
252.8	0.13833391	0.15547928	
253	0.14070946	0.15790332	
253.2	0.14329624	0.16032721	
253.4	0.14573456	0.16275093	
253.6	0.14823848	0.16517449	
253.8	0.15081206	0.16759788	
254	0.15330241	0.17002111	
254.2	0.15561239	0.17244418	
254.4	0.15816472	0.17486708	
254.6	0.16070142	0.17728983	
254.8	0.16347176	0.1797124	
255	0.16617314	0.18213482	
255.2	0.16853513	0.18455707	
255.4	0.17118203	0.18697916	
255.6	0.17337096	0.18940108	
255.8	0.17579286	0.19182284	
256	0.17822944	0.19424444	
256.2	0.18035365	0.19666588	
256.4	0.1825364	0.19908715	
256.6	0.18536153	0.20150826	
256.8	0.18768323	0.20392921	
257	0.19015044	0.20634999	
257.2	0.19293911	0.20877061	
257.4	0.19580337	0.21119107	
257.6	0.19811882	0.21361136	
257.8	0.20049577	0.21603149	
258	0.20290233	0.21845146	
258.2	0.20566602	0.22087126	
258.4	0.20816918	0.2232909	
258.6	0.21110197	0.22571038	
258.8	0.21387616	0.2281297	
259	0.21628445	0.23054885	
259.2	0.21865217	0.23296784	
259.4	0.22099966	0.23538666	
259.6	0.22298153	0.23780533	
259.8	0.22575966	0.24022383	
260	0.22848837	0.24264216	
260.2	0.23089379	0.24506034	
260.4	0.2335819	0.24747835	
260.6	0.23663691	0.2498962	
260.8	0.23886956	0.25231388	
261	0.24168939	0.25473141	
261.2	0.24452262	0.25714877	
261.4	0.24713436	0.25956596	
261.6	0.2494699	0.261983	
261.8	0.25215313	0.26439987	
262	0.25501718	0.26681658	
262.2	0.2580406	0.26923312	
262.4	0.26004414	0.27164951	
262.6	0.26284846	0.27406573	
262.8	0.26483035	0.27648178	
263	0.26667963	0.27889768	
263.2	0.2690041	0.28131341	
263.4	0.27137469	0.28372898	
263.6	0.27354484	0.28614438	
263.8	0.27581152	0.28855963	
264	0.27787871	0.29097471	
264.2	0.28006744	0.29338963	
264.4	0.28240252	0.29580438	
264.6	0.28470265	0.29821897	
264.8	0.28712294	0.3006334	
265	0.28981661	0.30304767	
265.2	0.29233503	0.30546177	
265.4	0.29499998	0.30787571	
265.6	0.29727418	0.31028949	
265.8	0.29991463	0.31270311	
266	0.30300751	0.31511656	
266.2	0.30562213	0.31752985	
266.4	0.30763978	0.31994298	
266.6	0.3102392	0.32235595	
266.8	0.3126912	0.32476875	
267	0.31501859	0.32718139	
267.2	0.31764692	0.32959387	
267.4	0.3201304	0.33200619	
267.6	0.3223206	0.33441834	
267.8	0.32447631	0.33683033	
268	0.32660564	0.33924216	
268.2	0.32873346	0.34165382	
268.4	0.33111329	0.34406533	
268.6	0.33332658	0.34647667	
268.8	0.33578551	0.34888785	
269	0.33820085	0.35129886	
269.2	0.34070133	0.35370971	
269.4	0.34281587	0.3561204	
269.6	0.34463831	0.35853093	
269.8	0.34742743	0.3609413	
270	0.35065023	0.3633515	
270.2	0.35278393	0.36576154	
270.4	0.35540437	0.36817142	
270.6	0.35830008	0.37058114	
270.8	0.36142277	0.37299069	
271	0.36428444	0.37540008	
271.2	0.36705798	0.37780931	
271.4	0.36960646	0.38021838	
271.6	0.37218213	0.38262728	
271.8	0.37459532	0.38503603	
272	0.37678698	0.38744461	
272.2	0.37933703	0.38985302	
272.4	0.38208491	0.39226128	
272.6	0.38458257	0.39466937	
272.8	0.387267	0.3970773	
273	0.38989125	0.39948507	
273.2	0.39207616	0.40189268	
273.4	0.3945253	0.40430012	
273.6	0.39667159	0.4067074	
273.8	0.39918611	0.40911452	
274	0.40150637	0.41152148	
274.2	0.40373867	0.41392827	
274.4	0.40634906	0.41633491	
274.6	0.40875122	0.41874138	
274.8	0.41160552	0.42114769	
275	0.41413467	0.42355383	
275.2	0.4163521	0.42595982	
275.4	0.41867484	0.42836564	
275.6	0.42140109	0.4307713	
275.8	0.42378555	0.4331768	
276	0.42637829	0.43558214	
276.2	0.42920453	0.43798731	
276.4	0.43160583	0.44039232	
276.6	0.4342199	0.44279717	
276.8	0.43700268	0.44520186	
277	0.43945621	0.44760638	
277.2	0.44157994	0.45001075	
277.4	0.44418787	0.45241495	
277.6	0.44623688	0.45481899	
277.8	0.44861808	0.45722287	
278	0.45115517	0.45962658	
278.2	0.45388096	0.46203014	
278.4	0.45599358	0.46443353	
278.6	0.45823047	0.46683676	
278.8	0.46098378	0.46923983	
279	0.46327053	0.47164273	
279.2	0.4653419	0.47404548	
279.4	0.46777894	0.47644806	
279.6	0.47021586	0.47885048	
279.8	0.4725076	0.48125274	
280	0.47509032	0.48365484	
280.2	0.47752541	0.48605677	
280.4	0.47948995	0.48845854	
280.6	0.48187012	0.49086016	
280.8	0.48443029	0.49326161	
281	0.4870305	0.49566289	
281.2	0.48948499	0.49806402	
281.4	0.4921493	0.50046498	
281.6	0.49461468	0.50286578	
281.8	0.49716539	0.50526642	
282	0.49963573	0.5076669	
282.2	0.50237045	0.51006722	
282.4	0.50450807	0.51246738	
282.6	0.50710909	0.51486737	
282.8	0.5096408	0.5172672	
283	0.51210123	0.51966687	
283.2	0.51460379	0.52206638	
283.4	0.51739507	0.52446573	
283.6	0.51992223	0.52686491	
283.8	0.52210706	0.52926393	
284	0.52487737	0.5316628	
284.2	0.5271273	0.5340615	
284.4	0.52915815	0.53646003	
284.6	0.53169097	0.53885841	
284.8	0.53431501	0.54125663	
285	0.53689546	0.54365468	
285.2	0.53923719	0.54605257	
285.4	0.54141626	0.5484503	
285.6	0.54382822	0.55084787	
285.8	0.5460316	0.55324528	
286	0.54842949	0.55564252	
286.2	0.55080553	0.55803961	
286.4	0.55312535	0.56043653	
286.6	0.55535838	0.56283329	
286.8	0.55785823	0.56522989	
287	0.56080153	0.56762633	
287.2	0.56331496	0.57002261	
287.4	0.56592616	0.57241872	
287.6	0.56811003	0.57481468	
287.8	0.57029402	0.57721047	
288	0.57295136	0.5796061	
288.2	0.57517443	0.58200157	
288.4	0.57781606	0.58439688	
288.6	0.58077376	0.58679203	
288.8	0.58322752	0.58918701	
289	0.58569257	0.59158184	
289.2	0.58811082	0.5939765	
289.4	0.59027075	0.596371	
289.6	0.59282844	0.59876534	
289.8	0.59504587	0.60115952	
290	0.59805619	0.60355354	
290.2	0.60031459	0.60594739	
290.4	0.60287965	0.60834109	
290.6	0.60495717	0.61073462	
290.8	0.60746393	0.61312799	
291	0.60988977	0.6155212	
291.2	0.61190341	0.61791425	
291.4	0.61432287	0.62030714	
291.6	0.61656834	0.62269987	
291.8	0.61899792	0.62509243	
292	0.62154017	0.62748484	
292.2	0.62440247	0.62987708	
292.4	0.62731773	0.63226916	
292.6	0.62975927	0.63466109	
292.8	0.63197764	0.63705285	
293	0.63464795	0.63944444	
293.2	0.6374019	0.64183588	
293.4	0.63990366	0.64422716	
293.6	0.64275985	0.64661827	
293.8	0.64550274	0.64900923	
294	0.6485819	0.65140002	
294.2	0.65036717	0.65379065	
294.4	0.65243115	0.65618112	
294.6	0.65463258	0.65857143	
294.8	0.65707132	0.66096158	
295	0.65915936	0.66335157	
295.2	0.66121314	0.6657414	
295.4	0.66382142	0.66813106	
295.6	0.66604823	0.67052057	
295.8	0.66850946	0.67290991	
296	0.67099434	0.6752991	
296.2	0.67361696	0.67768812	
296.4	0.67622358	0.68007698	
296.6	0.67888016	0.68246568	
296.8	0.68174626	0.68485422	
297	0.68448413	0.68724259	
297.2	0.68705337	0.68963081	
297.4	0.68925153	0.69201887	
297.6	0.691982	0.69440676	
297.8	0.69421917	0.6967945	
298	0.69640372	0.69918207	
298.2	0.69830686	0.70156948	
298.4	0.7008159	0.70395673	
298.6	0.7034622	0.70634383	
298.8	0.70564202	0.70873076	
299	0.70728676	0.71111752	
299.2	0.70972285	0.71350413	
299.4	0.71225714	0.71589058	
299.6	0.71447644	0.71827687	
299.8	0.71671672	0.72066299	
300	0.71919938	0.72304896	
300.2	0.72206856	0.72543476	
300.4	0.72478461	0.72782041	
300.6	0.7273908	0.73020589	
300.8	0.73001298	0.73259121	
301	0.73264478	0.73497637	
301.2	0.7352887	0.73736137	
301.4	0.73751451	0.73974621	
301.6	0.73992599	0.74213089	
301.8	0.74174164	0.74451541	
302	0.74400865	0.74689977	
302.2	0.74642326	0.74928397	
302.4	0.74910086	0.751668	
302.6	0.75169073	0.75405188	
302.8	0.75379191	0.75643559	
303	0.75573182	0.75881915	
303.2	0.75855121	0.76120254	
303.4	0.76084406	0.76358578	
303.6	0.76320684	0.76596885	
303.8	0.7656594	0.76835176	
304	0.76863728	0.77073451	
304.2	0.77149824	0.77311711	
304.4	0.77392558	0.77549954	
304.6	0.7762727	0.77788181	
304.8	0.77922017	0.78026392	
305	0.78127507	0.78264587	
305.2	0.78347249	0.78502765	
305.4	0.78549728	0.78740928	
305.6	0.78753817	0.78979075	
305.8	0.78950698	0.79217206	
306	0.79214343	0.7945532	
306.2	0.79448498	0.79693419	
306.4	0.79716946	0.79931502	
306.6	0.7994052	0.80169568	
306.8	0.80134172	0.80407619	
307	0.8037553	0.80645653	
307.2	0.80654227	0.80883672	
307.4	0.80881489	0.81121674	
307.6	0.81135825	0.8135966	
307.8	0.81366272	0.81597631	
308	0.81624944	0.81835585	
308.2	0.81869938	0.82073523	
308.4	0.82110559	0.82311446	
308.6	0.82356766	0.82549352	
308.8	0.82652179	0.82787242	
309	0.82847452	0.83025116	
309.2	0.83113158	0.83262974	
309.4	0.83383608	0.83500816	
309.6	0.83647934	0.83738642	
309.8	0.83928509	0.83976452	
310	0.84191058	0.84214246	
310.2	0.84435302	0.84452024	
310.4	0.84718212	0.84689786	
310.6	0.84967232	0.84927532	
310.8	0.85186299	0.85165262	
311	0.85431741	0.85402976	
311.2	0.85665513	0.85640674	
311.4	0.85889552	0.85878356	
311.6	0.86098834	0.86116022	
311.8	0.86305298	0.86353671	
312	0.86566194	0.86591305	
312.2	0.86805594	0.86828923	
312.4	0.87046737	0.87066525	
312.6	0.87270355	0.87304111	
312.8	0.87535232	0.8754168	
313	0.87774794	0.87779234	
313.2	0.88042439	0.88016772	
313.4	0.88272409	0.88254294	
313.6	0.88498316	0.884918	
313.8	0.88751738	0.88729289	
314	0.88989455	0.88966763	
314.2	0.89260326	0.89204221	
314.4	0.89513009	0.89441663	
314.6	0.89775565	0.89679088	
314.8	0.89969129	0.89916498	
315	0.90207342	0.90153892	
315.2	0.90430159	0.9039127	
315.4	0.90684527	0.90628631	
315.6	0.90918687	0.90865977	
315.8	0.91145019	0.91103307	
316	0.91384627	0.91340621	
316.2	0.91629743	0.91577918	
316.4	0.91886054	0.918152	
316.6	0.92098397	0.92052466	
316.8	0.92361317	0.92289716	
317	0.92575655	0.9252695	
317.2	0.92785488	0.92764168	
317.4	0.93018375	0.9300137	
317.6	0.9327172	0.93238555	
317.8	0.93569179	0.93475725	
318	0.93822845	0.93712879	
318.2	0.94100828	0.93950017	
318.4	0.94351857	0.94187139	
318.6	0.9463085	0.94424245	
318.8	0.94864842	0.94661335	
319	0.95134752	0.94898409	
319.2	0.95375478	0.95135467	
319.4	0.95659536	0.9537251	
319.6	0.95896511	0.95609536	
319.8	0.96104242	0.95846546	
320	0.96326107	0.9608354	
320.2	0.96585009	0.96320518	
320.4	0.96832321	0.9655748	
320.6	0.9705258	0.96794427	
320.8	0.97321337	0.97031357	
321	0.97529567	0.97268271	
321.2	0.97796424	0.9750517	
321.4	0.98066277	0.97742052	
321.6	0.98327491	0.97978919	
321.8	0.98578191	0.98215769	
322	0.98811737	0.98452604	
322.2	0.9900389	0.98689422	
322.4	0.99261291	0.98926225	
322.6	0.99513218	0.99163012	
322.8	0.9974899	0.99399782	
323	0.99969645	0.99636537	
323.2	1.00161661	0.99873276	
323.4	1.00384879	1.00109999	
323.6	1.00611173	1.00346706	
323.8	1.00809808	1.00583397	
324	1.01020785	1.00820072	
324.2	1.01296072	1.01056731	
324.4	1.01531774	1.01293374	
324.6	1.01767554	1.01530001	
324.8	1.02012975	1.01766612	
325	1.02231093	1.02003208	
325.2	1.02490918	1.02239787	
325.4	1.02743607	1.0247635	
325.6	1.03024009	1.02712898	
325.8	1.03262128	1.02949429	
326	1.03494392	1.03185945	
326.2	1.03722654	1.03422445	
326.4	1.04003478	1.03658928	
326.6	1.04215285	1.03895396	
326.8	1.04477409	1.04131848	
327	1.04737996	1.04368284	
327.2	1.04944889	1.04604704	
327.4	1.05221125	1.04841108	
327.6	1.05490988	1.05077496	
327.8	1.05690961	1.05313868	
328	1.05950635	1.05550225	
328.2	1.06188515	1.05786565	
328.4	1.06371783	1.06022889	
328.6	1.06591759	1.06259198	
328.8	1.0681773	1.06495491	
329	1.07069827	1.06731767	
329.2	1.07338231	1.06968028	
329.4	1.07605558	1.07204273	
329.6	1.07845046	1.07440502	
329.8	1.08084865	1.07676715	
330	1.08257343	1.07912912	
330.2	1.08504927	1.08149093	
330.4	1.08708831	1.08385258	
330.6	1.08910379	1.08621407	
330.8	1.09131559	1.08857541	
331	1.09328632	1.09093658	
331.2	1.09590166	1.0932976	
331.4	1.09858835	1.09565846	
331.6	1.10100742	1.09801915	
331.8	1.10331754	1.10037969	
332	1.10590985	1.10274007	
332.2	1.10807848	1.10510029	
332.4	1.11061927	1.10746036	
332.6	1.11325164	1.10982026	
332.8	1.11625452	1.11218	
333	1.11948947	1.11453959	
333.2	1.12211235	1.11689901	
333.4	1.12455574	1.11925828	
333.6	1.12682042	1.12161739	
333.8	1.12955182	1.12397633	
334	1.13195645	1.12633512	
334.2	1.13434726	1.12869375	
334.4	1.13646773	1.13105223	
334.6	1.13826996	1.13341054	
334.8	1.14075233	1.13576869	
335	1.14313721	1.13812669	
335.2	1.14574901	1.14048452	
335.4	1.1478196	1.1428422	
335.6	1.15000171	1.14519972	
335.8	1.15209	1.14755708	
336	1.15443273	1.14991428	
336.2	1.15715142	1.15227132	
336.4	1.15971524	1.15462821	
336.6	1.16186342	1.15698493	
336.8	1.16444728	1.1593415	
337	1.1664923	1.1616979	
337.2	1.16871076	1.16405415	
337.4	1.17106055	1.16641024	
337.6	1.17354822	1.16876617	
337.8	1.1761886	1.17112194	
338	1.17892837	1.17347756	
338.2	1.18106406	1.17583301	
338.4	1.18328123	1.17818831	
338.6	1.18528966	1.18054344	
338.8	1.18759689	1.18289842	
339	1.18969869	1.18525324	
339.2	1.19167203	1.1876079	
339.4	1.19394558	1.1899624	
339.6	1.19633446	1.19231675	
339.8	1.19906601	1.19467093	
340	1.20205781	1.19702496	
340.2	1.20441057	1.19937883	
340.4	1.20690169	1.20173253	
340.6	1.20895418	1.20408609	
340.8	1.2115612	1.20643948	
341	1.21397662	1.20879271	
341.2	1.21669948	1.21114578	
341.4	1.21932487	1.2134987	
341.6	1.22165423	1.21585146	
341.8	1.22370992	1.21820406	
342	1.22616495	1.2205565	
342.2	1.22811286	1.22290878	
342.4	1.23018952	1.2252609	
342.6	1.23234941	1.22761287	
342.8	1.23443212	1.22996468	
343	1.23701054	1.23231632	
343.2	1.2392204	1.23466781	
343.4	1.24184325	1.23701915	
343.6	1.24463626	1.23937032	
343.8	1.24725619	1.24172133	
344	1.24940832	1.24407219	
344.2	1.25149767	1.24642289	
344.4	1.25410547	1.24877343	
344.6	1.25649422	1.25112381	
344.8	1.25917056	1.25347403	
345	1.26130875	1.25582409	
345.2	1.26387544	1.258174	
345.4	1.26633515	1.26052375	
345.6	1.2680286	1.26287333	
345.8	1.26971138	1.26522277	
346	1.27192764	1.26757204	
346.2	1.27388467	1.26992115	
346.4	1.27593848	1.27227011	
346.6	1.27782673	1.27461891	
346.8	1.28027765	1.27696754	
347	1.28269185	1.27931603	
347.2	1.28494498	1.28166435	
347.4	1.28764303	1.28401251	
347.6	1.28974795	1.28636052	
347.8	1.29215648	1.28870837	
348	1.29448504	1.29105606	
348.2	1.29728318	1.29340359	
348.4	1.29987236	1.29575096	
348.6	1.30289292	1.29809818	
348.8	1.30537579	1.30044524	
349	1.30780671	1.30279214	
349.2	1.31030885	1.30513888	
349.4	1.31270259	1.30748546	
349.6	1.31458553	1.30983188	
349.8	1.31644477	1.31217815	
350	1.31864616	1.31452426	
350.2	1.32098529	1.31687021	
350.4	1.32284205	1.319216	
350.6	1.32543676	1.32156164	
350.8	1.32808156	1.32390711	
351	1.33021057	1.32625243	
351.2	1.33242417	1.32859759	
351.4	1.33492498	1.33094259	
351.6	1.33695422	1.33328744	
351.8	1.33989519	1.33563212	
352	1.34231129	1.33797665	
352.2	1.34505125	1.34032102	
352.4	1.34746232	1.34266524	
352.6	1.34996421	1.34500929	
352.8	1.35200646	1.34735319	
353	1.35417091	1.34969692	
353.2	1.35609349	1.3520405	
353.4	1.3583366	1.35438393	
353.6	1.36069783	1.35672719	
353.8	1.36275162	1.3590703	
354	1.36534809	1.36141325	
354.2	1.36755353	1.36375604	
354.4	1.36924325	1.36609867	
354.6	1.3718068	1.36844115	
354.8	1.37372651	1.37078347	
355	1.37567002	1.37312563	
355.2	1.37804694	1.37546763	
355.4	1.3810049	1.37780947	
355.6	1.38322693	1.38015116	
355.8	1.38560518	1.38249269	
356	1.38823569	1.38483406	
356.2	1.39094275	1.38717527	
356.4	1.39327823	1.38951632	
356.6	1.39567525	1.39185722	
356.8	1.39780974	1.39419796	
357	1.40050976	1.39653854	
357.2	1.4027768	1.39887897	
357.4	1.40532759	1.40121924	
357.6	1.40828515	1.40355934	
357.8	1.41046618	1.4058993	
358	1.41297743	1.40823909	
358.2	1.41489015	1.41057873	
358.4	1.41691804	1.4129182	
358.6	1.419108	1.41525752	
358.8	1.42094825	1.41759669	
359	1.42263913	1.41993569	
359.2	1.42428841	1.42227454	
359.4	1.4255697	1.42461323	
359.6	1.42617378	1.42695176	
359.8	1.42703117	1.42929014	
360	1.42703117	1.43164031	
360.2	1.42786949	1.43163145	
360.4	1.42892887	1.43162259	
360.6	1.42973956	1.43161373	
360.8	1.43087321	1.43160487	
361	1.43159937	1.43159601	
361.2	1.43294164	1.43158715	
361.4	1.43397615	1.43157829	
361.6	1.43479366	1.43156943	
361.8	1.43562888	1.43156057	
362	1.4361229	1.43155171	
362.2	1.43652403	1.43154285	
362.4	1.43675321	1.43153399	
362.6	1.43755553	1.43152513	
362.8	1.43784878	1.43151627	
363	1.43831543	1.43150741	
363.2	1.43891121	1.43149855	
363.4	1.43940791	1.43148969	
363.6	1.4395812	1.43148083	
363.8	1.4397638	1.43147197	
364	1.43999492	1.43146311	
364.2	1.43969935	1.43145425	
364.4	1.43950603	1.43144539	
364.6	1.4392067	1.43143653	
364.8	1.43914164	1.43142767	
365	1.43921331	1.43141881	
365.2	1.43957209	1.43140996	
365.4	1.43935462	1.4314011	
365.6	1.43932406	1.43139224	
365.8	1.43931608	1.43138338	
366	1.43942023	1.43137452	
366.2	1.44002322	1.43136566	
366.4	1.44010556	1.4313568	
366.6	1.44035111	1.43134794	
366.8	1.44056868	1.43133909	
367	1.44085719	1.43133023	
367.2	1.44052088	1.43132137	
367.4	1.44026467	1.43131251	
367.6	1.43929922	1.43130365	
367.8	1.43872709	1.43129479	
368	1.4383518	1.43128594	
368.2	1.43813555	1.43127708	
368.4	1.43796455	1.43126822	
368.6	1.43762492	1.43125936	
368.8	1.43771114	1.4312505	
369	1.43808883	1.43124165	
369.2	1.43779107	1.43123279	
369.4	1.43786239	1.43122393	
369.6	1.43801703	1.43121507	
369.8	1.43819209	1.43120621	
370	1.43880378	1.43119736	
370.2	1.43908642	1.4311885	
370.4	1.43879604	1.43117964	
370.6	1.43859716	1.43117078	
370.8	1.43862969	1.43116193	
371	1.43874298	1.43115307	
371.2	1.43843993	1.43114421	
371.4	1.43799949	1.43113535	
371.6	1.43706618	1.4311265	
371.8	1.43715538	1.43111764	
372	1.43748576	1.43110878	
372.2	1.43755372	1.43109993	
372.4	1.4375604	1.43109107	
372.6	1.43728818	1.43108221	
372.8	1.43749877	1.43107335	
373	1.43752616	1.4310645	
373.2	1.43752531	1.43105564	
373.4	1.43781464	1.43104678	
373.6	1.43783122	1.43103793	
373.8	1.43783557	1.43102907	
374	1.43829547	1.43102021	
374.2	1.43842422	1.43101136	
374.4	1.43829291	1.4310025	
374.6	1.43828588	1.43099364	
374.8	1.43859748	1.43098479	
375	1.43912744	1.43097593	
375.2	1.43911238	1.43096708	
375.4	1.43857685	1.43095822	
375.6	1.43844884	1.43094936	
375.8	1.43838748	1.43094051	
376	1.43850043	1.43093165	
376.2	1.43842353	1.43092279	
376.4	1.43810282	1.43091394	
376.6	1.43784081	1.43090508	
376.8	1.43762096	1.43089623	
377	1.43766813	1.43088737	
377.2	1.43769217	1.43087852	
377.4	1.43775906	1.43086966	
377.6	1.43735172	1.4308608	
377.8	1.43730295	1.43085195	
378	1.4373093	1.43084309	
378.2	1.43721213	1.43083424	
378.4	1.43682903	1.43082538	
378.6	1.43687854	1.43081653	
378.8	1.43707824	1.43080767	
379	1.43697219	1.43079882	
379.2	1.43701723	1.43078996	
379.4	1.43664102	1.43078111	
379.6	1.43662844	1.43077225	
379.8	1.43635754	1.4307634	
380	1.43637228	1.43075454	
380.2	1.43626734	1.43074569	
380.4	1.43607262	1.43073683	
380.6	1.43587518	1.43072798	
380.8	1.43604658	1.43071912	
381	1.43608216	1.43071027	
381.2	1.43617989	1.43070141	
381.4	1.4359812	1.43069256	
381.6	1.43564731	1.4306837	
381.8	1.43531759	1.43067485	
382	1.43517463	1.43066599	
382.2	1.43531334	1.43065714	
382.4	1.43491074	1.43064829	
382.6	1.43506415	1.43063943	
382.8	1.43511728	1.43063058	
383	1.43498583	1.43062172	
383.2	1.43537169	1.43061287	
383.4	1.4349886	1.43060402	
383.6	1.43490044	1.43059516	
383.8	1.43459519	1.43058631	
384	1.43451976	1.43057745	
384.2	1.43411927	1.4305686	
384.4	1.43430529	1.43055975	
384.6	1.43452321	1.43055089	
384.8	1.43464525	1.43054204	
385	1.4343598	1.43053319	
385.2	1.43407181	1.43052433	
385.4	1.43398126	1.43051548	
385.6	1.43420208	1.43050662	
385.8	1.43438007	1.43049777	
386	1.43471346	1.43048892	
386.2	1.43479868	1.43048006	
386.4	1.43489037	1.43047121	
386.6	1.43504709	1.43046236	
386.8	1.43489111	1.43045351	
387	1.43494028	1.43044465	
387.2	1.43452929	1.4304358	
387.4	1.43395746	1.43042695	
387.6	1.43389423	1.43041809	
387.8	1.4335472	1.43040924	
388	1.43327659	1.43040039	
388.2	1.43285791	1.43039154	
388.4	1.43298612	1.43038268	
388.6	1.43265149	1.43037383	
388.8	1.43240628	1.43036498	
389	1.43254222	1.43035613	
389.2	1.43240475	1.43034727	
389.4	1.43296369	1.43033842	
389.6	1.43327777	1.43032957	
389.8	1.43350724	1.43032072	
390	1.43371716	1.43031186	
390.2	1.43373663	1.43030301	
390.4	1.43388097	1.43029416	
390.6	1.43360954	1.43028531	
390.8	1.43335351	1.43027646	
391	1.43303804	1.4302676	
391.2	1.4321726	1.43025875	
391.4	1.43204647	1.4302499	
391.6	1.43193812	1.43024105	
391.8	1.43185547	1.4302322	
392	1.43181431	1.43022334	
392.2	1.4317829	1.43021449	
392.4	1.43143935	1.43020564	
392.6	1.43173273	1.43019679	
392.8	1.4321101	1.43018794	
393	1.43209931	1.43017909	
393.2	1.43218273	1.43017024	
393.4	1.43243905	1.43016138	
393.6	1.43219881	1.43015253	
393.8	1.43220578	1.43014368	
394	1.43229369	1.43013483	
394.2	1.43191238	1.43012598	
394.4	1.4321092	1.43011713	
394.6	1.43193439	1.43010828	
394.8	1.43149264	1.43009943	
395	1.43124789	1.43009058	
395.2	1.43119997	1.43008173	
395.4	1.4314732	1.43007287	
395.6	1.43145164	1.43006402	
395.8	1.43201174	1.43005517	
396	1.43230142	1.43004632	
396.2	1.43243583	1.43003747	
396.4	1.43254171	1.43002862	
396.6	1.43312865	1.43001977	
396.8	1.43316645	1.43001092	
397	1.43317141	1.43000207	
397.2	1.4331598	1.42999322	
397.4	1.43281763	1.42998437	
397.6	1.43259939	1.42997552	
397.8	1.43215521	1.42996667	
398	1.43214219	1.42995782	
398.2	1.43198804	1.42994897	
398.4	1.43210782	1.42994012	
398.6	1.43199929	1.42993127	
398.8	1.4316248	1.42992242	
399	1.43153447	1.42991357	
399.2	1.43141801	1.42990472	
399.4	1.43123808	1.42989587	
399.6	1.43124652	1.42988702	
399.8	1.43127851	1.42987817	
400	1.43135198	1.42986932	
400.2	1.43132347	1.42986047	
400.4	1.43112859	1.42985162	
400.6	1.43114135	1.42984277	
400.8	1.43166526	1.42983393	
401	1.43184642	1.42982508	
401.2	1.43174592	1.42981623	
401.4	1.43187869	1.42980738	
401.6	1.43169721	1.42979853	
401.8	1.43144812	1.42978968	
402	1.43214194	1.42978083	
402.2	1.43181191	1.42977198	
402.4	1.43168982	1.42976313	
402.6	1.43153332	1.42975428	
402.8	1.43117849	1.42974544	
403	1.43118063	1.42973659	
403.2	1.43127946	1.42972774	
403.4	1.43120233	1.42971889	
403.6	1.43076694	1.42971004	
403.8	1.43038565	1.42970119	
404	1.43012978	1.42969234	
404.2	1.42976966	1.4296835	
404.4	1.4298272	1.42967465	
404.6	1.4302997	1.4296658	
404.8	1.4305444	1.42965695	
405	1.43047184	1.4296481	
405.2	1.43018664	1.42963926	
405.4	1.43043691	1.42963041	
405.6	1.43044164	1.42962156	
405.8	1.43059566	1.42961271	
406	1.43051222	1.42960386	
406.2	1.42979781	1.42959502	
406.4	1.42984382	1.42958617	
406.6	1.42995231	1.42957732	
406.8	1.43015666	1.42956847	
407	1.43030159	1.42955963	
407.2	1.43053034	1.42955078	
407.4	1.43019337	1.42954193	
407.6	1.43013377	1.42953308	
407.8	1.43013155	1.42952424	
408	1.42992753	1.42951539	
408.2	1.42983382	1.42950654	
408.4	1.43019239	1.42949769	
408.6	1.43031636	1.42948885	
408.8	1.43001904	1.42948	
409	1.43038207	1.42947115	
409.2	1.43021849	1.42946231	
409.4	1.43035347	1.42945346	
409.6	1.42999265	1.42944461	
409.8	1.42955278	1.42943577	
410	1.4293854	1.42942692	
410.2	1.42921482	1.42941807	
410.4	1.42947519	1.42940923	
410.6	1.42931302	1.42940038	
410.8	1.4288039	1.42939153	
411	1.42819952	1.42938269	
411.2	1.42814198	1.42937384	
411.4	1.42779264	1.42936499	
411.6	1.42763744	1.42935615	
411.8	1.42735042	1.4293473	
412	1.42740113	1.42933845	
412.2	1.42765249	1.42932961	
412.4	1.42780789	1.42932076	
412.6	1.42820488	1.42931192	
412.8	1.42802628	1.42930307	
413	1.42833351	1.42929422	
413.2	1.42802427	1.42928538	
413.4	1.42784461	1.42927653	
413.6	1.42787062	1.42926769	
413.8	1.42806492	1.42925884	
414	1.4285856	1.42925	
414.2	1.42874031	1.42924115	
414.4	1.42907492	1.4292323	
414.6	1.42900849	1.42922346	
414.8	1.42884469	1.42921461	
415	1.42895114	1.42920577	
415.2	1.42950523	1.42919692	
415.4	1.42943964	1.42918808	
415.6	1.42935157	1.42917923	
415.8	1.4296226	1.42917039	
416	1.42939943	1.42916154	
416.2	1.42912134	1.4291527	
416.4	1.42923111	1.42914385	
416.6	1.42948741	1.42913501	
416.8	1.4291996	1.42912616	
417	1.42935609	1.42911732	
417.2	1.42921378	1.42910847	
417.4	1.42920564	1.42909963	
417.6	1.42927841	1.42909078	
417.8	1.42938451	1.42908194	
418	1.42965984	1.42907309	
418.2	1.42976516	1.42906425	
418.4	1.42985942	1.42905541	
418.6	1.42954638	1.42904656	
418.8	1.42960195	1.42903772	
419	1.42932781	1.42902887	
419.2	1.42926453	1.42902003	
419.4	1.42908999	1.42901118	
419.6	1.42864689	1.42900234	
419.8	1.42828172	1.4289935	
420	1.42774409	1.42898465	
420.2	1.42749415	1.42897581	
420.4	1.4278956	1.42896696	
420.6	1.42773773	1.42895812	
420.8	1.42767111	1.42894928	
421	1.42821829	1.42894043	
421.2	1.42818157	1.42893159	
421.4	1.42835814	1.42892275	
421.6	1.42824259	1.4289139	
421.8	1.42820967	1.42890506	
422	1.42825275	1.42889622	
422.2	1.4284068	1.42888737	
422.4	1.42838926	1.42887853	
422.6	1.4280415	1.42886969	
422.8	1.42842877	1.42886084	
423	1.42826337	1.428852	
423.2	1.42838159	1.42884316	
423.4	1.42830493	1.42883431	
423.6	1.42749064	1.42882547	
423.8	1.42764632	1.42881663	
424	1.42771757	1.42880778	
424.2	1.42785634	1.42879894	
424.4	1.42782547	1.4287901	
424.6	1.42748089	1.42878126	
424.8	1.42740739	1.42877241	
425	1.42771138	1.42876357	
425.2	1.42737928	1.42875473	
425.4	1.42751382	1.42874588	
425.6	1.42720506	1.42873704	
425.8	1.42712509	1.4287282	
426	1.42746001	1.42871936	
426.2	1.42785311	1.42871052	
426.4	1.42799246	1.42870167	
426.6	1.42798082	1.42869283	
426.8	1.42815024	1.42868399	
427	1.42801448	1.42867515	
427.2	1.42773967	1.4286663	
427.4	1.42784466	1.42865746	
427.6	1.42736116	1.42864862	
427.8	1.42786311	1.42863978	
428	1.42776571	1.42863094	
428.2	1.42754726	1.4286221	
428.4	1.42703491	1.42861325	
428.6	1.42716942	1.42860441	
428.8	1.42714817	1.42859557	
429	1.4270776	1.42858673	
429.2	1.42651063	1.42857789	
429.4	1.42633497	1.42856905	
429.6	1.42601766	1.4285602	
429.8	1.42573386	1.42855136	
430	1.42568471	1.42854252	
430.2	1.42575888	1.42853368	
430.4	1.42570927	1.42852484	
430.6	1.42544652	1.428516	
430.8	1.42518824	1.42850716	
431	1.42549087	1.42849832	
431.2	1.42532274	1.42848948	
431.4	1.42527479	1.42848063	
431.6	1.42505628	1.42847179	
431.8	1.42527322	1.42846295	
432	1.42529845	1.42845411	
432.2	1.42546614	1.42844527	
432.4	1.42570979	1.42843643	
432.6	1.42604902	1.42842759	
432.8	1.42592115	1.42841875	
433	1.42558789	1.42840991	
433.2	1.42532997	1.42840107	
433.4	1.42564117	1.42839223	
433.6	1.42568124	1.42838339	
433.8	1.42562033	1.42837455	
434	1.42587609	1.42836571	
434.2	1.4260974	1.42835687	
434.4	1.4259836	1.42834803	
434.6	1.42566959	1.42833919	
434.8	1.42574607	1.42833035	
435	1.42593558	1.42832151	
435.2	1.42560087	1.42831267	
435.4	1.42583276	1.42830383	
435.6	1.42619484	1.42829499	
435.8	1.42636589	1.42828615	
436	1.42640826	1.42827731	
436.2	1.42655497	1.42826847	
436.4	1.42631539	1.42825963	
436.6	1.42646193	1.42825079	
436.8	1.4264767	1.42824195	
437	1.42638036	1.42823311	
437.2	1.42676017	1.42822427	
437.4	1.42672296	1.42821543	
437.6	1.42664072	1.42820659	
437.8	1.42648449	1.42819776	
438	1.42638894	1.42818892	
438.2	1.42625154	1.42818008	
438.4	1.42572743	1.42817124	
438.6	1.42517541	1.4281624	
438.8	1.42524833	1.42815356	
439	1.4252247	1.42814472	
439.2	1.42495941	1.42813588	
439.4	1.4250819	1.42812704	
439.6	1.42497489	1.42811821	
439.8	1.4248317	1.42810937	
440	1.424473	1.42810053	
440.2	1.42487824	1.42809169	
440.4	1.42453699	1.42808285	
440.6	1.42482731	1.42807401	
440.8	1.42467541	1.42806518	
441	1.42482315	1.42805634	
441.2	1.42468762	1.4280475	
441.4	1.42438036	1.42803866	
441.6	1.42474836	1.42802982	
441.8	1.42495366	1.42802098	
442	1.42500355	1.42801215	
442.2	1.42525183	1.42800331	
442.4	1.42471666	1.42799447	
442.6	1.4247584	1.42798563	
442.8	1.42498718	1.42797679	
443	1.42504308	1.42796796	
443.2	1.4250104	1.42795912	
443.4	1.42532535	1.42795028	
443.6	1.42536843	1.42794144	
443.8	1.42544994	1.42793261	
444	1.42548909	1.42792377	
444.2	1.42582206	1.42791493	
444.4	1.42560044	1.42790609	
444.6	1.42570719	1.42789726	
444.8	1.42572485	1.42788842	
445	1.42585269	1.42787958	
445.2	1.42563709	1.42787075	
445.4	1.42576373	1.42786191	
445.6	1.42602875	1.42785307	
445.8	1.4258782	1.42784424	
446	1.42542557	1.4278354	
446.2	1.4252194	1.42782656	
446.4	1.42484262	1.42781772	
446.6	1.42478189	1.42780889	
446.8	1.42479705	1.42780005	
447	1.42452126	1.42779121	
447.2	1.42445807	1.42778238	
447.4	1.42436166	1.42777354	
447.6	1.42381745	1.42776471	
447.8	1.42386228	1.42775587	
448	1.42380944	1.42774703	
448.2	1.4240025	1.4277382	
448.4	1.4236666	1.42772936	
448.6	1.42364723	1.42772052	
448.8	1.42366013	1.42771169	
449	1.42380671	1.42770285	
449.2	1.42377284	1.42769402	
449.4	1.42352427	1.42768518	
449.6	1.42359498	1.42767634	
449.8	1.42374288	1.42766751	
450	1.42379528	1.42765867	
450.2	1.42376763	1.42764984	
450.4	1.42397088	1.427641	
450.6	1.42389964	1.42763216	
450.8	1.42420498	1.42762333	
451	1.42374295	1.42761449	
451.2	1.42415386	1.42760566	
451.4	1.42415726	1.42759682	
451.6	1.42424799	1.42758799	
451.8	1.42467119	1.42757915	
452	1.42498727	1.42757032	
452.2	1.42534042	1.42756148	
452.4	1.42523508	1.42755265	
452.6	1.42546822	1.42754381	
452.8	1.42557432	1.42753498	
453	1.42553908	1.42752614	
453.2	1.42527053	1.42751731	
453.4	1.42491786	1.42750847	
453.6	1.42493155	1.42749964	
453.8	1.42518966	1.4274908	
454	1.42492114	1.42748197	
454.2	1.42468388	1.42747313	
454.4	1.4245891	1.4274643	
454.6	1.42420188	1.42745546	
454.8	1.42401398	1.42744663	
455	1.42325954	1.4274378	
455.2	1.42321735	1.42742896	
455.4	1.42272162	1.42742013	
455.6	1.42258	1.42741129	
455.8	1.42229239	1.42740246	
456	1.42277533	1.42739362	
456.2	1.42310943	1.42738479	
456.4	1.42322516	1.42737596	
456.6	1.42320775	1.42736712	
456.8	1.42324299	1.42735829	
457	1.4228979	1.42734945	
457.2	1.42327158	1.42734062	
457.4	1.42328131	1.42733179	
457.6	1.42355541	1.42732295	
457.8	1.42407473	1.42731412	
458	1.42419894	1.42730529	
458.2	1.42439255	1.42729645	
458.4	1.42410463	1.42728762	
458.6	1.42409397	1.42727878	
458.8	1.42398294	1.42726995	
459	1.42357861	1.42726112	
459.2	1.42364388	1.42725228	
459.4	1.42335457	1.42724345	
459.6	1.42349165	1.42723462	
459.8	1.42358016	1.42722579	
460	1.42405089	1.42721695	
460.2	1.42411269	1.42720812	
460.4	1.42408631	1.42719929	
460.6	1.42392653	1.42719045	
460.8	1.42343807	1.42718162	
461	1.42326681	1.42717279	
461.2	1.42374007	1.42716395	
461.4	1.42371606	1.42715512	
461.6	1.42344925	1.42714629	
461.8	1.42325091	1.42713746	
462	1.42269561	1.42712862	
462.2	1.42232714	1.42711979	
462.4	1.42184575	1.42711096	
462.6	1.42196111	1.42710213	
462.8	1.42184214	1.4270933	
463	1.42205508	1.42708446	
463.2	1.42244467	1.42707563	
463.4	1.42256277	1.4270668	
463.6	1.42301698	1.42705797	
463.8	1.42304057	1.42704913	
464	1.42345764	1.4270403	
464.2	1.42377477	1.42703147	
464.4	1.42383581	1.42702264	
464.6	1.42383628	1.42701381	
464.8	1.42339339	1.42700498	
465	1.42353866	1.42699614	
465.2	1.42351305	1.42698731	
465.4	1.42332187	1.42697848	
465.6	1.42255301	1.42696965	
465.8	1.42210406	1.42696082	
466	1.4217857	1.42695199	
466.2	1.42204712	1.42694315	
466.4	1.42185562	1.42693432	
466.6	1.42218771	1.42692549	
466.8	1.42208926	1.42691666	
467	1.42247664	1.42690783	
467.2	1.42267263	1.426899	
467.4	1.42281866	1.42689017	
467.6	1.4229899	1.42688134	
467.8	1.42289357	1.42687251	
468	1.42319615	1.42686367	
468.2	1.42290427	1.42685484	
468.4	1.42286869	1.42684601	
468.6	1.42301604	1.42683718	
468.8	1.42246349	1.42682835	
469	1.42261847	1.42681952	
469.2	1.42279515	1.42681069	
469.4	1.42292678	1.42680186	
469.6	1.42229715	1.42679303	
469.8	1.42201316	1.4267842	
470	1.42219055	1.42677537	
470.2	1.42231784	1.42676654	
470.4	1.42188131	1.42675771	
470.6	1.42159602	1.42674888	
470.8	1.4211612	1.42674005	
471	1.42128863	1.42673122	
471.2	1.42142677	1.42672239	
471.4	1.42136001	1.42671356	
471.6	1.42143876	1.42670473	
471.8	1.42144248	1.4266959	
472	1.42152073	1.42668707	
472.2	1.42174056	1.42667824	
472.4	1.4220523	1.42666941	
472.6	1.42215415	1.42666058	
472.8	1.42211938	1.42665175	
473	1.42243927	1.42664292	
473.2	1.42225891	1.42663409	
473.4	1.42209063	1.42662526	
473.6	1.42182045	1.42661643	
473.8	1.42170761	1.4266076	
474	1.42156125	1.42659877	
474.2	1.42125051	1.42658994	
474.4	1.42093021	1.42658112	
474.6	1.42066479	1.42657229	
474.8	1.42089907	1.42656346	
475	1.42121071	1.42655463	
475.2	1.42124503	1.4265458	
475.4	1.42121513	1.42653697	
475.6	1.42154496	1.42652814	
475.8	1.42148091	1.42651931	
476	1.42163791	1.42651048	
476.2	1.42189707	1.42650166	
476.4	1.42203588	1.42649283	
476.6	1.42197777	1.426484	
476.8	1.4222584	1.42647517	
477	1.42242641	1.42646634	
477.2	1.42256395	1.42645751	
477.4	1.42276282	1.42644869	
477.6	1.42286114	1.42643986	
477.8	1.42271505	1.42643103	
478	1.42261111	1.4264222	
478.2	1.42263318	1.42641337	
478.4	1.42257081	1.42640454	
478.6	1.42237598	1.42639572	
478.8	1.42229101	1.42638689	
479	1.42197931	1.42637806	
479.2	1.42151916	1.42636923	
479.4	1.42128446	1.42636041	
479.6	1.42105903	1.42635158	
479.8	1.42063502	1.42634275	
