Conc1	3.33E-08	
Start1	240	
Stop1	479.8	
Kobs	0.0163548353441134	
Error Kobs	0.000114887357651816	
Koff	0	
Error Koff	0	
Time1	Data1	Fit1	
240	-0.00384964	0	
240.2	-0.00354067	0.00008739	
240.4	-0.00323164	0.00017445	
240.6	-0.0032155	0.00026119	
240.8	-0.00315199	0.00034762	
241	-0.00308822	0.00043372	
241.2	-0.00323144	0.00051951	
241.4	-0.0029218	0.00060499	
241.6	-0.00272342	0.00069014	
241.8	-0.00278004	0.00077499	
242	-0.00255675	0.00085952	
242.2	-0.00223198	0.00094374	
242.4	-0.00166942	0.00102765	
242.6	-0.00107997	0.00111125	
242.8	-0.0004356	0.00119455	
243	-0.0000516	0.00127753	
243.2	0.00018612	0.00136021	
243.4	0.00090782	0.00144259	
243.6	0.00109708	0.00152466	
243.8	0.00122619	0.00160643	
244	0.00199835	0.0016879	
244.2	0.0017808	0.00176907	
244.4	0.00189532	0.00184994	
244.6	0.00187974	0.00193052	
244.8	0.00178487	0.00201079	
245	0.0014965	0.00209077	
245.2	0.00146633	0.00217046	
245.4	0.00174762	0.00224985	
245.6	0.00188486	0.00232895	
245.8	0.00198282	0.00240776	
246	0.00234829	0.00248628	
246.2	0.00289225	0.00256451	
246.4	0.00333684	0.00264245	
246.6	0.00354283	0.0027201	
246.8	0.00399164	0.00279747	
247	0.00394314	0.00287455	
247.2	0.00427902	0.00295135	
247.4	0.00466729	0.00302787	
247.6	0.00446096	0.0031041	
247.8	0.00431092	0.00318005	
248	0.00456285	0.00325573	
248.2	0.0038567	0.00333112	
248.4	0.00422574	0.00340624	
248.6	0.00415604	0.00348108	
248.8	0.00404316	0.00355564	
249	0.00398125	0.00362993	
249.2	0.00440527	0.00370395	
249.4	0.00423361	0.0037777	
249.6	0.00432986	0.00385117	
249.8	0.0044466	0.00392437	
250	0.00444608	0.0039973	
250.2	0.00476278	0.00406997	
250.4	0.00487883	0.00414236	
250.6	0.00499553	0.00421449	
250.8	0.00509673	0.00428635	
251	0.0048518	0.00435795	
251.2	0.00527746	0.00442929	
251.4	0.00544487	0.00450036	
251.6	0.00527391	0.00457117	
251.8	0.00500217	0.00464172	
252	0.00499264	0.00471201	
252.2	0.00499889	0.00478204	
252.4	0.00509629	0.00485182	
252.6	0.00540737	0.00492133	
252.8	0.00565827	0.00499059	
253	0.00604281	0.0050596	
253.2	0.00632198	0.00512835	
253.4	0.00584035	0.00519685	
253.6	0.00603692	0.00526509	
253.8	0.00612988	0.00533309	
254	0.00602496	0.00540083	
254.2	0.00624487	0.00546832	
254.4	0.0065379	0.00553557	
254.6	0.00659936	0.00560257	
254.8	0.00669643	0.00566932	
255	0.0069181	0.00573582	
255.2	0.00719482	0.00580208	
255.4	0.007154	0.0058681	
255.6	0.00679388	0.00593387	
255.8	0.00669656	0.0059994	
256	0.00709119	0.00606469	
256.2	0.00741978	0.00612974	
256.4	0.00747829	0.00619455	
256.6	0.00779896	0.00625912	
256.8	0.00801261	0.00632345	
257	0.00819124	0.00638755	
257.2	0.00801116	0.00645141	
257.4	0.0075988	0.00651504	
257.6	0.00796281	0.00657843	
257.8	0.00800207	0.00664158	
258	0.00826268	0.00670451	
258.2	0.00861323	0.0067672	
258.4	0.00898675	0.00682966	
258.6	0.0089647	0.00689189	
258.8	0.00875443	0.00695389	
259	0.00885387	0.00701567	
259.2	0.00895657	0.00707721	
259.4	0.00916779	0.00713853	
259.6	0.00908785	0.00719963	
259.8	0.0091837	0.0072605	
260	0.00951988	0.00732114	
260.2	0.00970368	0.00738156	
260.4	0.00959771	0.00744176	
260.6	0.00957093	0.00750174	
260.8	0.00969739	0.00756149	
261	0.00973185	0.00762103	
261.2	0.00973745	0.00768035	
261.4	0.00982598	0.00773945	
261.6	0.01022011	0.00779833	
261.8	0.01025845	0.00785699	
262	0.01063652	0.00791544	
262.2	0.01074816	0.00797367	
262.4	0.0105685	0.00803169	
262.6	0.01025983	0.00808949	
262.8	0.01010799	0.00814708	
263	0.0098858	0.00820446	
263.2	0.00988704	0.00826163	
263.4	0.00959194	0.00831859	
263.6	0.0094341	0.00837534	
263.8	0.0095885	0.00843187	
264	0.00947189	0.0084882	
264.2	0.00963605	0.00854433	
264.4	0.00982411	0.00860024	
264.6	0.00981027	0.00865595	
264.8	0.00975824	0.00871146	
265	0.00980591	0.00876676	
265.2	0.00968138	0.00882186	
265.4	0.00985858	0.00887675	
265.6	0.00997034	0.00893144	
265.8	0.01017153	0.00898593	
266	0.0104511	0.00904022	
266.2	0.01058377	0.00909431	
266.4	0.01071322	0.0091482	
266.6	0.01122218	0.00920189	
266.8	0.01137578	0.00925539	
267	0.01114774	0.00930868	
267.2	0.01145894	0.00936178	
267.4	0.01145578	0.00941469	
267.6	0.01158897	0.0094674	
267.8	0.01190921	0.00951992	
268	0.01168195	0.00957224	
268.2	0.01182906	0.00962437	
268.4	0.01182631	0.00967631	
268.6	0.01137203	0.00972805	
268.8	0.01159652	0.00977961	
269	0.01144011	0.00983098	
269.2	0.01140968	0.00988215	
269.4	0.01126955	0.00993314	
269.6	0.01127589	0.00998394	
269.8	0.01147215	0.01003456	
270	0.0117671	0.01008498	
270.2	0.01187897	0.01013523	
270.4	0.01189881	0.01018528	
270.6	0.01202806	0.01023515	
270.8	0.01176187	0.01028484	
271	0.01222939	0.01033435	
271.2	0.01242794	0.01038367	
271.4	0.01245414	0.01043281	
271.6	0.01254672	0.01048177	
271.8	0.01257828	0.01053055	
272	0.0122622	0.01057915	
272.2	0.01227821	0.01062758	
272.4	0.01238654	0.01067582	
272.6	0.0126035	0.01072388	
272.8	0.01319719	0.01077177	
273	0.01306934	0.01081948	
273.2	0.01315436	0.01086702	
273.4	0.01318888	0.01091438	
273.6	0.01345384	0.01096157	
273.8	0.0133222	0.01100858	
274	0.01298379	0.01105542	
274.2	0.01249201	0.01110209	
274.4	0.01242301	0.01114858	
274.6	0.0127017	0.01119491	
274.8	0.01293241	0.01124106	
275	0.01342628	0.01128704	
275.2	0.01344108	0.01133286	
275.4	0.01339461	0.0113785	
275.6	0.01365259	0.01142398	
275.8	0.01343705	0.01146929	
276	0.01360335	0.01151443	
276.2	0.01385669	0.01155941	
276.4	0.01399652	0.01160422	
276.6	0.01434437	0.01164887	
276.8	0.01467357	0.01169335	
277	0.01441627	0.01173767	
277.2	0.01463843	0.01178182	
277.4	0.01454086	0.01182581	
277.6	0.01436205	0.01186964	
277.8	0.01401049	0.01191331	
278	0.01396727	0.01195682	
278.2	0.01380948	0.01200017	
278.4	0.01427209	0.01204335	
278.6	0.01439513	0.01208638	
278.8	0.01440548	0.01212925	
279	0.01471813	0.01217196	
279.2	0.0152433	0.01221452	
279.4	0.01549093	0.01225692	
279.6	0.0156356	0.01229916	
279.8	0.01558088	0.01234125	
280	0.01569185	0.01238318	
280.2	0.01556408	0.01242495	
280.4	0.01521556	0.01246658	
280.6	0.01501678	0.01250805	
280.8	0.01477153	0.01254936	
281	0.01421233	0.01259053	
281.2	0.0142558	0.01263154	
281.4	0.01380303	0.0126724	
281.6	0.01380905	0.01271312	
281.8	0.01377667	0.01275368	
282	0.01383764	0.01279409	
282.2	0.01370683	0.01283435	
282.4	0.01425791	0.01287447	
282.6	0.01412537	0.01291444	
282.8	0.01426783	0.01295426	
283	0.01488405	0.01299393	
283.2	0.01537939	0.01303346	
283.4	0.01564574	0.01307284	
283.6	0.01598347	0.01311208	
283.8	0.01673434	0.01315117	
284	0.01673506	0.01319012	
284.2	0.01685406	0.01322892	
284.4	0.01655967	0.01326758	
284.6	0.01667858	0.0133061	
284.8	0.01662214	0.01334448	
285	0.01645373	0.01338272	
285.2	0.01639407	0.01342081	
285.4	0.01642172	0.01345877	
285.6	0.01636202	0.01349658	
285.8	0.01607809	0.01353426	
286	0.01591085	0.01357179	
286.2	0.01554308	0.01360919	
286.4	0.015294	0.01364646	
286.6	0.01449355	0.01368358	
286.8	0.01416333	0.01372057	
287	0.01455589	0.01375742	
287.2	0.01455716	0.01379413	
287.4	0.01463742	0.01383071	
287.6	0.01523179	0.01386716	
287.8	0.01558116	0.01390347	
288	0.01544359	0.01393965	
288.2	0.01556666	0.01397569	
288.4	0.01579437	0.0140116	
288.6	0.0162951	0.01404738	
288.8	0.01649385	0.01408303	
289	0.01663902	0.01411855	
289.2	0.01720155	0.01415393	
289.4	0.01743229	0.01418919	
289.6	0.01735125	0.01422431	
289.8	0.01709206	0.01425931	
290	0.0170067	0.01429417	
290.2	0.01683031	0.01432891	
290.4	0.01676181	0.01436352	
290.6	0.0165728	0.014398	
290.8	0.0165787	0.01443236	
291	0.01682099	0.01446659	
291.2	0.01656962	0.01450069	
291.4	0.01639441	0.01453467	
291.6	0.01637544	0.01456852	
291.8	0.01640881	0.01460225	
292	0.01646042	0.01463585	
292.2	0.01639437	0.01466933	
292.4	0.01640964	0.01470269	
292.6	0.01656171	0.01473593	
292.8	0.01649936	0.01476904	
293	0.01654908	0.01480203	
293.2	0.0166404	0.01483489	
293.4	0.01656379	0.01486764	
293.6	0.01628822	0.01490027	
293.8	0.01600967	0.01493277	
294	0.01620634	0.01496516	
294.2	0.0165493	0.01499743	
294.4	0.01670115	0.01502957	
294.6	0.01661786	0.0150616	
294.8	0.01656637	0.01509352	
295	0.01660256	0.01512531	
295.2	0.01665224	0.01515699	
295.4	0.01666646	0.01518855	
295.6	0.01647889	0.01521999	
295.8	0.01671729	0.01525132	
296	0.01674868	0.01528253	
296.2	0.01671646	0.01531363	
296.4	0.0166364	0.01534461	
296.6	0.01712846	0.01537548	
296.8	0.01715104	0.01540624	
297	0.01713627	0.01543688	
297.2	0.01729668	0.01546741	
297.4	0.01756353	0.01549783	
297.6	0.01760051	0.01552813	
297.8	0.01795586	0.01555833	
298	0.01822571	0.01558841	
298.2	0.018558	0.01561838	
298.4	0.01838227	0.01564824	
298.6	0.01826427	0.01567799	
298.8	0.01838694	0.01570764	
299	0.01846943	0.01573717	
299.2	0.01864466	0.01576659	
299.4	0.01842678	0.01579591	
299.6	0.01791271	0.01582511	
299.8	0.01802296	0.01585421	
300	0.01793537	0.01588321	
300.2	0.01797326	0.01591209	
300.4	0.01785111	0.01594087	
300.6	0.01814669	0.01596954	
300.8	0.01768107	0.01599811	
301	0.01761052	0.01602657	
301.2	0.01786841	0.01605493	
301.4	0.01789884	0.01608318	
301.6	0.01815626	0.01611133	
301.8	0.01816043	0.01613938	
302	0.01788427	0.01616732	
302.2	0.0176784	0.01619516	
302.4	0.01731467	0.0162229	
302.6	0.01755509	0.01625053	
302.8	0.01782527	0.01627806	
303	0.01785006	0.0163055	
303.2	0.01821739	0.01633283	
303.4	0.01781827	0.01636006	
303.6	0.01768122	0.01638719	
303.8	0.01758809	0.01641421	
304	0.01783701	0.01644114	
304.2	0.01804599	0.01646798	
304.4	0.01786056	0.01649471	
304.6	0.01763736	0.01652134	
304.8	0.01716868	0.01654788	
305	0.01755975	0.01657431	
305.2	0.01728924	0.01660065	
305.4	0.01711348	0.0166269	
305.6	0.01741149	0.01665304	
305.8	0.01706842	0.01667909	
306	0.01707909	0.01670505	
306.2	0.01738937	0.01673091	
306.4	0.01775059	0.01675667	
306.6	0.01838359	0.01678234	
306.8	0.01887899	0.01680791	
307	0.01904579	0.01683339	
307.2	0.01939262	0.01685878	
307.4	0.01906769	0.01688407	
307.6	0.01926021	0.01690927	
307.8	0.01940768	0.01693438	
308	0.01966963	0.01695939	
308.2	0.01952921	0.01698431	
308.4	0.01933977	0.01700914	
308.6	0.01891537	0.01703388	
308.8	0.01852204	0.01705853	
309	0.01864007	0.01708309	
309.2	0.01821536	0.01710755	
309.4	0.01859955	0.01713193	
309.6	0.01881314	0.01715621	
309.8	0.01860194	0.01718041	
310	0.01923596	0.01720452	
310.2	0.01943415	0.01722854	
310.4	0.01923013	0.01725247	
310.6	0.01920177	0.01727631	
310.8	0.01936364	0.01730007	
311	0.01922075	0.01732373	
311.2	0.01920003	0.01734731	
311.4	0.01930251	0.01737081	
311.6	0.01932427	0.01739421	
311.8	0.02016442	0.01741753	
312	0.0203418	0.01744077	
312.2	0.02058809	0.01746392	
312.4	0.02063061	0.01748698	
312.6	0.02054808	0.01750996	
312.8	0.02065522	0.01753285	
313	0.02082055	0.01755566	
313.2	0.02065378	0.01757839	
313.4	0.02103396	0.01760103	
313.6	0.02083673	0.01762359	
313.8	0.02068631	0.01764606	
314	0.02056569	0.01766846	
314.2	0.01976603	0.01769077	
314.4	0.019219	0.017713	
314.6	0.01921825	0.01773514	
314.8	0.018975	0.01775721	
315	0.01843796	0.01777919	
315.2	0.01838393	0.01780109	
315.4	0.01822674	0.01782291	
315.6	0.01837597	0.01784466	
315.8	0.01903605	0.01786632	
316	0.01895619	0.0178879	
316.2	0.01896553	0.0179094	
316.4	0.01915544	0.01793082	
316.6	0.01949779	0.01795217	
316.8	0.01948367	0.01797343	
317	0.01956737	0.01799462	
317.2	0.01961566	0.01801573	
317.4	0.01984021	0.01803676	
317.6	0.01982553	0.01805771	
317.8	0.02000637	0.01807859	
318	0.0197386	0.01809939	
318.2	0.01961244	0.01812011	
318.4	0.01967988	0.01814076	
318.6	0.01967814	0.01816133	
318.8	0.01957277	0.01818183	
319	0.01892169	0.01820224	
319.2	0.01918061	0.01822259	
319.4	0.01883123	0.01824286	
319.6	0.01892974	0.01826305	
319.8	0.0188106	0.01828317	
320	0.01906526	0.01830322	
320.2	0.01912843	0.01832319	
320.4	0.01925666	0.01834309	
320.6	0.01967797	0.01836292	
320.8	0.01927985	0.01838267	
321	0.01929662	0.01840235	
321.2	0.01913259	0.01842196	
321.4	0.01916188	0.01844149	
321.6	0.01941162	0.01846095	
321.8	0.01953883	0.01848035	
322	0.01955072	0.01849967	
322.2	0.01985224	0.01851891	
322.4	0.01988163	0.01853809	
322.6	0.02023011	0.0185572	
322.8	0.02025121	0.01857624	
323	0.01979845	0.0185952	
323.2	0.01987187	0.0186141	
323.4	0.01932604	0.01863293	
323.6	0.01907823	0.01865168	
323.8	0.01909907	0.01867037	
324	0.01910153	0.01868899	
324.2	0.01883844	0.01870755	
324.4	0.01851531	0.01872603	
324.6	0.01834122	0.01874444	
324.8	0.01786061	0.01876279	
325	0.01822404	0.01878107	
325.2	0.01845446	0.01879928	
325.4	0.01818305	0.01881743	
325.6	0.01852352	0.01883551	
325.8	0.01891075	0.01885352	
326	0.01949455	0.01887146	
326.2	0.01999589	0.01888934	
326.4	0.02003999	0.01890716	
326.6	0.02017619	0.0189249	
326.8	0.02024973	0.01894259	
327	0.02014497	0.0189602	
327.2	0.02037422	0.01897776	
327.4	0.02025538	0.01899525	
327.6	0.0203587	0.01901267	
327.8	0.02032645	0.01903003	
328	0.02004618	0.01904732	
328.2	0.02017119	0.01906455	
328.4	0.02003026	0.01908172	
328.6	0.02016336	0.01909883	
328.8	0.02045915	0.01911587	
329	0.02049221	0.01913285	
329.2	0.02027874	0.01914977	
329.4	0.02002252	0.01916662	
329.6	0.02050989	0.01918341	
329.8	0.02067553	0.01920014	
330	0.02095962	0.01921681	
330.2	0.02083822	0.01923342	
330.4	0.02064405	0.01924997	
330.6	0.02092254	0.01926645	
330.8	0.02111139	0.01928288	
331	0.02102285	0.01929924	
331.2	0.02131665	0.01931554	
331.4	0.02098125	0.01933179	
331.6	0.02099649	0.01934797	
331.8	0.02077479	0.0193641	
332	0.02054293	0.01938016	
332.2	0.02060406	0.01939617	
332.4	0.02047577	0.01941211	
332.6	0.02043903	0.019428	
332.8	0.0199625	0.01944383	
333	0.01981544	0.0194596	
333.2	0.02002212	0.01947532	
333.4	0.02023986	0.01949097	
333.6	0.02023497	0.01950657	
333.8	0.02022797	0.01952211	
334	0.02022477	0.01953759	
334.2	0.02039678	0.01955302	
334.4	0.02079736	0.01956839	
334.6	0.02090761	0.0195837	
334.8	0.02105948	0.01959895	
335	0.0211924	0.01961415	
335.2	0.02126592	0.0196293	
335.4	0.02160492	0.01964439	
335.6	0.02148521	0.01965942	
335.8	0.02110771	0.0196744	
336	0.02112142	0.01968932	
336.2	0.02116185	0.01970419	
336.4	0.02088429	0.019719	
336.6	0.02043228	0.01973376	
336.8	0.02023447	0.01974846	
337	0.0205961	0.01976311	
337.2	0.02061686	0.0197777	
337.4	0.0205569	0.01979225	
337.6	0.02023941	0.01980673	
337.8	0.02000704	0.01982117	
338	0.01979103	0.01983555	
338.2	0.02001971	0.01984988	
338.4	0.01957098	0.01986415	
338.6	0.01945363	0.01987838	
338.8	0.01973977	0.01989255	
339	0.01980199	0.01990667	
339.2	0.01979282	0.01992073	
339.4	0.01982694	0.01993475	
339.6	0.01982261	0.01994871	
339.8	0.01999945	0.01996262	
340	0.02049319	0.01997648	
340.2	0.02048023	0.01999029	
340.4	0.02065116	0.02000405	
340.6	0.02057701	0.02001776	
340.8	0.02089544	0.02003142	
341	0.02106356	0.02004502	
341.2	0.02066111	0.02005858	
341.4	0.02078572	0.02007209	
341.6	0.02066611	0.02008554	
341.8	0.02056254	0.02009895	
342	0.02068801	0.02011231	
342.2	0.02079169	0.02012562	
342.4	0.02032016	0.02013888	
342.6	0.0207442	0.02015209	
342.8	0.02107458	0.02016525	
343	0.02104311	0.02017837	
343.2	0.02107324	0.02019143	
343.4	0.02145338	0.02020445	
343.6	0.021999	0.02021742	
343.8	0.02214165	0.02023034	
344	0.02208692	0.02024322	
344.2	0.02183166	0.02025604	
344.4	0.02155576	0.02026882	
344.6	0.02071325	0.02028156	
344.8	0.02046465	0.02029424	
345	0.02014464	0.02030688	
345.2	0.01932014	0.02031947	
345.4	0.01970289	0.02033202	
345.6	0.01954824	0.02034452	
345.8	0.01934421	0.02035697	
346	0.01938524	0.02036938	
346.2	0.01932362	0.02038174	
346.4	0.01931634	0.02039406	
346.6	0.01999838	0.02040633	
346.8	0.02008158	0.02041856	
347	0.02034464	0.02043074	
347.2	0.02088099	0.02044288	
347.4	0.02090685	0.02045497	
347.6	0.02109487	0.02046702	
347.8	0.02128628	0.02047902	
348	0.02122333	0.02049098	
348.2	0.02159656	0.02050289	
348.4	0.0214687	0.02051476	
348.6	0.02139263	0.02052659	
348.8	0.02164879	0.02053837	
349	0.02151631	0.02055011	
349.2	0.02136986	0.02056181	
349.4	0.02166754	0.02057346	
349.6	0.0213922	0.02058507	
349.8	0.02162301	0.02059664	
350	0.02165735	0.02060817	
350.2	0.02157565	0.02061965	
350.4	0.0217873	0.02063109	
350.6	0.02191299	0.02064249	
350.8	0.02166212	0.02065384	
351	0.02165551	0.02066516	
351.2	0.02147938	0.02067643	
351.4	0.02116378	0.02068766	
351.6	0.02120089	0.02069885	
351.8	0.02110638	0.02071	
352	0.02108538	0.02072111	
352.2	0.02134304	0.02073218	
352.4	0.02110384	0.0207432	
352.6	0.02151431	0.02075419	
352.8	0.02135804	0.02076513	
353	0.02151661	0.02077604	
353.2	0.02167705	0.0207869	
353.4	0.02196227	0.02079773	
353.6	0.02218775	0.02080851	
353.8	0.02249356	0.02081926	
354	0.02211267	0.02082996	
354.2	0.02232599	0.02084063	
354.4	0.02256376	0.02085125	
354.6	0.02237768	0.02086184	
354.8	0.02221741	0.02087239	
355	0.02204407	0.0208829	
355.2	0.02185644	0.02089337	
355.4	0.02173349	0.0209038	
355.6	0.02163443	0.0209142	
355.8	0.02161033	0.02092455	
356	0.0216603	0.02093487	
356.2	0.02198235	0.02094515	
356.4	0.02200456	0.02095539	
356.6	0.02231317	0.02096559	
356.8	0.02247395	0.02097576	
357	0.02274546	0.02098589	
357.2	0.02271206	0.02099598	
357.4	0.02251533	0.02100604	
357.6	0.02238796	0.02101605	
357.8	0.02249813	0.02102603	
358	0.02247443	0.02103598	
358.2	0.0225885	0.02104588	
358.4	0.02232994	0.02105576	
358.6	0.02208756	0.02106559	
358.8	0.02187291	0.02107539	
359	0.02159974	0.02108515	
359.2	0.02132635	0.02109488	
359.4	0.02123228	0.02110457	
359.6	0.02101713	0.02111422	
359.8	0.0206694	0.02112384	
360	0.0206694	0.02113342	
360.2	0.02071773	0.02106441	
360.4	0.02079985	0.02099562	
360.6	0.02100371	0.02092706	
360.8	0.02099985	0.02085872	
361	0.02091948	0.0207906	
361.2	0.0211314	0.02072271	
361.4	0.02088593	0.02065503	
361.6	0.02075344	0.02058758	
361.8	0.02064082	0.02052035	
362	0.02085306	0.02045334	
362.2	0.02080349	0.02038655	
362.4	0.02063879	0.02031997	
362.6	0.02080987	0.02025361	
362.8	0.02079186	0.02018747	
363	0.02077217	0.02012155	
363.2	0.02081407	0.02005584	
363.4	0.02087073	0.01999034	
363.6	0.02074797	0.01992506	
363.8	0.02056798	0.01986	
364	0.02060331	0.01979514	
364.2	0.02075018	0.0197305	
364.4	0.02061378	0.01966606	
364.6	0.02038383	0.01960184	
364.8	0.01987878	0.01953783	
365	0.01955684	0.01947403	
365.2	0.01940247	0.01941043	
365.4	0.01920162	0.01934705	
365.6	0.01925488	0.01928387	
365.8	0.01928113	0.01922089	
366	0.01963214	0.01915812	
366.2	0.01923389	0.01909556	
366.4	0.01898599	0.0190332	
366.6	0.01917648	0.01897105	
366.8	0.01883743	0.01890909	
367	0.01870331	0.01884734	
367.2	0.0184888	0.0187858	
367.4	0.01824891	0.01872445	
367.6	0.01781333	0.0186633	
367.8	0.01779597	0.01860235	
368	0.01755016	0.01854161	
368.2	0.01748332	0.01848106	
368.4	0.01728789	0.0184207	
368.6	0.01702193	0.01836055	
368.8	0.01686114	0.01830059	
369	0.0169102	0.01824083	
369.2	0.01671001	0.01818126	
369.4	0.01694827	0.01812189	
369.6	0.01691237	0.01806271	
369.8	0.01717929	0.01800372	
370	0.01732333	0.01794493	
370.2	0.01716092	0.01788633	
370.4	0.01751981	0.01782792	
370.6	0.01761214	0.0177697	
370.8	0.01749821	0.01771167	
371	0.01739378	0.01765383	
371.2	0.01749601	0.01759618	
371.4	0.01733369	0.01753871	
371.6	0.01724389	0.01748144	
371.8	0.01728696	0.01742435	
372	0.01725435	0.01736745	
372.2	0.01717576	0.01731074	
372.4	0.0171934	0.0172542	
372.6	0.01702778	0.01719786	
372.8	0.01675047	0.0171417	
373	0.01646153	0.01708572	
373.2	0.01600062	0.01702992	
373.4	0.0160383	0.01697431	
373.6	0.01607957	0.01691888	
373.8	0.016277	0.01686363	
374	0.01627916	0.01680856	
374.2	0.01631464	0.01675367	
374.4	0.01632286	0.01669896	
374.6	0.01615247	0.01664442	
374.8	0.01627922	0.01659007	
375	0.01622355	0.01653589	
375.2	0.01620917	0.01648189	
375.4	0.01595777	0.01642807	
375.6	0.0156791	0.01637442	
375.8	0.01537131	0.01632095	
376	0.0150348	0.01626765	
376.2	0.01467516	0.01621453	
376.4	0.01473366	0.01616158	
376.6	0.01476033	0.0161088	
376.8	0.01440458	0.01605619	
377	0.01387788	0.01600376	
377.2	0.01366123	0.0159515	
377.4	0.0136013	0.01589941	
377.6	0.01367071	0.01584748	
377.8	0.01374744	0.01579573	
378	0.01374413	0.01574415	
378.2	0.01368015	0.01569273	
378.4	0.01381888	0.01564149	
378.6	0.01399339	0.01559041	
378.8	0.01415652	0.0155395	
379	0.01425847	0.01548875	
379.2	0.01414094	0.01543817	
379.4	0.01400878	0.01538775	
379.6	0.01363637	0.0153375	
379.8	0.01360004	0.01528742	
380	0.01369942	0.01523749	
380.2	0.01412846	0.01518773	
380.4	0.01428728	0.01513814	
380.6	0.01401568	0.0150887	
380.8	0.01339097	0.01503943	
381	0.01273852	0.01499031	
381.2	0.01292994	0.01494136	
381.4	0.01268519	0.01489257	
381.6	0.01259653	0.01484394	
381.8	0.01234736	0.01479546	
382	0.01211637	0.01474714	
382.2	0.01230097	0.01469899	
382.4	0.012225	0.01465098	
382.6	0.01211776	0.01460314	
382.8	0.01220011	0.01455545	
383	0.01219783	0.01450792	
383.2	0.01208663	0.01446054	
383.4	0.01195201	0.01441332	
383.6	0.01170571	0.01436625	
383.8	0.01183096	0.01431934	
384	0.01205102	0.01427257	
384.2	0.01204763	0.01422596	
384.4	0.01185019	0.01417951	
384.6	0.01163123	0.0141332	
384.8	0.01131483	0.01408705	
385	0.0112915	0.01404105	
385.2	0.01160456	0.01399519	
385.4	0.01145112	0.01394949	
385.6	0.01170643	0.01390394	
385.8	0.01216017	0.01385853	
386	0.01242828	0.01381328	
386.2	0.01285519	0.01376817	
386.4	0.01267755	0.0137232	
386.6	0.01321198	0.01367839	
386.8	0.01330654	0.01363372	
387	0.0130164	0.0135892	
387.2	0.01264829	0.01354482	
387.4	0.01200452	0.01350059	
387.6	0.01167771	0.0134565	
387.8	0.01122303	0.01341256	
388	0.01089578	0.01336876	
388.2	0.01031579	0.0133251	
388.4	0.01023614	0.01328159	
388.6	0.00992061	0.01323821	
388.8	0.00970751	0.01319498	
389	0.00961873	0.01315189	
389.2	0.00978386	0.01310894	
389.4	0.01001687	0.01306613	
389.6	0.0109462	0.01302346	
389.8	0.01154845	0.01298093	
390	0.01166003	0.01293854	
390.2	0.01181243	0.01289629	
390.4	0.01235248	0.01285418	
390.6	0.01222079	0.0128122	
390.8	0.01192958	0.01277036	
391	0.01159588	0.01272866	
391.2	0.0111348	0.01268709	
391.4	0.01095719	0.01264566	
391.6	0.01091937	0.01260436	
391.8	0.01037147	0.0125632	
392	0.0101101	0.01252218	
392.2	0.00985799	0.01248128	
392.4	0.0098779	0.01244052	
392.6	0.00953679	0.0123999	
392.8	0.00935208	0.0123594	
393	0.00913299	0.01231904	
393.2	0.00905604	0.01227881	
393.4	0.00920025	0.01223872	
393.6	0.00969379	0.01219875	
393.8	0.00941399	0.01215891	
394	0.00941508	0.01211921	
394.2	0.00933936	0.01207963	
394.4	0.00950653	0.01204018	
394.6	0.00892708	0.01200086	
394.8	0.00956485	0.01196167	
395	0.00940694	0.01192261	
395.2	0.00948122	0.01188368	
395.4	0.00957368	0.01184487	
395.6	0.00962675	0.01180619	
395.8	0.00961856	0.01176763	
396	0.00950037	0.0117292	
396.2	0.00958348	0.0116909	
396.4	0.00943336	0.01165272	
396.6	0.00930925	0.01161467	
396.8	0.0089656	0.01157674	
397	0.00878708	0.01153893	
397.2	0.0087333	0.01150125	
397.4	0.00921912	0.01146369	
397.6	0.0093925	0.01142626	
397.8	0.00929199	0.01138894	
398	0.00922698	0.01135175	
398.2	0.00960182	0.01131468	
398.4	0.00955813	0.01127773	
398.6	0.00953842	0.0112409	
398.8	0.00972338	0.01120419	
399	0.00948273	0.01116761	
399.2	0.00923931	0.01113114	
399.4	0.00900785	0.01109479	
399.6	0.00896303	0.01105856	
399.8	0.00861375	0.01102244	
400	0.00824927	0.01098645	
400.2	0.00811889	0.01095057	
400.4	0.00809597	0.01091481	
400.6	0.0083245	0.01087917	
400.8	0.00818088	0.01084364	
401	0.00830858	0.01080823	
401.2	0.008659	0.01077293	
401.4	0.00870992	0.01073775	
401.6	0.00822639	0.01070269	
401.8	0.00791983	0.01066773	
402	0.00806168	0.0106329	
402.2	0.00841203	0.01059817	
402.4	0.00830614	0.01056356	
402.6	0.00840323	0.01052907	
402.8	0.00861291	0.01049468	
403	0.00839718	0.01046041	
403.2	0.00799501	0.01042625	
403.4	0.00807212	0.0103922	
403.6	0.00784907	0.01035827	
403.8	0.00753056	0.01032444	
404	0.00774801	0.01029073	
404.2	0.00796655	0.01025712	
404.4	0.00830807	0.01022362	
404.6	0.0083952	0.01019024	
404.8	0.00814362	0.01015696	
405	0.00784044	0.01012379	
405.2	0.00757343	0.01009073	
405.4	0.00722909	0.01005778	
405.6	0.00725863	0.01002493	
405.8	0.0072557	0.0099922	
406	0.00756412	0.00995957	
406.2	0.00784418	0.00992704	
406.4	0.00811598	0.00989462	
406.6	0.0085649	0.00986231	
406.8	0.00871956	0.0098301	
407	0.00855638	0.009798	
407.2	0.00855251	0.00976601	
407.4	0.00853435	0.00973411	
407.6	0.00860835	0.00970233	
407.8	0.00819639	0.00967064	
408	0.00823126	0.00963906	
408.2	0.00814253	0.00960758	
408.4	0.00783988	0.00957621	
408.6	0.00750937	0.00954494	
408.8	0.00691441	0.00951377	
409	0.00633264	0.0094827	
409.2	0.00615794	0.00945173	
409.4	0.0057927	0.00942087	
409.6	0.00571027	0.0093901	
409.8	0.00528175	0.00935944	
410	0.00520167	0.00932887	
410.2	0.00539827	0.00929841	
410.4	0.00565129	0.00926804	
410.6	0.00597663	0.00923778	
410.8	0.00585946	0.00920761	
411	0.00600491	0.00917754	
411.2	0.00607595	0.00914757	
411.4	0.00644508	0.0091177	
411.6	0.00656584	0.00908792	
411.8	0.00621803	0.00905824	
412	0.00643946	0.00902866	
412.2	0.00663128	0.00899918	
412.4	0.0065403	0.00896979	
412.6	0.00660687	0.0089405	
412.8	0.00642511	0.0089113	
413	0.00616821	0.0088822	
413.2	0.00608553	0.0088532	
413.4	0.00614042	0.00882429	
413.6	0.00610592	0.00879547	
413.8	0.00603009	0.00876675	
414	0.00602668	0.00873812	
414.2	0.0060117	0.00870958	
414.4	0.00609194	0.00868114	
414.6	0.00574358	0.00865279	
414.8	0.00553046	0.00862453	
415	0.00541428	0.00859637	
415.2	0.00542414	0.0085683	
415.4	0.00537765	0.00854032	
415.6	0.00492443	0.00851243	
415.8	0.00474552	0.00848463	
416	0.00472906	0.00845692	
416.2	0.00488498	0.0084293	
416.4	0.00493716	0.00840178	
416.6	0.00505481	0.00837434	
416.8	0.00505421	0.00834699	
417	0.00532897	0.00831973	
417.2	0.00577272	0.00829256	
417.4	0.00610399	0.00826548	
417.6	0.00610349	0.00823849	
417.8	0.00649661	0.00821159	
418	0.00644631	0.00818477	
418.2	0.00655668	0.00815804	
418.4	0.00672223	0.0081314	
418.6	0.0065633	0.00810485	
418.8	0.00667399	0.00807838	
419	0.00664253	0.008052	
419.2	0.00624513	0.00802571	
419.4	0.0055236	0.0079995	
419.6	0.00471598	0.00797337	
419.8	0.00455239	0.00794734	
420	0.00438328	0.00792138	
420.2	0.00435811	0.00789551	
420.4	0.0041761	0.00786973	
420.6	0.00389511	0.00784403	
420.8	0.00379665	0.00781841	
421	0.0038211	0.00779288	
421.2	0.00347643	0.00776743	
421.4	0.00330134	0.00774207	
421.6	0.00375162	0.00771679	
421.8	0.00384603	0.00769159	
422	0.00394235	0.00766647	
422.2	0.00410779	0.00764143	
422.4	0.00412161	0.00761648	
422.6	0.00434847	0.00759161	
422.8	0.00459493	0.00756681	
423	0.00468759	0.0075421	
423.2	0.00431489	0.00751747	
423.4	0.00447796	0.00749293	
423.6	0.00457931	0.00746846	
423.8	0.00523335	0.00744407	
424	0.00562857	0.00741976	
424.2	0.00584438	0.00739553	
424.4	0.00578951	0.00737138	
424.6	0.00547847	0.0073473	
424.8	0.00522568	0.00732331	
425	0.00484763	0.0072994	
425.2	0.00436433	0.00727556	
425.4	0.00414563	0.0072518	
425.6	0.00394811	0.00722812	
425.8	0.00360506	0.00720451	
426	0.00337826	0.00718099	
426.2	0.00317555	0.00715754	
426.4	0.00315489	0.00713416	
426.6	0.0031954	0.00711086	
426.8	0.00325888	0.00708764	
427	0.00330942	0.0070645	
427.2	0.00310175	0.00704143	
427.4	0.00330508	0.00701843	
427.6	0.00375085	0.00699551	
427.8	0.00405449	0.00697267	
428	0.00433152	0.0069499	
428.2	0.00433664	0.0069272	
428.4	0.00425175	0.00690458	
428.6	0.00392081	0.00688203	
428.8	0.00376266	0.00685956	
429	0.00373255	0.00683716	
429.2	0.00371254	0.00681483	
429.4	0.00363828	0.00679258	
429.6	0.00376678	0.00677039	
429.8	0.00366877	0.00674828	
430	0.00327006	0.00672625	
430.2	0.00313999	0.00670428	
430.4	0.00307368	0.00668239	
430.6	0.00278733	0.00666057	
430.8	0.00285606	0.00663882	
431	0.00278304	0.00661714	
431.2	0.00304515	0.00659553	
431.4	0.00325708	0.00657399	
431.6	0.00379749	0.00655252	
431.8	0.0037779	0.00653112	
432	0.00392525	0.00650979	
432.2	0.00401971	0.00648853	
432.4	0.00400294	0.00646735	
432.6	0.0041544	0.00644623	
432.8	0.00420207	0.00642517	
433	0.00416252	0.00640419	
433.2	0.00406207	0.00638328	
433.4	0.00372664	0.00636243	
433.6	0.00351525	0.00634166	
433.8	0.00298642	0.00632095	
434	0.00293616	0.0063003	
434.2	0.0028064	0.00627973	
434.4	0.002796	0.00625922	
434.6	0.00273589	0.00623878	
434.8	0.00264497	0.00621841	
435	0.00247891	0.0061981	
435.2	0.00254985	0.00617786	
435.4	0.00247878	0.00615769	
435.6	0.00276365	0.00613758	
435.8	0.00291283	0.00611754	
436	0.00280553	0.00609756	
436.2	0.0028479	0.00607765	
436.4	0.00264611	0.0060578	
436.6	0.00283773	0.00603802	
436.8	0.00272939	0.0060183	
437	0.00269032	0.00599864	
437.2	0.00263871	0.00597906	
437.4	0.00262749	0.00595953	
437.6	0.00284922	0.00594007	
437.8	0.00277655	0.00592067	
438	0.00251422	0.00590134	
438.2	0.00238719	0.00588206	
438.4	0.00248396	0.00586286	
438.6	0.00228583	0.00584371	
438.8	0.00185515	0.00582463	
439	0.00165679	0.00580561	
439.2	0.00154307	0.00578665	
439.4	0.00131331	0.00576775	
439.6	0.00128865	0.00574891	
439.8	0.0013263	0.00573014	
440	0.00104471	0.00571143	
440.2	0.0013395	0.00569278	
440.4	0.00153939	0.00567419	
440.6	0.00198979	0.00565566	
440.8	0.00189391	0.00563719	
441	0.00188931	0.00561878	
441.2	0.00181724	0.00560043	
441.4	0.00179306	0.00558214	
441.6	0.00197091	0.00556391	
441.8	0.00173808	0.00554574	
442	0.00146404	0.00552763	
442.2	0.00171823	0.00550958	
442.4	0.00173871	0.00549159	
442.6	0.00137486	0.00547365	
442.8	0.00135535	0.00545578	
443	0.00139058	0.00543796	
443.2	0.00131976	0.0054202	
443.4	0.0015466	0.0054025	
443.6	0.0020881	0.00538486	
443.8	0.00229072	0.00536728	
444	0.00239573	0.00534975	
444.2	0.00232176	0.00533228	
444.4	0.00242951	0.00531487	
444.6	0.00251527	0.00529751	
444.8	0.00207684	0.00528021	
445	0.00203736	0.00526297	
445.2	0.00207862	0.00524578	
445.4	0.00180931	0.00522865	
445.6	0.00190371	0.00521157	
445.8	0.00172407	0.00519455	
446	0.00159541	0.00517759	
446.2	0.00165179	0.00516068	
446.4	0.00164927	0.00514383	
446.6	0.00118416	0.00512703	
446.8	0.00104214	0.00511029	
447	0.00141547	0.0050936	
447.2	0.00162258	0.00507697	
447.4	0.00181744	0.00506039	
447.6	0.00196042	0.00504386	
447.8	0.00191843	0.00502739	
448	0.00174929	0.00501097	
448.2	0.00152611	0.00499461	
448.4	0.00184326	0.0049783	
448.6	0.00174307	0.00496204	
448.8	0.00175136	0.00494584	
449	0.0020807	0.00492969	
449.2	0.00242525	0.00491359	
449.4	0.00209301	0.00489754	
449.6	0.00222566	0.00488155	
449.8	0.00197383	0.00486561	
450	0.00172986	0.00484972	
450.2	0.0018367	0.00483388	
450.4	0.00145335	0.0048181	
450.6	0.00092884	0.00480236	
450.8	0.00068212	0.00478668	
451	0.00089792	0.00477105	
451.2	0.0009184	0.00475547	
451.4	0.00092443	0.00473994	
451.6	0.00096192	0.00472446	
451.8	0.0011426	0.00470903	
452	0.00123049	0.00469365	
452.2	0.00156033	0.00467832	
452.4	0.00162736	0.00466305	
452.6	0.00154758	0.00464782	
452.8	0.00159874	0.00463264	
453	0.00172969	0.00461751	
453.2	0.00176825	0.00460243	
453.4	0.00140357	0.0045874	
453.6	0.00130544	0.00457242	
453.8	0.00106512	0.00455749	
454	0.001048	0.00454261	
454.2	0.00103737	0.00452777	
454.4	0.00053463	0.00451299	
454.6	0.0001877	0.00449825	
454.8	-0.00001024	0.00448356	
455	0.00006167	0.00446892	
455.2	0.00003915	0.00445432	
455.4	-0.00023303	0.00443978	
455.6	-0.00009551	0.00442528	
455.8	-0.00005978	0.00441083	
456	0.00033283	0.00439642	
456.2	0.00051985	0.00438207	
456.4	0.00019412	0.00436776	
456.6	0.00066277	0.00435349	
456.8	0.00073833	0.00433928	
457	0.00107412	0.00432511	
457.2	0.00104506	0.00431098	
457.4	0.00110601	0.0042969	
457.6	0.00119481	0.00428287	
457.8	0.0011934	0.00426889	
458	0.00125092	0.00425495	
458.2	0.00084316	0.00424105	
458.4	0.00075461	0.0042272	
458.6	0.00066948	0.0042134	
458.8	0.00091672	0.00419964	
459	0.00087909	0.00418592	
459.2	0.00053499	0.00417225	
459.4	0.00071172	0.00415863	
459.6	0.00065886	0.00414505	
459.8	0.00049768	0.00413151	
460	0.00080648	0.00411802	
460.2	0.00077967	0.00410457	
460.4	0.00074648	0.00409117	
460.6	0.00102546	0.00407781	
460.8	0.00051382	0.00406449	
461	0.00033646	0.00405122	
461.2	0.0004542	0.00403799	
461.4	0.00042201	0.0040248	
461.6	0.00043568	0.00401166	
461.8	0.00022188	0.00399856	
462	-0.00004857	0.0039855	
462.2	-0.0006317	0.00397248	
462.4	-0.00055417	0.00395951	
462.6	-0.00056522	0.00394658	
462.8	-0.00060489	0.00393369	
463	-0.00077923	0.00392085	
463.2	-0.0008202	0.00390804	
463.4	-0.00053254	0.00389528	
463.6	-0.00075114	0.00388256	
463.8	-0.00029976	0.00386988	
464	-0.00020048	0.00385724	
464.2	-0.00003217	0.00384465	
464.4	-0.0000375	0.00383209	
464.6	-0.00000184	0.00381958	
464.8	0.00026549	0.00380711	
465	0.00021703	0.00379467	
465.2	0.00004609	0.00378228	
465.4	-0.00036979	0.00376993	
465.6	-0.00048028	0.00375762	
465.8	-0.00089132	0.00374535	
466	-0.00107848	0.00373312	
466.2	-0.00156783	0.00372093	
466.4	-0.00170041	0.00370877	
466.6	-0.00166203	0.00369666	
466.8	-0.00128259	0.00368459	
467	-0.0006983	0.00367256	
467.2	-0.00004779	0.00366056	
467.4	0.00050492	0.00364861	
467.6	0.0006625	0.0036367	
467.8	0.00083334	0.00362482	
468	0.00082763	0.00361298	
468.2	0.00105909	0.00360118	
468.4	0.00113998	0.00358942	
468.6	0.00116367	0.0035777	
468.8	0.00089941	0.00356602	
469	0.00037364	0.00355437	
469.2	-0.00019758	0.00354277	
469.4	-0.00052943	0.0035312	
469.6	-0.00057313	0.00351967	
469.8	-0.00075284	0.00350817	
470	-0.00102766	0.00349671	
470.2	-0.0014071	0.0034853	
470.4	-0.00132264	0.00347391	
470.6	-0.00115626	0.00346257	
470.8	-0.00081203	0.00345126	
471	-0.00048112	0.00343999	
471.2	-0.00005165	0.00342876	
471.4	-0.00004299	0.00341756	
471.6	-0.00048241	0.0034064	
471.8	-0.00054707	0.00339528	
472	-0.00006978	0.00338419	
472.2	-0.00011005	0.00337314	
472.4	-0.00008919	0.00336212	
472.6	-0.00013176	0.00335114	
472.8	-0.00037515	0.0033402	
473	-0.00069127	0.00332929	
473.2	-0.00076315	0.00331842	
473.4	-0.00068359	0.00330758	
473.6	-0.00066998	0.00329678	
473.8	-0.00076076	0.00328601	
474	-0.00105032	0.00327528	
474.2	-0.00089779	0.00326459	
474.4	-0.00114236	0.00325393	
474.6	-0.00131952	0.0032433	
474.8	-0.00119388	0.00323271	
475	-0.00128003	0.00322215	
475.2	-0.00108023	0.00321163	
475.4	-0.00112391	0.00320114	
475.6	-0.00102995	0.00319069	
475.8	-0.00090017	0.00318027	
476	-0.00070847	0.00316988	
476.2	-0.00098369	0.00315953	
476.4	-0.00076349	0.00314921	
476.6	-0.0008864	0.00313893	
476.8	-0.00126288	0.00312868	
477	-0.00135896	0.00311846	
477.2	-0.00105262	0.00310828	
477.4	-0.00101168	0.00309813	
477.6	-0.0010046	0.00308801	
477.8	-0.00090583	0.00307793	
478	-0.00093232	0.00306788	
478.2	-0.00073778	0.00305786	
478.4	-0.00090706	0.00304787	
478.6	-0.00080719	0.00303792	
478.8	-0.00065891	0.003028	
479	-0.00046554	0.00301811	
479.2	0.00007149	0.00300825	
479.4	0.00041297	0.00299843	
479.6	0.00066649	0.00298864	
479.8	0.00066162	0.00297888	
