Conc1	1E-07	
Start1	240	
Stop1	479.8	
Kobs	0.00398938283118634	
Error Kobs	5.22146019654848E-05	
Koff	0	
Error Koff	0	
Time1	Data1	Fit1	
240	0.016337	0	
240.2	0.01755645	0.00214055	
240.4	0.01863173	0.00427832	
240.6	0.02032263	0.00641331	
240.8	0.02197895	0.00854552	
241	0.02353665	0.01067496	
241.2	0.02521758	0.01280163	
241.4	0.0270986	0.01492553	
241.6	0.0293811	0.01704667	
241.8	0.03112906	0.01916506	
242	0.03290396	0.02128069	
242.2	0.03479194	0.02339357	
242.4	0.03665504	0.0255037	
242.6	0.03823792	0.02761109	
242.8	0.03960107	0.02971574	
243	0.04129714	0.03181765	
243.2	0.04273833	0.03391683	
243.4	0.04446803	0.03601328	
243.6	0.045958	0.038107	
243.8	0.04751098	0.040198	
244	0.04901592	0.04228628	
244.2	0.04981294	0.04437185	
244.4	0.05066847	0.0464547	
244.6	0.05225564	0.04853485	
244.8	0.05341136	0.05061229	
245	0.05475842	0.05268703	
245.2	0.05638049	0.05475907	
245.4	0.05794201	0.05682842	
245.6	0.05973282	0.05889508	
245.8	0.06107005	0.06095905	
246	0.06275425	0.06302034	
246.2	0.06458325	0.06507894	
246.4	0.06580573	0.06713487	
246.6	0.06707811	0.06918813	
246.8	0.06880107	0.07123871	
247	0.0706987	0.07328663	
247.2	0.07228385	0.07533189	
247.4	0.07386071	0.07737449	
247.6	0.07521183	0.07941443	
247.8	0.07671789	0.08145172	
248	0.07814906	0.08348636	
248.2	0.07945096	0.08551835	
248.4	0.08127315	0.0875477	
248.6	0.08302626	0.08957442	
248.8	0.08454177	0.0915985	
249	0.08608626	0.09361994	
249.2	0.08732194	0.09563876	
249.4	0.08890976	0.09765495	
249.6	0.09052317	0.09966852	
249.8	0.09207482	0.10167948	
250	0.09336291	0.10368781	
250.2	0.09491232	0.10569354	
250.4	0.09635123	0.10769666	
250.6	0.09784852	0.10969717	
250.8	0.09996083	0.11169509	
251	0.10163795	0.1136904	
251.2	0.10312867	0.11568312	
251.4	0.10478567	0.11767325	
251.6	0.10607428	0.11966079	
251.8	0.10783689	0.12164575	
252	0.10909343	0.12362812	
252.2	0.11035895	0.12560792	
252.4	0.11180687	0.12758515	
252.6	0.11258787	0.1295598	
252.8	0.11376318	0.13153189	
253	0.11516021	0.13350141	
253.2	0.11664767	0.13546837	
253.4	0.11846213	0.13743277	
253.6	0.11973367	0.13939462	
253.8	0.12144628	0.14135391	
254	0.12298261	0.14331066	
254.2	0.12446214	0.14526487	
254.4	0.12631212	0.14721653	
254.6	0.12746643	0.14916566	
254.8	0.12913246	0.15111225	
255	0.1304279	0.15305631	
255.2	0.13225139	0.15499785	
255.4	0.13371058	0.15693686	
255.6	0.13503218	0.15887334	
255.8	0.13663346	0.16080731	
256	0.13800685	0.16273877	
256.2	0.13969943	0.16466771	
256.4	0.141576	0.16659414	
256.6	0.14293977	0.16851807	
256.8	0.1447443	0.1704395	
257	0.1466997	0.17235843	
257.2	0.14870542	0.17427487	
257.4	0.1503384	0.17618881	
257.6	0.15187382	0.17810027	
257.8	0.15347724	0.18000923	
258	0.15513338	0.18191572	
258.2	0.15622576	0.18381973	
258.4	0.15763827	0.18572126	
258.6	0.15833123	0.18762032	
258.8	0.15976435	0.18951691	
259	0.16144365	0.19141103	
259.2	0.16290234	0.19330269	
259.4	0.16405912	0.19519189	
259.6	0.16603291	0.19707864	
259.8	0.16782078	0.19896293	
260	0.16915381	0.20084477	
260.2	0.17094479	0.20272417	
260.4	0.17292822	0.20460112	
260.6	0.1742751	0.20647563	
260.8	0.17580776	0.2083477	
261	0.17781467	0.21021734	
261.2	0.17950576	0.21208454	
261.4	0.18103287	0.21394932	
261.6	0.18247472	0.21581168	
261.8	0.18411753	0.21767161	
262	0.18579108	0.21952913	
262.2	0.18687767	0.22138423	
262.4	0.18832132	0.22323691	
262.6	0.1895464	0.22508719	
262.8	0.19112696	0.22693506	
263	0.19255786	0.22878053	
263.2	0.19385806	0.2306236	
263.4	0.19529195	0.23246428	
263.6	0.19691495	0.23430255	
263.8	0.19811379	0.23613844	
264	0.1994498	0.23797195	
264.2	0.20123128	0.23980306	
264.4	0.20247464	0.2416318	
264.6	0.20362542	0.24345816	
264.8	0.20492169	0.24528215	
265	0.20649522	0.24710376	
265.2	0.20789209	0.248923	
265.4	0.20949881	0.25073988	
265.6	0.21091322	0.2525544	
265.8	0.21267929	0.25436655	
266	0.21412978	0.25617636	
266.2	0.21579883	0.2579838	
266.4	0.21721433	0.2597889	
266.6	0.21877461	0.26159165	
266.8	0.2204739	0.26339205	
267	0.22194617	0.26519012	
267.2	0.22362692	0.26698585	
267.4	0.2248321	0.26877924	
267.6	0.22643899	0.2705703	
267.8	0.22770638	0.27235903	
268	0.22921806	0.27414543	
268.2	0.23012852	0.27592952	
268.4	0.23160881	0.27771128	
268.6	0.2331748	0.27949072	
268.8	0.2346292	0.28126786	
269	0.23642167	0.28304268	
269.2	0.23807198	0.28481519	
269.4	0.23971262	0.2865854	
269.6	0.24121455	0.2883533	
269.8	0.2425813	0.29011891	
270	0.24422355	0.29188222	
270.2	0.24586076	0.29364324	
270.4	0.24709973	0.29540197	
270.6	0.24887695	0.29715842	
270.8	0.25005697	0.29891257	
271	0.25136128	0.30066445	
271.2	0.25261306	0.30241405	
271.4	0.25409464	0.30416138	
271.6	0.25520853	0.30590643	
271.8	0.25650728	0.30764921	
272	0.25795232	0.30938973	
272.2	0.25917834	0.31112798	
272.4	0.26114064	0.31286398	
272.6	0.2628864	0.31459772	
272.8	0.26438807	0.3163292	
273	0.2657818	0.31805843	
273.2	0.26720361	0.31978541	
273.4	0.2689408	0.32151015	
273.6	0.27056383	0.32323264	
273.8	0.27195568	0.3249529	
274	0.27376774	0.32667092	
274.2	0.27542057	0.3283867	
274.4	0.27689698	0.33010025	
274.6	0.27827834	0.33181158	
274.8	0.27962392	0.33352068	
275	0.28129613	0.33522755	
275.2	0.28281283	0.33693221	
275.4	0.28468074	0.33863465	
275.6	0.28567274	0.34033488	
275.8	0.2872327	0.3420329	
276	0.28871402	0.34372871	
276.2	0.29020828	0.34542231	
276.4	0.29184729	0.34711371	
276.6	0.29302228	0.34880291	
276.8	0.29413958	0.35048992	
277	0.29549683	0.35217473	
277.2	0.29717061	0.35385735	
277.4	0.29874012	0.35553779	
277.6	0.30021121	0.35721603	
277.8	0.30172921	0.3588921	
278	0.30343324	0.36056599	
278.2	0.30489499	0.3622377	
278.4	0.30619128	0.36390723	
278.6	0.30704866	0.3655746	
278.8	0.30848264	0.3672398	
279	0.30982733	0.36890283	
279.2	0.31115441	0.3705637	
279.4	0.31269844	0.37222241	
279.6	0.3138991	0.37387897	
279.8	0.31553037	0.37553336	
280	0.3169809	0.37718561	
280.2	0.31846255	0.37883571	
280.4	0.31978202	0.38048367	
280.6	0.32118359	0.38212948	
280.8	0.32296166	0.38377315	
281	0.32437293	0.38541469	
281.2	0.32537794	0.38705409	
281.4	0.3267442	0.38869135	
281.6	0.32826123	0.39032649	
281.8	0.32941333	0.39195951	
282	0.3309004	0.3935904	
282.2	0.33254581	0.39521916	
282.4	0.33401937	0.39684582	
282.6	0.33514058	0.39847035	
282.8	0.33675006	0.40009278	
283	0.33858958	0.40171309	
283.2	0.34049629	0.4033313	
283.4	0.342384	0.4049474	
283.6	0.34430558	0.4065614	
283.8	0.34598209	0.40817331	
284	0.34753488	0.40978311	
284.2	0.34907441	0.41139083	
284.4	0.35037893	0.41299645	
284.6	0.3517534	0.41459999	
284.8	0.35293153	0.41620144	
285	0.3538274	0.4178008	
285.2	0.35452863	0.41939809	
285.4	0.35595066	0.4209933	
285.6	0.35712262	0.42258644	
285.8	0.3582566	0.42417751	
286	0.35970633	0.4257665	
286.2	0.36134674	0.42735343	
286.4	0.36255656	0.4289383	
286.6	0.36400233	0.43052111	
286.8	0.36565384	0.43210186	
287	0.3677729	0.43368055	
287.2	0.36939885	0.43525719	
287.4	0.37088848	0.43683178	
287.6	0.37250089	0.43840432	
287.8	0.37418829	0.43997482	
288	0.37579755	0.44154328	
288.2	0.37695429	0.44310969	
288.4	0.37817157	0.44467407	
288.6	0.37964063	0.44623642	
288.8	0.38126517	0.44779673	
289	0.3830776	0.44935502	
289.2	0.38461339	0.45091128	
289.4	0.38595852	0.45246551	
289.6	0.38723883	0.45401773	
289.8	0.38870591	0.45556792	
290	0.39027375	0.4571161	
290.2	0.39191028	0.45866227	
290.4	0.39315195	0.46020643	
290.6	0.39479351	0.46174858	
290.8	0.39626635	0.46328872	
291	0.39764805	0.46482686	
291.2	0.39881649	0.466363	
291.4	0.40003594	0.46789715	
291.6	0.40168608	0.46942929	
291.8	0.4035811	0.47095945	
292	0.40488165	0.47248762	
292.2	0.40593949	0.4740138	
292.4	0.40743057	0.47553799	
292.6	0.40896088	0.47706021	
292.8	0.41075853	0.47858044	
293	0.4120183	0.4800987	
293.2	0.41294482	0.48161498	
293.4	0.41409865	0.48312929	
293.6	0.41547859	0.48464164	
293.8	0.41694033	0.48615201	
294	0.4182357	0.48766042	
294.2	0.41949696	0.48916687	
294.4	0.4206743	0.49067137	
294.6	0.42231954	0.4921739	
294.8	0.4237348	0.49367448	
295	0.42493153	0.49517311	
295.2	0.42641372	0.4966698	
295.4	0.42795139	0.49816453	
295.6	0.42967445	0.49965733	
295.8	0.43135764	0.50114818	
296	0.43285266	0.50263709	
296.2	0.43409115	0.50412407	
296.4	0.43612097	0.50560911	
296.6	0.43756899	0.50709222	
296.8	0.43925733	0.50857341	
297	0.4401038	0.51005266	
297.2	0.44171464	0.51153	
297.4	0.44290756	0.51300541	
297.6	0.44406157	0.51447891	
297.8	0.44527989	0.51595048	
298	0.44645399	0.51742015	
298.2	0.44791085	0.5188879	
298.4	0.44897858	0.52035375	
298.6	0.45073578	0.52181769	
298.8	0.45197956	0.52327973	
299	0.45291398	0.52473986	
299.2	0.45392691	0.5261981	
299.4	0.45546316	0.52765444	
299.6	0.45739414	0.52910889	
299.8	0.45921234	0.53056144	
300	0.46091634	0.53201211	
300.2	0.46249206	0.53346089	
300.4	0.46464686	0.53490779	
300.6	0.46585088	0.5363528	
300.8	0.46747356	0.53779594	
301	0.46846855	0.5392372	
301.2	0.4699171	0.54067659	
301.4	0.4710736	0.5421141	
301.6	0.47250534	0.54354975	
301.8	0.47395242	0.54498352	
302	0.4755851	0.54641544	
302.2	0.47721013	0.54784549	
302.4	0.47832225	0.54927368	
302.6	0.47933506	0.55070002	
302.8	0.48039351	0.5521245	
303	0.48176724	0.55354713	
303.2	0.48290509	0.55496791	
303.4	0.48478046	0.55638684	
303.6	0.48621936	0.55780393	
303.8	0.48721249	0.55921917	
304	0.48830923	0.56063257	
304.2	0.48939241	0.56204414	
304.4	0.49055777	0.56345387	
304.6	0.4913364	0.56486177	
304.8	0.49246604	0.56626783	
305	0.49352932	0.56767207	
305.2	0.49522587	0.56907448	
305.4	0.4967716	0.57047507	
305.6	0.49859762	0.57187384	
305.8	0.50023124	0.57327079	
306	0.50211187	0.57466592	
306.2	0.50354583	0.57605924	
306.4	0.50470502	0.57745075	
306.6	0.50604694	0.57884044	
306.8	0.50802658	0.58022833	
307	0.50953496	0.58161442	
307.2	0.51050441	0.5829987	
307.4	0.5118509	0.58438119	
307.6	0.51268341	0.58576187	
307.8	0.51427663	0.58714076	
308	0.51561051	0.58851786	
308.2	0.51701256	0.58989317	
308.4	0.51824709	0.59126669	
308.6	0.51953453	0.59263842	
308.8	0.52110747	0.59400837	
309	0.52291886	0.59537654	
309.2	0.5245708	0.59674292	
309.4	0.52616591	0.59810754	
309.6	0.52817235	0.59947037	
309.8	0.52960771	0.60083144	
310	0.53143503	0.60219073	
310.2	0.5326921	0.60354826	
310.4	0.53365366	0.60490403	
310.6	0.5348505	0.60625803	
310.8	0.53581761	0.60761026	
311	0.53679843	0.60896075	
311.2	0.53808816	0.61030947	
311.4	0.53934003	0.61165644	
311.6	0.54031921	0.61300166	
311.8	0.54219308	0.61434513	
312	0.54348608	0.61568686	
312.2	0.54460585	0.61702684	
312.4	0.54600238	0.61836507	
312.6	0.54759404	0.61970157	
312.8	0.54910875	0.62103633	
313	0.55070474	0.62236935	
313.2	0.55236668	0.62370064	
313.4	0.5540531	0.6250302	
313.6	0.55566504	0.62635803	
313.8	0.55729318	0.62768414	
314	0.55853878	0.62900852	
314.2	0.55933737	0.63033117	
314.4	0.56045933	0.63165211	
314.6	0.56193552	0.63297133	
314.8	0.56305907	0.63428883	
315	0.56465866	0.63560463	
315.2	0.56588934	0.63691871	
315.4	0.5667736	0.63823108	
315.6	0.56792022	0.63954174	
315.8	0.56952054	0.6408507	
316	0.57077176	0.64215796	
316.2	0.57197203	0.64346352	
316.4	0.57362859	0.64476738	
316.6	0.57501419	0.64606955	
316.8	0.57637771	0.64737002	
317	0.57772146	0.6486688	
317.2	0.57880845	0.6499659	
317.4	0.57980922	0.6512613	
317.6	0.58126585	0.65255503	
317.8	0.58235913	0.65384707	
318	0.58337207	0.65513743	
318.2	0.58443539	0.65642611	
318.4	0.58603397	0.65771312	
318.6	0.58727099	0.65899845	
318.8	0.58859363	0.66028211	
319	0.58971964	0.6615641	
319.2	0.59094747	0.66284443	
319.4	0.59219122	0.66412309	
319.6	0.59384535	0.66540009	
319.8	0.59532565	0.66667542	
320	0.59728386	0.6679491	
320.2	0.59889663	0.66922113	
320.4	0.60061233	0.6704915	
320.6	0.60239485	0.67176021	
320.8	0.60384388	0.67302728	
321	0.60503459	0.6742927	
321.2	0.60635909	0.67555648	
321.4	0.60746305	0.67681861	
321.6	0.60843846	0.6780791	
321.8	0.60983543	0.67933795	
322	0.61103544	0.68059516	
322.2	0.61193619	0.68185074	
322.4	0.61320976	0.68310469	
322.6	0.61436822	0.68435701	
322.8	0.61600788	0.6856077	
323	0.61712441	0.68685676	
323.2	0.61875347	0.68810419	
323.4	0.62009044	0.68935001	
323.6	0.62149586	0.69059421	
323.8	0.62261579	0.69183678	
324	0.62478228	0.69307775	
324.2	0.62575076	0.6943171	
324.4	0.62742322	0.69555483	
324.6	0.62877622	0.69679096	
324.8	0.62993257	0.69802548	
325	0.63090996	0.6992584	
325.2	0.63182204	0.70048971	
325.4	0.63273504	0.70171942	
325.6	0.63383761	0.70294753	
325.8	0.63534379	0.70417405	
326	0.63622397	0.70539897	
326.2	0.63743649	0.70662229	
326.4	0.63886004	0.70784403	
326.6	0.64056462	0.70906418	
326.8	0.64229645	0.71028274	
327	0.6440443	0.71149972	
327.2	0.64552251	0.71271511	
327.4	0.64699835	0.71392893	
327.6	0.64841972	0.71514116	
327.8	0.64974177	0.71635182	
328	0.65136836	0.71756091	
328.2	0.65173268	0.71876842	
328.4	0.65342508	0.71997437	
328.6	0.65454846	0.72117874	
328.8	0.65580584	0.72238155	
329	0.6567661	0.7235828	
329.2	0.65805435	0.72478248	
329.4	0.65958426	0.7259806	
329.6	0.66076224	0.72717717	
329.8	0.66227055	0.72837218	
330	0.66358867	0.72956563	
330.2	0.66486453	0.73075754	
330.4	0.66652161	0.73194789	
330.6	0.66836785	0.7331367	
330.8	0.66958253	0.73432396	
331	0.67093874	0.73550967	
331.2	0.67207983	0.73669385	
331.4	0.67381042	0.73787648	
331.6	0.67524829	0.73905758	
331.8	0.67660098	0.74023714	
332	0.67748266	0.74141517	
332.2	0.67827755	0.74259167	
332.4	0.67946033	0.74376663	
332.6	0.68018338	0.74494007	
332.8	0.68074471	0.74611198	
333	0.68170446	0.74728237	
333.2	0.6828421	0.74845124	
333.4	0.68389757	0.74961859	
333.6	0.68533986	0.75078442	
333.8	0.68704325	0.75194873	
334	0.68834225	0.75311153	
334.2	0.68947188	0.75427282	
334.4	0.69111333	0.75543259	
334.6	0.69246704	0.75659086	
334.8	0.69365057	0.75774763	
335	0.69508751	0.75890289	
335.2	0.69671951	0.76005664	
335.4	0.69858069	0.7612089	
335.6	0.7000922	0.76235966	
335.8	0.70153345	0.76350892	
336	0.70247529	0.76465669	
336.2	0.70341408	0.76580296	
336.4	0.70428653	0.76694775	
336.6	0.70508443	0.76809104	
336.8	0.70611542	0.76923285	
337	0.70775966	0.77037318	
337.2	0.70917664	0.77151202	
337.4	0.71076945	0.77264938	
337.6	0.7126278	0.77378526	
337.8	0.71407385	0.77491967	
338	0.71500767	0.7760526	
338.2	0.71605038	0.77718406	
338.4	0.71786255	0.77831404	
338.6	0.7188652	0.77944256	
338.8	0.7199307	0.78056961	
339	0.72077175	0.78169519	
339.2	0.72207759	0.78281931	
339.4	0.72373705	0.78394197	
339.6	0.72469903	0.78506317	
339.8	0.72553914	0.78618291	
340	0.72698724	0.7873012	
340.2	0.72804331	0.78841803	
340.4	0.72910677	0.78953341	
340.6	0.73040044	0.79064734	
340.8	0.73194755	0.79175982	
341	0.73353594	0.79287085	
341.2	0.73505761	0.79398044	
341.4	0.73610963	0.79508858	
341.6	0.73731627	0.79619529	
341.8	0.73844028	0.79730055	
342	0.73968191	0.79840438	
342.2	0.74102263	0.79950678	
342.4	0.74239152	0.80060774	
342.6	0.7434567	0.80170727	
342.8	0.74466853	0.80280536	
343	0.74586867	0.80390203	
343.2	0.74751773	0.80499728	
343.4	0.74870817	0.8060911	
343.6	0.74949282	0.8071835	
343.8	0.7505974	0.80827448	
344	0.75227557	0.80936404	
344.2	0.75342683	0.81045218	
344.4	0.75496437	0.81153891	
344.6	0.75636395	0.81262422	
344.8	0.75748536	0.81370813	
345	0.75860173	0.81479062	
345.2	0.75986392	0.81587171	
345.4	0.7604811	0.81695139	
345.6	0.76192557	0.81802966	
345.8	0.76300373	0.81910654	
346	0.76421201	0.82018201	
346.2	0.76555562	0.82125609	
346.4	0.76690646	0.82232877	
346.6	0.7678741	0.82340006	
346.8	0.76889775	0.82446995	
347	0.76990793	0.82553845	
347.2	0.77100808	0.82660556	
347.4	0.77168682	0.82767128	
347.6	0.77281401	0.82873562	
347.8	0.77430694	0.82979858	
348	0.7760177	0.83086015	
348.2	0.77734565	0.83192034	
348.4	0.77859933	0.83297915	
348.6	0.77945798	0.83403659	
348.8	0.78044529	0.83509265	
349	0.78187579	0.83614734	
349.2	0.78310887	0.83720065	
349.4	0.78400583	0.8382526	
349.6	0.78599836	0.83930318	
349.8	0.78723242	0.84035239	
350	0.78863878	0.84140024	
350.2	0.79033182	0.84244673	
350.4	0.79167603	0.84349186	
350.6	0.79255182	0.84453562	
350.8	0.79383077	0.84557803	
351	0.79490295	0.84661909	
351.2	0.79621415	0.84765879	
351.4	0.79724444	0.84869713	
351.6	0.79893911	0.84973413	
351.8	0.80050057	0.85076978	
352	0.80128078	0.85180409	
352.2	0.80197811	0.85283704	
352.4	0.80293494	0.85386866	
352.6	0.80381999	0.85489893	
352.8	0.8049493	0.85592787	
353	0.80640466	0.85695546	
353.2	0.80712044	0.85798172	
353.4	0.80842962	0.85900665	
353.6	0.80996862	0.86003024	
353.8	0.8108794	0.86105251	
354	0.81230255	0.86207344	
354.2	0.81384879	0.86309304	
354.4	0.8147841	0.86411132	
354.6	0.81600746	0.86512828	
354.8	0.81758451	0.86614391	
355	0.81895186	0.86715822	
355.2	0.82009761	0.86817122	
355.4	0.82100922	0.86918289	
355.6	0.82244458	0.87019325	
355.8	0.82342226	0.8712023	
356	0.82454576	0.87221004	
356.2	0.8259818	0.87321646	
356.4	0.82717654	0.87422158	
356.6	0.82817498	0.87522539	
356.8	0.82940608	0.87622789	
357	0.83040898	0.87722909	
357.2	0.83109518	0.87822899	
357.4	0.83233661	0.87922759	
357.6	0.83365085	0.88022489	
357.8	0.83496758	0.88122089	
358	0.8363824	0.8822156	
358.2	0.83764878	0.88320901	
358.4	0.83883983	0.88420114	
358.6	0.84043594	0.88519197	
358.8	0.84156298	0.88618151	
359	0.84234777	0.88716977	
359.2	0.84304428	0.88815674	
359.4	0.8438732	0.88914243	
359.6	0.84477166	0.89012684	
359.8	0.84538523	0.89110997	
360	0.84538523	0.89209189	
360.2	0.84556543	0.8913804	
360.4	0.84570897	0.89066947	
360.6	0.84579708	0.88995911	
360.8	0.84621897	0.88924932	
361	0.84647078	0.88854009	
361.2	0.84662435	0.88783142	
361.4	0.84656361	0.88712333	
361.6	0.84667689	0.88641579	
361.8	0.84641845	0.88570883	
362	0.84645222	0.88500242	
362.2	0.84626371	0.88429658	
362.4	0.84627297	0.8835913	
362.6	0.84635857	0.88288659	
362.8	0.84651853	0.88218243	
363	0.84652468	0.88147884	
363.2	0.84630002	0.88077581	
363.4	0.84565875	0.88007334	
363.6	0.84535838	0.87937143	
363.8	0.84508232	0.87867008	
364	0.84497282	0.87796929	
364.2	0.844431	0.87726906	
364.4	0.84383595	0.87656939	
364.6	0.84327972	0.87587027	
364.8	0.84307916	0.87517171	
365	0.842768	0.87447371	
365.2	0.84228505	0.87377627	
365.4	0.84189694	0.87307938	
365.6	0.84159773	0.87238305	
365.8	0.8410925	0.87168727	
366	0.84099826	0.87099205	
366.2	0.84078718	0.87029738	
366.4	0.84114073	0.86960327	
366.6	0.84088442	0.86890971	
366.8	0.84105535	0.86821671	
367	0.84087305	0.86752425	
367.2	0.84054686	0.86683235	
367.4	0.84006785	0.866141	
367.6	0.83974313	0.8654502	
367.8	0.83938514	0.86475996	
368	0.83889998	0.86407026	
368.2	0.83808302	0.86338111	
368.4	0.83746908	0.86269252	
368.6	0.83667119	0.86200447	
368.8	0.83615461	0.86131697	
369	0.83579678	0.86063002	
369.2	0.83510143	0.85994362	
369.4	0.83482731	0.85925776	
369.6	0.83461954	0.85857245	
369.8	0.83429691	0.85788769	
370	0.83408498	0.85720348	
370.2	0.8342551	0.85651981	
370.4	0.8343384	0.85583668	
370.6	0.83409828	0.8551541	
370.8	0.83406371	0.85447207	
371	0.83364082	0.85379058	
371.2	0.83344892	0.85310963	
371.4	0.83297678	0.85242922	
371.6	0.83254703	0.85174936	
371.8	0.83212483	0.85107004	
372	0.83137437	0.85039126	
372.2	0.83069139	0.84971303	
372.4	0.83008236	0.84903533	
372.6	0.82915188	0.84835818	
372.8	0.82904417	0.84768156	
373	0.82912012	0.84700549	
373.2	0.82917166	0.84632995	
373.4	0.82912168	0.84565495	
373.6	0.82911666	0.84498049	
373.8	0.82875252	0.84430657	
374	0.82837402	0.84363319	
374.2	0.8279062	0.84296034	
374.4	0.82713374	0.84228803	
374.6	0.82673077	0.84161626	
374.8	0.82625103	0.84094502	
375	0.82617589	0.84027432	
375.2	0.8258473	0.83960415	
375.4	0.82556874	0.83893451	
375.6	0.82527172	0.83826542	
375.8	0.82508126	0.83759685	
376	0.82445551	0.83692882	
376.2	0.82435791	0.83626132	
376.4	0.82402834	0.83559435	
376.6	0.82407456	0.83492792	
376.8	0.82448327	0.83426201	
377	0.82452791	0.83359664	
377.2	0.82432585	0.8329318	
377.4	0.82417	0.83226749	
377.6	0.82386546	0.8316037	
377.8	0.82356161	0.83094045	
378	0.82311839	0.83027773	
378.2	0.82215603	0.82961553	
378.4	0.82180684	0.82895387	
378.6	0.82139555	0.82829273	
378.8	0.82103192	0.82763212	
379	0.82056762	0.82697203	
379.2	0.81982662	0.82631247	
379.4	0.81959824	0.82565344	
379.6	0.81885287	0.82499493	
379.8	0.81827771	0.82433695	
380	0.81782416	0.82367949	
380.2	0.81720844	0.82302256	
380.4	0.81678681	0.82236615	
380.6	0.81624403	0.82171027	
380.8	0.81609695	0.82105491	
381	0.81563549	0.82040007	
381.2	0.8152334	0.81974575	
381.4	0.81514495	0.81909196	
381.6	0.81470244	0.81843868	
381.8	0.81455949	0.81778593	
382	0.81455809	0.8171337	
382.2	0.81412095	0.81648199	
382.4	0.81400813	0.81583079	
382.6	0.8134249	0.81518012	
382.8	0.81319844	0.81452997	
383	0.81324062	0.81388033	
383.2	0.81300992	0.81323121	
383.4	0.81268865	0.81258262	
383.6	0.81229666	0.81193453	
383.8	0.81198005	0.81128697	
384	0.8116622	0.81063992	
384.2	0.81114655	0.80999339	
384.4	0.8111355	0.80934737	
384.6	0.81049875	0.80870187	
384.8	0.81057658	0.80805688	
385	0.81005815	0.80741241	
385.2	0.809643	0.80676845	
385.4	0.80904761	0.80612501	
385.6	0.80867656	0.80548207	
385.8	0.80869916	0.80483965	
386	0.80856623	0.80419775	
386.2	0.80816886	0.80355635	
386.4	0.80779	0.80291547	
386.6	0.80786338	0.8022751	
386.8	0.80811157	0.80163524	
387	0.80815318	0.80099589	
387.2	0.80778607	0.80035705	
387.4	0.80776738	0.79971871	
387.6	0.80736269	0.79908089	
387.8	0.80668243	0.79844358	
388	0.80633743	0.79780677	
388.2	0.80600264	0.79717047	
388.4	0.80530774	0.79653468	
388.6	0.80484565	0.7958994	
388.8	0.80474661	0.79526463	
389	0.80399475	0.79463036	
389.2	0.80328554	0.79399659	
389.4	0.8020101	0.79336333	
389.6	0.80191355	0.79273058	
389.8	0.80154974	0.79209833	
390	0.80077384	0.79146659	
390.2	0.80039284	0.79083535	
390.4	0.80003853	0.79020461	
390.6	0.80031826	0.78957437	
390.8	0.80022324	0.78894464	
391	0.80001299	0.78831541	
391.2	0.80008199	0.78768669	
391.4	0.79993502	0.78705846	
391.6	0.79939091	0.78643073	
391.8	0.79928473	0.78580351	
392	0.79928005	0.78517679	
392.2	0.79908991	0.78455056	
392.4	0.79853277	0.78392484	
392.6	0.79854901	0.78329961	
392.8	0.7983987	0.78267488	
393	0.79747735	0.78205065	
393.2	0.79715926	0.78142692	
393.4	0.7962881	0.78080369	
393.6	0.79627794	0.78018095	
393.8	0.79577601	0.77955871	
394	0.79523159	0.77893697	
394.2	0.79458606	0.77831572	
394.4	0.79464963	0.77769497	
394.6	0.79483322	0.77707471	
394.8	0.79472172	0.77645495	
395	0.79478043	0.77583568	
395.2	0.79462173	0.77521691	
395.4	0.79451914	0.77459863	
395.6	0.79443941	0.77398084	
395.8	0.7941678	0.77336355	
396	0.79424947	0.77274674	
396.2	0.79389165	0.77213043	
396.4	0.79335824	0.77151461	
396.6	0.79307642	0.77089928	
396.8	0.79286875	0.77028445	
397	0.79240485	0.7696701	
397.2	0.7924001	0.76905624	
397.4	0.79164878	0.76844288	
397.6	0.79137041	0.76783	
397.8	0.79112535	0.76721761	
398	0.79061575	0.76660571	
398.2	0.79035155	0.7659943	
398.4	0.79065607	0.76538337	
398.6	0.79020005	0.76477293	
398.8	0.78984084	0.76416298	
399	0.78905471	0.76355352	
399.2	0.78849657	0.76294454	
399.4	0.787959	0.76233605	
399.6	0.78710006	0.76172804	
399.8	0.78678142	0.76112052	
400	0.78658414	0.76051348	
400.2	0.78568773	0.75990692	
400.4	0.78526691	0.75930085	
400.6	0.78508258	0.75869527	
400.8	0.78510396	0.75809016	
401	0.78466374	0.75748554	
401.2	0.78447865	0.7568814	
401.4	0.78431711	0.75627775	
401.6	0.78438408	0.75567457	
401.8	0.78456401	0.75507188	
402	0.78431135	0.75446966	
402.2	0.78433442	0.75386793	
402.4	0.78412382	0.75326668	
402.6	0.78336029	0.7526659	
402.8	0.78307418	0.75206561	
403	0.78250418	0.75146579	
403.2	0.78211013	0.75086645	
403.4	0.78160058	0.75026759	
403.6	0.78123286	0.74966921	
403.8	0.78132101	0.74907131	
404	0.78081383	0.74847388	
404.2	0.7805058	0.74787693	
404.4	0.78036892	0.74728045	
404.6	0.78004808	0.74668445	
404.8	0.77977909	0.74608893	
405	0.77934151	0.74549388	
405.2	0.77922943	0.7448993	
405.4	0.77926765	0.7443052	
405.6	0.77928322	0.74371157	
405.8	0.77955092	0.74311842	
406	0.77914874	0.74252574	
406.2	0.77916855	0.74193353	
406.4	0.77862602	0.7413418	
406.6	0.77853865	0.74075053	
406.8	0.77812892	0.74015974	
407	0.77742171	0.73956942	
407.2	0.77685101	0.73897957	
407.4	0.77649008	0.73839019	
407.6	0.77581771	0.73780128	
407.8	0.77503037	0.73721284	
408	0.77451254	0.73662487	
408.2	0.77403001	0.73603737	
408.4	0.77332742	0.73545034	
408.6	0.77267349	0.73486378	
408.8	0.77211772	0.73427768	
409	0.77147679	0.73369205	
409.2	0.77131086	0.73310689	
409.4	0.77144112	0.73252219	
409.6	0.77147039	0.73193796	
409.8	0.77142169	0.7313542	
410	0.77099878	0.7307709	
410.2	0.77124708	0.73018807	
410.4	0.77071402	0.7296057	
410.6	0.77102587	0.7290238	
410.8	0.77036985	0.72844236	
411	0.76976166	0.72786138	
411.2	0.7691979	0.72728087	
411.4	0.76850981	0.72670082	
411.6	0.76817213	0.72612124	
411.8	0.76788295	0.72554211	
412	0.7676038	0.72496345	
412.2	0.76730076	0.72438525	
412.4	0.76695937	0.72380751	
412.6	0.76641436	0.72323023	
412.8	0.76639396	0.72265341	
413	0.76620761	0.72207705	
413.2	0.76639954	0.72150116	
413.4	0.76617686	0.72092572	
413.6	0.76587745	0.72035074	
413.8	0.76567847	0.71977621	
414	0.7655367	0.71920215	
414.2	0.76575584	0.71862855	
414.4	0.76508105	0.7180554	
414.6	0.76493873	0.71748271	
414.8	0.76388784	0.71691047	
415	0.76322479	0.71633869	
415.2	0.76266546	0.71576737	
415.4	0.76223314	0.71519651	
415.6	0.76209821	0.7146261	
415.8	0.76171434	0.71405614	
416	0.76121095	0.71348664	
416.2	0.76096658	0.71291759	
416.4	0.76068689	0.712349	
416.6	0.76079972	0.71178086	
416.8	0.76091075	0.71121317	
417	0.76037887	0.71064594	
417.2	0.76022651	0.71007915	
417.4	0.7598592	0.70951283	
417.6	0.75964665	0.70894695	
417.8	0.75942779	0.70838152	
418	0.75887455	0.70781655	
418.2	0.75887342	0.70725202	
418.4	0.75817967	0.70668795	
418.6	0.7576268	0.70612432	
418.8	0.75737997	0.70556115	
419	0.75757058	0.70499842	
419.2	0.75721067	0.70443614	
419.4	0.7567037	0.70387431	
419.6	0.75650952	0.70331293	
419.8	0.75609624	0.702752	
420	0.75566303	0.70219151	
420.2	0.75553629	0.70163147	
420.4	0.75531807	0.70107188	
420.6	0.75537747	0.70051274	
420.8	0.7549548	0.69995404	
421	0.75472944	0.69939578	
421.2	0.75442688	0.69883797	
421.4	0.75416024	0.69828061	
421.6	0.75390034	0.69772369	
421.8	0.75360141	0.69716721	
422	0.75316003	0.69661118	
422.2	0.75325082	0.6960556	
422.4	0.75311615	0.69550045	
422.6	0.75296702	0.69494575	
422.8	0.75272231	0.69439149	
423	0.75267723	0.69383767	
423.2	0.75183275	0.69328429	
423.4	0.75166958	0.69273136	
423.6	0.75144783	0.69217887	
423.8	0.75108108	0.69162681	
424	0.75083953	0.6910752	
424.2	0.75089557	0.69052403	
424.4	0.7500079	0.68997329	
424.6	0.74992564	0.689423	
424.8	0.74950211	0.68887315	
425	0.7492193	0.68832373	
425.2	0.74871961	0.68777475	
425.4	0.7482291	0.68722621	
425.6	0.74786624	0.68667811	
425.8	0.74687492	0.68613044	
426	0.74638468	0.68558321	
426.2	0.74661899	0.68503642	
426.4	0.74659269	0.68449006	
426.6	0.74616072	0.68394414	
426.8	0.7458286	0.68339866	
427	0.74569627	0.68285361	
427.2	0.74511964	0.68230899	
427.4	0.74511667	0.68176481	
427.6	0.74489106	0.68122106	
427.8	0.7452017	0.68067775	
428	0.74519745	0.68013487	
428.2	0.74519321	0.67959242	
428.4	0.74441816	0.67905041	
428.6	0.74424088	0.67850882	
428.8	0.74357133	0.67796767	
429	0.74317464	0.67742696	
429.2	0.74246526	0.67688667	
429.4	0.74142643	0.67634681	
429.6	0.74077142	0.67580739	
429.8	0.73984096	0.67526839	
430	0.74001347	0.67472982	
430.2	0.7399602	0.67419169	
430.4	0.7395467	0.67365398	
430.6	0.73879881	0.6731167	
430.8	0.73820693	0.67257985	
431	0.73743794	0.67204343	
431.2	0.73711468	0.67150744	
431.4	0.73697553	0.67097187	
431.6	0.73719612	0.67043673	
431.8	0.73728368	0.66990202	
432	0.73714657	0.66936773	
432.2	0.73697229	0.66883387	
432.4	0.73620572	0.66830044	
432.6	0.73609114	0.66776743	
432.8	0.73595606	0.66723485	
433	0.73580934	0.66670269	
433.2	0.73567269	0.66617095	
433.4	0.7356262	0.66563964	
433.6	0.73557609	0.66510876	
433.8	0.73576875	0.66457829	
434	0.7358879	0.66404825	
434.2	0.73602755	0.66351864	
434.4	0.73581363	0.66298944	
434.6	0.73553108	0.66246067	
434.8	0.7352613	0.66193232	
435	0.73498306	0.66140439	
435.2	0.73443947	0.66087688	
435.4	0.73393783	0.66034979	
435.6	0.73373009	0.65982312	
435.8	0.73370855	0.65929688	
436	0.73346823	0.65877105	
436.2	0.73335028	0.65824564	
436.4	0.73290584	0.65772065	
436.6	0.73330175	0.65719608	
436.8	0.73314745	0.65667193	
437	0.73309152	0.65614819	
437.2	0.73287876	0.65562488	
437.4	0.73276138	0.65510198	
437.6	0.73235195	0.6545795	
437.8	0.73248367	0.65405743	
438	0.73160677	0.65353578	
438.2	0.7314696	0.65301455	
438.4	0.7306602	0.65249373	
438.6	0.73036633	0.65197333	
438.8	0.72973586	0.65145334	
439	0.72910819	0.65093377	
439.2	0.7284747	0.65041461	
439.4	0.72841018	0.64989587	
439.6	0.72854066	0.64937754	
439.8	0.72843894	0.64885962	
440	0.72799275	0.64834212	
440.2	0.72788841	0.64782503	
440.4	0.72729403	0.64730835	
440.6	0.72723871	0.64679209	
440.8	0.72683117	0.64627623	
441	0.72644622	0.64576079	
441.2	0.72572472	0.64524576	
441.4	0.72540506	0.64473114	
441.6	0.72483334	0.64421692	
441.8	0.72468371	0.64370312	
442	0.72406828	0.64318973	
442.2	0.72420969	0.64267675	
442.4	0.72409744	0.64216418	
442.6	0.72400431	0.64165202	
442.8	0.72388706	0.64114026	
443	0.72363205	0.64062891	
443.2	0.72352739	0.64011798	
443.4	0.72333979	0.63960744	
443.6	0.72312979	0.63909732	
443.8	0.72247482	0.6385876	
444	0.7222433	0.63807829	
444.2	0.72174477	0.63756939	
444.4	0.72134187	0.63706089	
444.6	0.72116724	0.63655279	
444.8	0.72081241	0.63604511	
445	0.72024141	0.63553782	
445.2	0.71998181	0.63503095	
445.4	0.71995639	0.63452447	
445.6	0.71967787	0.6340184	
445.8	0.71963528	0.63351273	
446	0.71921589	0.63300747	
446.2	0.7190751	0.63250261	
446.4	0.71891984	0.63199815	
446.6	0.71840849	0.6314941	
446.8	0.71820974	0.63099044	
447	0.71799397	0.63048719	
447.2	0.71752826	0.62998434	
447.4	0.71739634	0.62948189	
447.6	0.71743845	0.62897984	
447.8	0.71685203	0.6284782	
448	0.71679127	0.62797695	
448.2	0.71622514	0.6274761	
448.4	0.71584517	0.62697565	
448.6	0.7151274	0.6264756	
448.8	0.71491584	0.62597595	
449	0.71452004	0.6254767	
449.2	0.71448539	0.62497784	
449.4	0.71412597	0.62447939	
449.6	0.71364631	0.62398133	
449.8	0.71289807	0.62348367	
450	0.71250286	0.6229864	
450.2	0.71229221	0.62248953	
450.4	0.71199789	0.62199306	
450.6	0.71167552	0.62149699	
450.8	0.71163465	0.62100131	
451	0.7117005	0.62050602	
451.2	0.7116188	0.62001113	
451.4	0.71201805	0.61951664	
451.6	0.71191439	0.61902254	
451.8	0.71142828	0.61852883	
452	0.71128642	0.61803552	
452.2	0.71090988	0.6175426	
452.4	0.71030479	0.61705007	
452.6	0.71006481	0.61655794	
452.8	0.70986925	0.6160662	
453	0.70978264	0.61557485	
453.2	0.70973792	0.61508389	
453.4	0.70941734	0.61459333	
453.6	0.70895889	0.61410315	
453.8	0.70832324	0.61361337	
454	0.70810989	0.61312398	
454.2	0.70802583	0.61263497	
454.4	0.70731566	0.61214636	
454.6	0.70697105	0.61165814	
454.8	0.70679939	0.61117031	
455	0.70669839	0.61068286	
455.2	0.70677178	0.61019581	
455.4	0.70654453	0.60970914	
455.6	0.70615547	0.60922286	
455.8	0.70593192	0.60873697	
456	0.70555923	0.60825147	
456.2	0.70533056	0.60776635	
456.4	0.70486994	0.60728162	
456.6	0.70462358	0.60679728	
456.8	0.70447626	0.60631332	
457	0.70462104	0.60582975	
457.2	0.70446995	0.60534657	
457.4	0.70388739	0.60486377	
457.6	0.70344491	0.60438136	
457.8	0.70287516	0.60389933	
458	0.70257115	0.60341768	
458.2	0.70240997	0.60293642	
458.4	0.70176989	0.60245554	
458.6	0.70151178	0.60197505	
458.8	0.70156638	0.60149494	
459	0.70157412	0.60101521	
459.2	0.70153799	0.60053587	
459.4	0.70100559	0.60005691	
459.6	0.70064141	0.59957833	
459.8	0.70035253	0.59910013	
460	0.70011693	0.59862231	
460.2	0.70022019	0.59814487	
460.4	0.69972734	0.59766782	
460.6	0.69949827	0.59719114	
460.8	0.69945507	0.59671485	
461	0.69915939	0.59623893	
461.2	0.69876375	0.5957634	
461.4	0.69794294	0.59528824	
461.6	0.69774085	0.59481346	
461.8	0.6975584	0.59433907	
462	0.69742558	0.59386505	
462.2	0.6971883	0.5933914	
462.4	0.69685505	0.59291814	
462.6	0.69632028	0.59244525	
462.8	0.69649949	0.59197274	
463	0.69617035	0.59150061	
463.2	0.6957639	0.59102885	
463.4	0.69544598	0.59055747	
463.6	0.69507907	0.59008647	
463.8	0.69496217	0.58961584	
464	0.69492426	0.58914559	
464.2	0.69473488	0.58867571	
464.4	0.69464832	0.58820621	
464.6	0.69467623	0.58773708	
464.8	0.6941929	0.58726832	
465	0.6938006	0.58679994	
465.2	0.69366624	0.58633194	
465.4	0.6936343	0.5858643	
465.6	0.69424142	0.58539704	
465.8	0.69419412	0.58493015	
466	0.69364682	0.58446364	
466.2	0.69348343	0.58399749	
466.4	0.69326614	0.58353172	
466.6	0.6929442	0.58306632	
466.8	0.69261718	0.58260129	
467	0.69215911	0.58213663	
467.2	0.69167246	0.58167234	
467.4	0.69123274	0.58120843	
467.6	0.69049342	0.58074488	
467.8	0.68987731	0.5802817	
468	0.68931568	0.57981889	
468.2	0.68891782	0.57935645	
468.4	0.68892519	0.57889438	
468.6	0.68838387	0.57843268	
468.8	0.68770065	0.57797135	
469	0.68755486	0.57751038	
469.2	0.6875993	0.57704978	
469.4	0.68757121	0.57658955	
469.6	0.68750632	0.57612969	
469.8	0.68697844	0.57567019	
470	0.6866474	0.57521106	
470.2	0.68672258	0.5747523	
470.4	0.68632155	0.5742939	
470.6	0.68589645	0.57383587	
470.8	0.68537178	0.5733782	
471	0.68503903	0.5729209	
471.2	0.68449292	0.57246396	
471.4	0.68451268	0.57200738	
471.6	0.68425161	0.57155117	
471.8	0.68368316	0.57109533	
472	0.68372662	0.57063985	
472.2	0.68331201	0.57018473	
472.4	0.68330388	0.56972997	
472.6	0.68306495	0.56927558	
472.8	0.68264776	0.56882155	
473	0.68246209	0.56836788	
473.2	0.68255463	0.56791457	
473.4	0.68230128	0.56746163	
473.6	0.68217445	0.56700905	
473.8	0.6815747	0.56655682	
474	0.68162602	0.56610496	
474.2	0.68155773	0.56565346	
474.4	0.68144934	0.56520232	
474.6	0.68126381	0.56475154	
474.8	0.68109128	0.56430111	
475	0.68081204	0.56385105	
475.2	0.68072045	0.56340135	
475.4	0.68087561	0.562952	
475.6	0.68020342	0.56250301	
475.8	0.67982374	0.56205438	
476	0.67963205	0.56160611	
476.2	0.67881663	0.5611582	
476.4	0.67868585	0.56071064	
476.6	0.67839637	0.56026344	
476.8	0.67801637	0.5598166	
477	0.67765022	0.55937012	
477.2	0.67740203	0.55892398	
477.4	0.67683009	0.55847821	
477.6	0.67663845	0.55803279	
477.8	0.67622082	0.55758773	
478	0.67649248	0.55714302	
478.2	0.67630327	0.55669866	
478.4	0.67621555	0.55625467	
478.6	0.67588882	0.55581102	
478.8	0.67574049	0.55536773	
479	0.67551289	0.55492479	
479.2	0.67546039	0.5544822	
479.4	0.6753498	0.55403997	
479.6	0.67508063	0.55359809	
479.8	0.67516438	0.55315657	
