Conc1	5.1E-08	
Start1	300	
Stop1	539.8	
Kobs	0.00860689367448577	
Error Kobs	0.000106164265091788	
Koff	0	
Error Koff	0	
Time1	Data1	Fit1	
300	-0.00033803	0	
300.2	0.00168846	0.00586383	
300.4	0.00409826	0.01170158	
300.6	0.00746474	0.01751336	
300.8	0.01130126	0.02329929	
301	0.01526636	0.02905948	
301.2	0.0200384	0.03479406	
301.4	0.02424906	0.04050312	
301.6	0.02916138	0.0461868	
301.8	0.03363129	0.05184519	
302	0.03803	0.05747841	
302.2	0.04240151	0.06308658	
302.4	0.04647728	0.0686698	
302.6	0.05027651	0.07422819	
302.8	0.05370641	0.07976185	
303	0.05714146	0.0852709	
303.2	0.06100009	0.09075545	
303.4	0.06430913	0.0962156	
303.6	0.06811867	0.10165146	
303.8	0.07183895	0.10706314	
304	0.07546187	0.11245076	
304.2	0.07962644	0.11781441	
304.4	0.08368687	0.1231542	
304.6	0.08824382	0.12847024	
304.8	0.09268586	0.13376264	
305	0.0966461	0.13903149	
305.2	0.10079917	0.14427691	
305.4	0.10475737	0.149499	
305.6	0.10916497	0.15469786	
305.8	0.11325466	0.15987359	
306	0.11746588	0.16502631	
306.2	0.12169641	0.1701561	
306.4	0.12590653	0.17526308	
306.6	0.1294915	0.18034734	
306.8	0.13263823	0.18540898	
307	0.13660871	0.19044812	
307.2	0.14071655	0.19546483	
307.4	0.14464101	0.20045924	
307.6	0.14912771	0.20543143	
307.8	0.15342972	0.2103815	
308	0.1575319	0.21530955	
308.2	0.16196728	0.22021569	
308.4	0.16560729	0.2251	
308.6	0.16934443	0.22996259	
308.8	0.17357546	0.23480355	
309	0.17717943	0.23962297	
309.2	0.18072185	0.24442096	
309.4	0.18460196	0.24919761	
309.6	0.1881985	0.25395301	
309.8	0.19217978	0.25868726	
310	0.19579319	0.26340045	
310.2	0.19971823	0.26809267	
310.4	0.2037951	0.27276403	
310.6	0.20693259	0.27741461	
310.8	0.21008118	0.2820445	
311	0.21367346	0.2866538	
311.2	0.21729754	0.29124259	
311.4	0.22157604	0.29581098	
311.6	0.22569372	0.30035904	
311.8	0.22994561	0.30488688	
312	0.23395736	0.30939457	
312.2	0.23778999	0.31388222	
312.4	0.24134043	0.3183499	
312.6	0.24501316	0.32279771	
312.8	0.24913858	0.32722574	
313	0.25279846	0.33163407	
313.2	0.25636508	0.3360228	
313.4	0.26008885	0.340392	
313.6	0.26447416	0.34474177	
313.8	0.26870373	0.34907219	
314	0.27340954	0.35338335	
314.2	0.27723431	0.35767533	
314.4	0.28096151	0.36194823	
314.6	0.28402176	0.36620211	
314.8	0.28818317	0.37043708	
315	0.29225007	0.37465321	
315.2	0.29633258	0.37885058	
315.4	0.30076358	0.38302929	
315.6	0.30486779	0.38718941	
315.8	0.30870403	0.39133102	
316	0.31212462	0.39545421	
316.2	0.31595996	0.39955906	
316.4	0.31982737	0.40364566	
316.6	0.32407417	0.40771408	
316.8	0.32831853	0.4117644	
317	0.33206682	0.4157967	
317.2	0.33621736	0.41981107	
317.4	0.33972795	0.42380758	
317.6	0.34401964	0.42778632	
317.8	0.34802781	0.43174736	
318	0.35226454	0.43569078	
318.2	0.35503274	0.43961666	
318.4	0.35839168	0.44352508	
318.6	0.36196875	0.44741611	
318.8	0.36640242	0.45128984	
319	0.36987652	0.45514633	
319.2	0.37314934	0.45898568	
319.4	0.37680884	0.46280794	
319.6	0.37986088	0.4666132	
319.8	0.38322022	0.47040154	
320	0.38684119	0.47417303	
320.2	0.39091259	0.47792774	
320.4	0.39494791	0.48166575	
320.6	0.39914281	0.48538714	
320.8	0.40220549	0.48909197	
321	0.40614229	0.49278032	
321.2	0.40962829	0.49645227	
321.4	0.41298176	0.50010788	
321.6	0.41695866	0.50374723	
321.8	0.42041485	0.5073704	
322	0.42433513	0.51097745	
322.2	0.42789391	0.51456845	
322.4	0.43189408	0.51814349	
322.6	0.43643404	0.52170262	
322.8	0.44076446	0.52524592	
323	0.4445424	0.52877346	
323.2	0.448123	0.53228531	
323.4	0.45189359	0.53578154	
323.6	0.45507942	0.53926221	
323.8	0.45896091	0.54272741	
324	0.46227402	0.54617719	
324.2	0.46608188	0.54961163	
324.4	0.46965763	0.55303079	
324.6	0.47283505	0.55643474	
324.8	0.47608458	0.55982356	
325	0.48018891	0.56319729	
325.2	0.48293754	0.56655603	
325.4	0.4870272	0.56989982	
325.6	0.4903534	0.57322874	
325.8	0.49419534	0.57654285	
326	0.49775043	0.57984222	
326.2	0.50119057	0.58312692	
326.4	0.50456423	0.586397	
326.6	0.508541	0.58965254	
326.8	0.51206101	0.5928936	
327	0.51549775	0.59612025	
327.2	0.51877777	0.59933254	
327.4	0.52209357	0.60253054	
327.6	0.52517732	0.60571432	
327.8	0.52913968	0.60888394	
328	0.53256126	0.61203946	
328.2	0.53641743	0.61518094	
328.4	0.53993866	0.61830845	
328.6	0.54389201	0.62142205	
328.8	0.54790587	0.62452179	
329	0.55158325	0.62760776	
329.2	0.55496199	0.63067999	
329.4	0.55907411	0.63373856	
329.6	0.56250611	0.63678353	
329.8	0.56598866	0.63981495	
330	0.56881514	0.64283288	
330.2	0.57251444	0.6458374	
330.4	0.57578926	0.64882855	
330.6	0.57961948	0.65180639	
330.8	0.58280368	0.65477099	
331	0.58593734	0.65772241	
331.2	0.58944953	0.66066069	
331.4	0.59216596	0.66358591	
331.6	0.5953035	0.66649811	
331.8	0.59884402	0.66939736	
332	0.60203929	0.67228372	
332.2	0.60561492	0.67515723	
332.4	0.60868961	0.67801797	
332.6	0.61156783	0.68086598	
332.8	0.61444002	0.68370132	
333	0.61740798	0.68652405	
333.2	0.62071429	0.68933423	
333.4	0.62410205	0.69213191	
333.6	0.6274085	0.69491714	
333.8	0.63057802	0.69768998	
334	0.63404582	0.70045049	
334.2	0.63745807	0.70319872	
334.4	0.64107232	0.70593473	
334.6	0.64497995	0.70865857	
334.8	0.64835641	0.71137029	
335	0.65160701	0.71406995	
335.2	0.65433216	0.7167576	
335.4	0.6567251	0.7194333	
335.6	0.66019449	0.72209709	
335.8	0.66333198	0.72474904	
336	0.66686371	0.72738919	
336.2	0.67022668	0.7300176	
336.4	0.67336839	0.73263431	
336.6	0.67668839	0.73523939	
336.8	0.68063215	0.73783288	
337	0.68405638	0.74041484	
337.2	0.68685396	0.74298531	
337.4	0.68973786	0.74554434	
337.6	0.69277686	0.748092	
337.8	0.6955969	0.75062832	
338	0.6983526	0.75315336	
338.2	0.70177898	0.75566717	
338.4	0.70482791	0.7581698	
338.6	0.70712246	0.76066129	
338.8	0.70964104	0.76314171	
339	0.71219336	0.76561109	
339.2	0.71423873	0.76806948	
339.4	0.71703268	0.77051695	
339.6	0.72032416	0.77295352	
339.8	0.7235515	0.77537926	
340	0.72711619	0.77779421	
340.2	0.73066493	0.78019842	
340.4	0.73404639	0.78259193	
340.6	0.73779989	0.78497479	
340.8	0.74163208	0.78734706	
341	0.74432583	0.78970878	
341.2	0.74711277	0.79205999	
341.4	0.75028557	0.79440074	
341.6	0.75301224	0.79673108	
341.8	0.75614857	0.79905106	
342	0.75888165	0.80136071	
342.2	0.76206984	0.8036601	
342.4	0.76409403	0.80594925	
342.6	0.76635921	0.80822823	
342.8	0.76935445	0.81049706	
343	0.77199174	0.81275581	
343.2	0.77468256	0.8150045	
343.4	0.77793803	0.8172432	
343.6	0.78090624	0.81947194	
343.8	0.78376793	0.82169076	
344	0.78652531	0.82389972	
344.2	0.7895067	0.82609885	
344.4	0.79244375	0.8282882	
344.6	0.79537695	0.8304678	
344.8	0.79794474	0.83263772	
345	0.79972839	0.83479798	
345.2	0.80244423	0.83694864	
345.4	0.80473244	0.83908973	
345.6	0.80701142	0.84122129	
345.8	0.80990921	0.84334337	
346	0.81234756	0.84545602	
346.2	0.81520712	0.84755927	
346.4	0.81754769	0.84965316	
346.6	0.82066093	0.85173774	
346.8	0.82369382	0.85381304	
347	0.8265387	0.85587912	
347.2	0.8297572	0.857936	
347.4	0.83250861	0.85998374	
347.6	0.83517422	0.86202237	
347.8	0.83796945	0.86405193	
348	0.8411988	0.86607246	
348.2	0.84411849	0.86808401	
348.4	0.84674916	0.87008661	
348.6	0.84920533	0.8720803	
348.8	0.85185879	0.87406512	
349	0.85402122	0.87604111	
349.2	0.85700783	0.87800832	
349.4	0.85947152	0.87996677	
349.6	0.8619152	0.88191652	
349.8	0.86502713	0.88385759	
350	0.86733958	0.88579003	
350.2	0.86987557	0.88771387	
350.4	0.87178625	0.88962915	
350.6	0.87454109	0.89153592	
350.8	0.87621037	0.8934342	
351	0.87817785	0.89532404	
351.2	0.88002494	0.89720548	
351.4	0.88206674	0.89907854	
351.6	0.88413286	0.90094328	
351.8	0.88676171	0.90279972	
352	0.88941767	0.9046479	
352.2	0.89153086	0.90648787	
352.4	0.89406767	0.90831964	
352.6	0.89622667	0.91014327	
352.8	0.89867952	0.91195879	
353	0.90106994	0.91376624	
353.2	0.9041177	0.91556564	
353.4	0.90665675	0.91735704	
353.6	0.90932519	0.91914047	
353.8	0.91190102	0.92091597	
354	0.91384555	0.92268357	
354.2	0.91620847	0.92444331	
354.4	0.91840211	0.92619523	
354.6	0.92095096	0.92793935	
354.8	0.92300911	0.92967571	
355	0.92527877	0.93140435	
355.2	0.92709729	0.9331253	
355.4	0.92980068	0.93483859	
355.6	0.93237621	0.93654427	
355.8	0.93509273	0.93824235	
356	0.93638596	0.93993289	
356.2	0.93891012	0.9416159	
356.4	0.94094322	0.94329143	
356.6	0.94285576	0.94495951	
356.8	0.94533342	0.94662017	
357	0.94732252	0.94827344	
357.2	0.94916022	0.94991935	
357.4	0.9511885	0.95155795	
357.6	0.95326641	0.95318925	
357.8	0.95552239	0.9548133	
358	0.95771486	0.95643013	
358.2	0.95984584	0.95803977	
358.4	0.96214753	0.95964224	
358.6	0.96434636	0.96123759	
358.8	0.96657515	0.96282584	
359	0.96854515	0.96440703	
359.2	0.97044034	0.96598118	
359.4	0.97261887	0.96754834	
359.6	0.97464395	0.96910852	
359.8	0.97651058	0.97066176	
360	0.9781387	0.97220809	
360.2	0.98063084	0.97374755	
360.4	0.98229209	0.97528016	
360.6	0.9839746	0.97680595	
360.8	0.98548856	0.97832495	
361	0.9867458	0.9798372	
361.2	0.98780977	0.98134272	
361.4	0.98997247	0.98284154	
361.6	0.9919354	0.9843337	
361.8	0.99389978	0.98581922	
362	0.99547669	0.98729813	
362.2	0.99715566	0.98877047	
362.4	0.99890252	0.99023625	
362.6	1.00065753	0.99169552	
362.8	1.00245244	0.99314829	
363	1.00417062	0.99459461	
363.2	1.00559732	0.99603449	
363.4	1.00759092	0.99746796	
363.6	1.00993544	0.99889506	
363.8	1.01220702	1.00031581	
364	1.01398406	1.00173025	
364.2	1.01605844	1.00313839	
364.4	1.01782968	1.00454026	
364.6	1.01947039	1.00593591	
364.8	1.02093117	1.00732534	
365	1.02228445	1.00870859	
365.2	1.02321425	1.01008569	
365.4	1.02535704	1.01145667	
365.6	1.02682324	1.01282155	
365.8	1.02827004	1.01418035	
366	1.02990228	1.01553312	
366.2	1.03174988	1.01687986	
366.4	1.0331132	1.01822062	
366.6	1.03457271	1.01955541	
366.8	1.03651566	1.02088426	
367	1.03836336	1.02220721	
367.2	1.03975681	1.02352427	
367.4	1.04175613	1.02483547	
367.6	1.04376384	1.02614084	
367.8	1.04520649	1.0274404	
368	1.0471052	1.02873418	
368.2	1.04878083	1.03002221	
368.4	1.05077574	1.03130451	
368.6	1.05273745	1.0325811	
368.8	1.05397333	1.03385202	
369	1.05523437	1.03511728	
369.2	1.05614585	1.03637692	
369.4	1.05761077	1.03763095	
369.6	1.05887344	1.03887941	
369.8	1.06021834	1.04012231	
370	1.06161643	1.04135968	
370.2	1.0631945	1.04259155	
370.4	1.06432257	1.04381794	
370.6	1.06574353	1.04503887	
370.8	1.06749408	1.04625438	
371	1.06855645	1.04746448	
371.2	1.06971921	1.04866919	
371.4	1.07124296	1.04986855	
371.6	1.07264972	1.05106257	
371.8	1.07386722	1.05225128	
372	1.07552742	1.0534347	
372.2	1.07658278	1.05461286	
372.4	1.07789224	1.05578578	
372.6	1.07916493	1.05695348	
372.8	1.07997803	1.05811599	
373	1.0813605	1.05927333	
373.2	1.08267535	1.06042552	
373.4	1.08399796	1.06157258	
373.6	1.08557194	1.06271455	
373.8	1.08724349	1.06385143	
374	1.08925349	1.06498326	
374.2	1.09074101	1.06611005	
374.4	1.09200599	1.06723183	
374.6	1.094146	1.06834862	
374.8	1.09560923	1.06946044	
375	1.09656466	1.07056732	
375.2	1.09817299	1.07166927	
375.4	1.0998184	1.07276632	
375.6	1.10160702	1.0738585	
375.8	1.10287626	1.07494581	
376	1.1037637	1.07602829	
376.2	1.10473151	1.07710595	
376.4	1.1052274	1.07817882	
376.6	1.10668134	1.07924692	
376.8	1.10767643	1.08031027	
377	1.10887466	1.08136889	
377.2	1.1094828	1.08242279	
377.4	1.10996189	1.08347202	
377.6	1.11140074	1.08451657	
377.8	1.1124384	1.08555648	
378	1.11332602	1.08659176	
378.2	1.11420802	1.08762244	
378.4	1.11595249	1.08864853	
378.6	1.1174635	1.08967006	
378.8	1.11826089	1.09068704	
379	1.11930828	1.0916995	
379.2	1.12076765	1.09270746	
379.4	1.12264611	1.09371094	
379.6	1.12399738	1.09470995	
379.8	1.12498606	1.09570452	
380	1.12605277	1.09669466	
380.2	1.12660922	1.0976804	
380.4	1.12662428	1.09866175	
380.6	1.12754699	1.09963874	
380.8	1.12809742	1.10061139	
381	1.1283924	1.10157971	
381.2	1.12864062	1.10254372	
381.4	1.12930354	1.10350344	
381.6	1.13007525	1.1044589	
381.8	1.13084619	1.1054101	
382	1.13164709	1.10635707	
382.2	1.13240037	1.10729983	
382.4	1.13356815	1.1082384	
382.6	1.13406296	1.1091728	
382.8	1.13534024	1.11010303	
383	1.13635715	1.11102913	
383.2	1.13725422	1.11195111	
383.4	1.13855068	1.11286899	
383.6	1.13934678	1.11378279	
383.8	1.14111467	1.11469252	
384	1.1424322	1.1155982	
384.2	1.14281749	1.11649986	
384.4	1.14333064	1.11739751	
384.6	1.14493465	1.11829116	
384.8	1.1461207	1.11918084	
385	1.14677828	1.12006656	
385.2	1.14760229	1.12094834	
385.4	1.14833198	1.1218262	
385.6	1.14943659	1.12270016	
385.8	1.15061605	1.12357022	
386	1.15181927	1.12443642	
386.2	1.15259828	1.12529877	
386.4	1.15410347	1.12615727	
386.6	1.15488578	1.12701196	
386.8	1.15636379	1.12786285	
387	1.15733954	1.12870996	
387.2	1.15830772	1.12955329	
387.4	1.15901456	1.13039288	
387.6	1.15976372	1.13122873	
387.8	1.16107976	1.13206086	
388	1.16136541	1.13288929	
388.2	1.16164673	1.13371404	
388.4	1.16250674	1.13453512	
388.6	1.16346416	1.13535254	
388.8	1.16348501	1.13616633	
389	1.16316525	1.1369765	
389.2	1.16308164	1.13778307	
389.4	1.16305659	1.13858605	
389.6	1.16362259	1.13938545	
389.8	1.16362685	1.1401813	
390	1.16436082	1.14097362	
390.2	1.16482885	1.1417624	
390.4	1.16533846	1.14254768	
390.6	1.16547951	1.14332947	
390.8	1.16580198	1.14410778	
391	1.16664289	1.14488262	
391.2	1.16765402	1.14565402	
391.4	1.16811015	1.14642199	
391.6	1.16919394	1.14718654	
391.8	1.17023066	1.1479477	
392	1.17114755	1.14870546	
392.2	1.17199592	1.14945986	
392.4	1.17301875	1.1502109	
392.6	1.17367553	1.1509586	
392.8	1.17395439	1.15170297	
393	1.17419198	1.15244403	
393.2	1.17478246	1.1531818	
393.4	1.1753076	1.15391629	
393.6	1.17588111	1.15464751	
393.8	1.17606936	1.15537547	
394	1.17714439	1.1561002	
394.2	1.17773183	1.1568217	
394.4	1.17813167	1.15754	
394.6	1.17840649	1.1582551	
394.8	1.17888462	1.15896702	
395	1.18036984	1.15967577	
395.2	1.18145928	1.16038137	
395.4	1.18191921	1.16108383	
395.6	1.18222367	1.16178317	
395.8	1.18236265	1.1624794	
396	1.18344117	1.16317252	
396.2	1.18380131	1.16386257	
396.4	1.18480269	1.16454955	
396.6	1.18567307	1.16523347	
396.8	1.1861517	1.16591435	
397	1.18690366	1.1665922	
397.2	1.18747891	1.16726704	
397.4	1.18852156	1.16793887	
397.6	1.18906963	1.16860772	
397.8	1.18916351	1.16927359	
398	1.1898665	1.1699365	
398.2	1.18980869	1.17059646	
398.4	1.18996427	1.17125348	
398.6	1.18972641	1.17190758	
398.8	1.18986599	1.17255878	
399	1.19017421	1.17320707	
399.2	1.18993797	1.17385249	
399.4	1.18967105	1.17449503	
399.6	1.18963466	1.17513471	
399.8	1.19060357	1.17577155	
400	1.19180931	1.17640556	
400.2	1.19237126	1.17703674	
400.4	1.1934645	1.17766512	
400.6	1.19393125	1.17829071	
400.8	1.19453724	1.17891351	
401	1.19558898	1.17953354	
401.2	1.1964176	1.18015081	
401.4	1.19761272	1.18076534	
401.6	1.19796055	1.18137713	
401.8	1.19834882	1.18198621	
402	1.19877295	1.18259257	
402.2	1.19883286	1.18319624	
402.4	1.19874453	1.18379722	
402.6	1.19873884	1.18439552	
402.8	1.19938089	1.18499117	
403	1.199535	1.18558417	
403.2	1.1998257	1.18617453	
403.4	1.20021581	1.18676226	
403.6	1.20068876	1.18734738	
403.8	1.20151855	1.1879299	
404	1.20179724	1.18850982	
404.2	1.20166118	1.18908717	
404.4	1.20136196	1.18966195	
404.6	1.20109267	1.19023417	
404.8	1.20172206	1.19080385	
405	1.20233493	1.19137099	
405.2	1.20222836	1.19193561	
405.4	1.20247169	1.19249772	
405.6	1.20263629	1.19305733	
405.8	1.20280404	1.19361445	
406	1.20280424	1.19416909	
406.2	1.20304453	1.19472126	
406.4	1.20286816	1.19527098	
406.6	1.20362441	1.19581825	
406.8	1.20491883	1.19636309	
407	1.20585397	1.19690551	
407.2	1.20675484	1.19744551	
407.4	1.20706031	1.19798311	
407.6	1.20769768	1.19851832	
407.8	1.20786194	1.19905115	
408	1.20782537	1.19958161	
408.2	1.20760168	1.20010971	
408.4	1.2076656	1.20063546	
408.6	1.20757854	1.20115887	
408.8	1.20766045	1.20167995	
409	1.20729749	1.20219872	
409.2	1.20674323	1.20271518	
409.4	1.20695743	1.20322934	
409.6	1.20694945	1.20374121	
409.8	1.20770234	1.20425081	
410	1.20772122	1.20475814	
410.2	1.20799614	1.20526321	
410.4	1.20818866	1.20576604	
410.6	1.20917507	1.20626663	
410.8	1.20996754	1.206765	
411	1.21083408	1.20726114	
411.2	1.21123905	1.20775508	
411.4	1.21058052	1.20824683	
411.6	1.21115505	1.20873638	
411.8	1.21129249	1.20922376	
412	1.21165185	1.20970897	
412.2	1.21182608	1.21019203	
412.4	1.21182967	1.21067293	
412.6	1.21188351	1.2111517	
412.8	1.21206409	1.21162833	
413	1.21240574	1.21210285	
413.2	1.21294941	1.21257525	
413.4	1.21365538	1.21304555	
413.6	1.2142291	1.21351377	
413.8	1.21528807	1.2139799	
414	1.21513283	1.21444395	
414.2	1.21531613	1.21490594	
414.4	1.21520688	1.21536588	
414.6	1.2156947	1.21582377	
414.8	1.21597206	1.21627962	
415	1.21626504	1.21673345	
415.2	1.21612472	1.21718526	
415.4	1.21570008	1.21763506	
415.6	1.21634564	1.21808285	
415.8	1.21628959	1.21852866	
416	1.21643817	1.21897248	
416.2	1.21706899	1.21941433	
416.4	1.21718223	1.21985422	
416.6	1.21717479	1.22029214	
416.8	1.21731941	1.22072812	
417	1.21783572	1.22116216	
417.2	1.21809546	1.22159427	
417.4	1.21842133	1.22202446	
417.6	1.21871696	1.22245273	
417.8	1.21943583	1.2228791	
418	1.21972603	1.22330357	
418.2	1.22018182	1.22372616	
418.4	1.2206387	1.22414686	
418.6	1.22153498	1.22456569	
418.8	1.221867	1.22498266	
419	1.2221039	1.22539778	
419.2	1.22223734	1.22581105	
419.4	1.22232846	1.22622248	
419.6	1.22235751	1.22663208	
419.8	1.22238345	1.22703986	
420	1.225718	1.22744786	
420.2	1.22437687	1.22533678	
420.4	1.2227359	1.22322932	
420.6	1.22082896	1.22112549	
420.8	1.2179946	1.21902528	
421	1.21543586	1.21692868	
421.2	1.21257603	1.21483569	
421.4	1.20951365	1.2127463	
421.6	1.20619196	1.2106605	
421.8	1.20293662	1.20857828	
422	1.19964192	1.20649965	
422.2	1.19672806	1.2044246	
422.4	1.19352903	1.20235311	
422.6	1.19111953	1.20028518	
422.8	1.18859733	1.19822082	
423	1.18608914	1.19616	
423.2	1.18310759	1.19410273	
423.4	1.18024624	1.19204899	
423.6	1.17769516	1.18999879	
423.8	1.17518857	1.18795211	
424	1.17312312	1.18590895	
424.2	1.17061705	1.18386931	
424.4	1.16779371	1.18183318	
424.6	1.16506332	1.17980055	
424.8	1.16219772	1.17777141	
425	1.15997221	1.17574576	
425.2	1.15677891	1.1737236	
425.4	1.15355078	1.17170491	
425.6	1.1505556	1.1696897	
425.8	1.1472076	1.16767795	
426	1.14429156	1.16566967	
426.2	1.14141954	1.16366483	
426.4	1.13859617	1.16166345	
426.6	1.13578406	1.15966551	
426.8	1.13300537	1.157671	
427	1.13013113	1.15567992	
427.2	1.12711675	1.15369227	
427.4	1.12510063	1.15170804	
427.6	1.1231386	1.14972722	
427.8	1.1212945	1.14774981	
428	1.11911922	1.14577579	
428.2	1.11662949	1.14380518	
428.4	1.11449633	1.14183795	
428.6	1.11232792	1.1398741	
428.8	1.11037134	1.13791364	
429	1.10787222	1.13595654	
429.2	1.10553034	1.13400281	
429.4	1.1034193	1.13205244	
429.6	1.10151145	1.13010543	
429.8	1.09895358	1.12816176	
430	1.09748959	1.12622144	
430.2	1.09490954	1.12428445	
430.4	1.09243582	1.1223508	
430.6	1.09006714	1.12042047	
430.8	1.08805771	1.11849346	
431	1.08589854	1.11656976	
431.2	1.08395805	1.11464938	
431.4	1.08226034	1.1127323	
431.6	1.07989191	1.11081851	
431.8	1.07766993	1.10890801	
432	1.07551549	1.10700081	
432.2	1.07316497	1.10509688	
432.4	1.07098941	1.10319622	
432.6	1.06832562	1.10129884	
432.8	1.06599297	1.09940472	
433	1.06333414	1.09751385	
433.2	1.0614045	1.09562624	
433.4	1.05937118	1.09374188	
433.6	1.05741315	1.09186075	
433.8	1.0554942	1.08998286	
434	1.05372616	1.0881082	
434.2	1.05111832	1.08623677	
434.4	1.04913929	1.08436855	
434.6	1.04722868	1.08250355	
434.8	1.04531831	1.08064175	
435	1.04352358	1.07878316	
435.2	1.04177321	1.07692776	
435.4	1.03979663	1.07507556	
435.6	1.03780704	1.07322654	
435.8	1.03563272	1.07138069	
436	1.03389099	1.06953803	
436.2	1.03135812	1.06769853	
436.4	1.02918649	1.0658622	
436.6	1.02663917	1.06402903	
436.8	1.02381348	1.062199	
437	1.02172735	1.06037213	
437.2	1.01942035	1.0585484	
437.4	1.01748183	1.0567278	
437.6	1.0156605	1.05491034	
437.8	1.0140381	1.053096	
438	1.01223407	1.05128478	
438.2	1.01045231	1.04947668	
438.4	1.00867938	1.04767169	
438.6	1.00744326	1.0458698	
438.8	1.00596528	1.04407101	
439	1.00522268	1.04227531	
439.2	1.00357603	1.04048271	
439.4	1.00217513	1.03869318	
439.6	1.00023689	1.03690674	
439.8	0.99868783	1.03512336	
440	0.99725476	1.03334306	
440.2	0.99596866	1.03156581	
440.4	0.99380054	1.02979162	
440.6	0.99172133	1.02802049	
440.8	0.98972597	1.0262524	
441	0.9879787	1.02448735	
441.2	0.98568286	1.02272533	
441.4	0.98398961	1.02096635	
441.6	0.98234563	1.01921039	
441.8	0.98078953	1.01745745	
442	0.97916208	1.01570753	
442.2	0.97772552	1.01396062	
442.4	0.97642971	1.01221671	
442.6	0.97513279	1.0104758	
442.8	0.97310268	1.00873788	
443	0.97196733	1.00700296	
443.2	0.97019945	1.00527102	
443.4	0.96877972	1.00354205	
443.6	0.96696485	1.00181606	
443.8	0.96556622	1.00009304	
444	0.96360666	0.99837298	
444.2	0.96220519	0.99665588	
444.4	0.95986035	0.99494174	
444.6	0.95829705	0.99323054	
444.8	0.95653287	0.99152228	
445	0.95477218	0.98981697	
445.2	0.95278908	0.98811458	
445.4	0.95071459	0.98641513	
445.6	0.94901898	0.98471859	
445.8	0.94791047	0.98302498	
446	0.94625446	0.98133427	
446.2	0.94504864	0.97964648	
446.4	0.94367741	0.97796159	
446.6	0.94161644	0.97627959	
446.8	0.93971336	0.97460049	
447	0.93824945	0.97292428	
447.2	0.93664021	0.97125095	
447.4	0.93517781	0.96958049	
447.6	0.93336158	0.96791291	
447.8	0.9313684	0.9662482	
448	0.92956003	0.96458636	
448.2	0.92848523	0.96292736	
448.4	0.92646308	0.96127123	
448.6	0.92486824	0.95961794	
448.8	0.92348775	0.95796749	
449	0.92253983	0.95631989	
449.2	0.92048091	0.95467512	
449.4	0.91918487	0.95303317	
449.6	0.91803338	0.95139405	
449.8	0.91726806	0.94975775	
450	0.91618755	0.94812426	
450.2	0.91515145	0.94649359	
450.4	0.91413693	0.94486572	
450.6	0.91259224	0.94324064	
450.8	0.9118064	0.94161836	
451	0.9105498	0.93999888	
451.2	0.90926068	0.93838218	
451.4	0.90783034	0.93676825	
451.6	0.90586115	0.93515711	
451.8	0.90448959	0.93354873	
452	0.90272073	0.93194312	
452.2	0.90122103	0.93034028	
452.4	0.89926378	0.92874019	
452.6	0.89789956	0.92714285	
452.8	0.8965309	0.92554826	
453	0.89460552	0.92395641	
453.2	0.89290922	0.9223673	
453.4	0.89204159	0.92078092	
453.6	0.89018949	0.91919727	
453.8	0.88893814	0.91761635	
454	0.88747146	0.91603814	
454.2	0.88636916	0.91446265	
454.4	0.88528664	0.91288986	
454.6	0.88434539	0.91131979	
454.8	0.8833947	0.90975241	
455	0.88177446	0.90818773	
455.2	0.88079994	0.90662574	
455.4	0.87936183	0.90506643	
455.6	0.87822567	0.90350981	
455.8	0.87664661	0.90195587	
456	0.87527407	0.9004046	
456.2	0.87358242	0.89885599	
456.4	0.87233991	0.89731005	
456.6	0.87127625	0.89576677	
456.8	0.869728	0.89422614	
457	0.86785028	0.89268816	
457.2	0.86720424	0.89115283	
457.4	0.86509511	0.88962014	
457.6	0.86303641	0.88809008	
457.8	0.86158358	0.88656266	
458	0.86030696	0.88503786	
458.2	0.85955544	0.88351569	
458.4	0.85835342	0.88199613	
458.6	0.85708795	0.88047919	
458.8	0.85602405	0.87896485	
459	0.85521876	0.87745312	
459.2	0.85409912	0.87594399	
459.4	0.85272377	0.87443746	
459.6	0.85120034	0.87293351	
459.8	0.85025139	0.87143216	
460	0.84976779	0.86993338	
460.2	0.84818766	0.86843719	
460.4	0.84751024	0.86694356	
460.6	0.84602451	0.86545251	
460.8	0.84458135	0.86396402	
461	0.84307778	0.86247809	
461.2	0.84181005	0.86099471	
461.4	0.84023543	0.85951389	
461.6	0.83914058	0.85803561	
461.8	0.8375985	0.85655988	
462	0.83657584	0.85508669	
462.2	0.8352872	0.85361602	
462.4	0.83395465	0.85214789	
462.6	0.83281349	0.85068228	
462.8	0.83186838	0.8492192	
463	0.83043857	0.84775863	
463.2	0.82859756	0.84630057	
463.4	0.82732059	0.84484502	
463.6	0.8261904	0.84339197	
463.8	0.82565119	0.84194142	
464	0.82472541	0.84049337	
464.2	0.82319324	0.83904781	
464.4	0.82231411	0.83760473	
464.6	0.82115377	0.83616413	
464.8	0.82067449	0.83472602	
465	0.81964383	0.83329037	
465.2	0.81911544	0.8318572	
465.4	0.81884194	0.83042649	
465.6	0.8174038	0.82899824	
465.8	0.81612953	0.82757245	
466	0.81549278	0.82614911	
466.2	0.81423465	0.82472822	
466.4	0.81363256	0.82330977	
466.6	0.8127127	0.82189376	
466.8	0.81112518	0.82048019	
467	0.8098525	0.81906904	
467.2	0.80838773	0.81766033	
467.4	0.80736092	0.81625404	
467.6	0.80626976	0.81485016	
467.8	0.80468404	0.8134487	
468	0.80364093	0.81204965	
468.2	0.80196902	0.81065301	
468.4	0.80084844	0.80925877	
468.6	0.7995649	0.80786693	
468.8	0.79833412	0.80647748	
469	0.7970958	0.80509042	
469.2	0.7958718	0.80370575	
469.4	0.79452681	0.80232346	
469.6	0.79328709	0.80094354	
469.8	0.79218906	0.799566	
470	0.79152844	0.79819083	
470.2	0.79042492	0.79681802	
470.4	0.79006052	0.79544757	
470.6	0.78890996	0.79407949	
470.8	0.78818963	0.79271375	
471	0.78741097	0.79135036	
471.2	0.78646547	0.78998932	
471.4	0.78574211	0.78863062	
471.6	0.78441288	0.78727426	
471.8	0.78287335	0.78592023	
472	0.78189883	0.78456852	
472.2	0.7803713	0.78321914	
472.4	0.77912448	0.78187209	
472.6	0.77743499	0.78052735	
472.8	0.77638632	0.77918492	
473	0.77528747	0.7778448	
473.2	0.77420189	0.77650699	
473.4	0.77342763	0.77517147	
473.6	0.77281523	0.77383826	
473.8	0.77114009	0.77250734	
474	0.7702972	0.7711787	
474.2	0.76945157	0.76985235	
474.4	0.768595	0.76852829	
474.6	0.76771344	0.7672065	
474.8	0.76710417	0.76588698	
475	0.76628311	0.76456973	
475.2	0.76542009	0.76325475	
475.4	0.76404833	0.76194203	
475.6	0.76275822	0.76063157	
475.8	0.76129286	0.75932336	
476	0.76029662	0.7580174	
476.2	0.75941241	0.75671369	
476.4	0.75829079	0.75541222	
476.6	0.75727368	0.75411298	
476.8	0.75649023	0.75281599	
477	0.75529555	0.75152122	
477.2	0.7542458	0.75022868	
477.4	0.75318768	0.74893836	
477.6	0.75218949	0.74765027	
477.8	0.75081144	0.74636438	
478	0.74977531	0.74508071	
478.2	0.74883113	0.74379925	
478.4	0.74744712	0.74251999	
478.6	0.74679693	0.74124293	
478.8	0.74614869	0.73996807	
479	0.7456447	0.7386954	
479.2	0.7448039	0.73742492	
479.4	0.7436438	0.73615662	
479.6	0.74284907	0.73489051	
479.8	0.74171631	0.73362657	
480	0.74118476	0.73236481	
480.2	0.74049656	0.73110522	
480.4	0.73960989	0.72984779	
480.6	0.73925242	0.72859253	
480.8	0.73835569	0.72733942	
481	0.73820311	0.72608847	
481.2	0.73761744	0.72483967	
481.4	0.73676814	0.72359302	
481.6	0.73582885	0.72234852	
481.8	0.7347331	0.72110615	
482	0.73366259	0.71986592	
482.2	0.73268351	0.71862783	
482.4	0.73127695	0.71739186	
482.6	0.73043485	0.71615802	
482.8	0.72996927	0.7149263	
483	0.72948437	0.7136967	
483.2	0.72845484	0.71246922	
483.4	0.72696605	0.71124384	
483.6	0.72593949	0.71002057	
483.8	0.72466198	0.70879941	
484	0.72321198	0.70758035	
484.2	0.72217802	0.70636338	
484.4	0.72106472	0.70514851	
484.6	0.72064202	0.70393573	
484.8	0.71965873	0.70272503	
485	0.71917463	0.70151641	
485.2	0.71829085	0.70030988	
485.4	0.71744856	0.69910541	
485.6	0.71677543	0.69790302	
485.8	0.7163329	0.6967027	
486	0.71517564	0.69550444	
486.2	0.71414972	0.69430825	
486.4	0.71332663	0.69311411	
486.6	0.71311571	0.69192202	
486.8	0.7131073	0.69073199	
487	0.71261806	0.689544	
487.2	0.71171203	0.68835805	
487.4	0.71095283	0.68717415	
487.6	0.7098337	0.68599228	
487.8	0.70905165	0.68481244	
488	0.70779166	0.68363463	
488.2	0.7070864	0.68245885	
488.4	0.70620245	0.68128509	
488.6	0.70607629	0.68011335	
488.8	0.70500108	0.67894363	
489	0.70389718	0.67777591	
489.2	0.70281824	0.67661021	
489.4	0.70158032	0.67544651	
489.6	0.70001885	0.67428481	
489.8	0.69856206	0.67312511	
490	0.69728953	0.6719674	
490.2	0.69638001	0.67081168	
490.4	0.6957595	0.66965796	
490.6	0.69523784	0.66850621	
490.8	0.69460386	0.66735645	
491	0.69394689	0.66620867	
491.2	0.69372791	0.66506286	
491.4	0.69354549	0.66391901	
491.6	0.69264542	0.66277714	
491.8	0.69262483	0.66163723	
492	0.69175659	0.66049928	
492.2	0.69142315	0.65936329	
492.4	0.69138415	0.65822926	
492.6	0.69056419	0.65709717	
492.8	0.68940509	0.65596703	
493	0.68825634	0.65483883	
493.2	0.68717497	0.65371258	
493.4	0.68567453	0.65258826	
493.6	0.68396829	0.65146587	
493.8	0.68292891	0.65034542	
494	0.6819745	0.64922689	
494.2	0.6808419	0.64811028	
494.4	0.68011761	0.6469956	
494.6	0.67923252	0.64588283	
494.8	0.67864733	0.64477198	
495	0.67840269	0.64366304	
495.2	0.67753232	0.64255601	
495.4	0.6768263	0.64145087	
495.6	0.67608107	0.64034764	
495.8	0.67548494	0.63924631	
496	0.67489637	0.63814687	
496.2	0.67439382	0.63704933	
496.4	0.67361879	0.63595367	
496.6	0.67298985	0.63485989	
496.8	0.67258253	0.633768	
497	0.67175848	0.63267798	
497.2	0.67066127	0.63158984	
497.4	0.66895448	0.63050357	
497.6	0.66795516	0.62941917	
497.8	0.66720938	0.62833663	
498	0.66632039	0.62725595	
498.2	0.66552596	0.62617714	
498.4	0.6645935	0.62510018	
498.6	0.66383715	0.62402507	
498.8	0.6631508	0.62295181	
499	0.66245443	0.6218804	
499.2	0.66092371	0.62081082	
499.4	0.66055245	0.61974309	
499.6	0.65956211	0.6186772	
499.8	0.65834543	0.61761314	
500	0.65761305	0.61655091	
500.2	0.65675553	0.6154905	
500.4	0.6559594	0.61443192	
500.6	0.65550741	0.61337516	
500.8	0.65451914	0.61232022	
501	0.65387912	0.61126709	
501.2	0.65271194	0.61021577	
501.4	0.65191822	0.60916626	
501.6	0.65186922	0.60811856	
501.8	0.65153292	0.60707266	
502	0.65116062	0.60602855	
502.2	0.65046921	0.60498625	
502.4	0.64962503	0.60394573	
502.6	0.64880201	0.60290701	
502.8	0.64804518	0.60187007	
503	0.64774596	0.60083491	
503.2	0.64701648	0.59980154	
503.4	0.64728111	0.59876994	
503.6	0.64670099	0.59774012	
503.8	0.64636357	0.59671207	
504	0.64610231	0.59568578	
504.2	0.64585223	0.59466126	
504.4	0.64511321	0.59363851	
504.6	0.64409817	0.59261751	
504.8	0.64354635	0.59159827	
505	0.64324146	0.59058078	
505.2	0.64238035	0.58956504	
505.4	0.6421757	0.58855105	
505.6	0.64115675	0.5875388	
505.8	0.64004136	0.58652829	
506	0.63911771	0.58551952	
506.2	0.63791998	0.58451249	
506.4	0.6367879	0.58350719	
506.6	0.63585371	0.58250362	
506.8	0.6347848	0.58150177	
507	0.63416265	0.58050165	
507.2	0.63363263	0.57950324	
507.4	0.63311777	0.57850655	
507.6	0.63185081	0.57751158	
507.8	0.63102812	0.57651832	
508	0.6302407	0.57552677	
508.2	0.62923421	0.57453692	
508.4	0.62826347	0.57354878	
508.6	0.62777824	0.57256233	
508.8	0.62704369	0.57157758	
509	0.62642836	0.57059453	
509.2	0.62565492	0.56961316	
509.4	0.62487617	0.56863349	
509.6	0.62381051	0.56765549	
509.8	0.62361464	0.56667919	
510	0.62317499	0.56570455	
510.2	0.6225589	0.5647316	
510.4	0.62245965	0.56376032	
510.6	0.62205975	0.56279071	
510.8	0.62143156	0.56182277	
511	0.62123296	0.56085649	
511.2	0.62066855	0.55989187	
511.4	0.61966275	0.55892892	
511.6	0.61905299	0.55796762	
511.8	0.61823228	0.55700797	
512	0.61762036	0.55604997	
512.2	0.61663948	0.55509362	
512.4	0.61668084	0.55413892	
512.6	0.61600693	0.55318586	
512.8	0.61448324	0.55223443	
513	0.61387345	0.55128465	
513.2	0.61327261	0.55033649	
513.4	0.61254883	0.54938997	
513.6	0.61212399	0.54844507	
513.8	0.61150696	0.5475018	
514	0.61047868	0.54656016	
514.2	0.60999275	0.54562013	
514.4	0.60976513	0.54468172	
514.6	0.60959817	0.54374492	
514.8	0.60909756	0.54280974	
515	0.60842778	0.54187616	
515.2	0.6076903	0.54094419	
515.4	0.60694625	0.54001382	
515.6	0.60599229	0.53908505	
515.8	0.60484688	0.53815788	
516	0.60403438	0.5372323	
516.2	0.60333558	0.53630832	
516.4	0.60301539	0.53538592	
516.6	0.6020888	0.53446511	
516.8	0.60116396	0.53354589	
517	0.6007365	0.53262824	
517.2	0.60052442	0.53171218	
517.4	0.59990278	0.53079768	
517.6	0.59957842	0.52988477	
517.8	0.59930018	0.52897342	
518	0.59923052	0.52806364	
518.2	0.59909477	0.52715542	
518.4	0.59846407	0.52624877	
518.6	0.59867986	0.52534368	
518.8	0.59835353	0.52444014	
519	0.59783694	0.52353815	
519.2	0.59685585	0.52263772	
519.4	0.59565297	0.52173884	
519.6	0.59436778	0.5208415	
519.8	0.59327333	0.51994571	
520	0.59241466	0.51905145	
520.2	0.59182274	0.51815874	
520.4	0.59073644	0.51726756	
520.6	0.59011702	0.51637791	
520.8	0.58939791	0.51548979	
521	0.5882918	0.5146032	
521.2	0.58760972	0.51371814	
521.4	0.58706234	0.51283459	
521.6	0.58711036	0.51195257	
521.8	0.58710404	0.51107207	
522	0.58654781	0.51019307	
522.2	0.58605967	0.50931559	
522.4	0.58571244	0.50843962	
522.6	0.58608512	0.50756516	
522.8	0.58547509	0.5066922	
523	0.58484602	0.50582074	
523.2	0.58437316	0.50495078	
523.4	0.58380769	0.50408232	
523.6	0.58315561	0.50321535	
523.8	0.58264614	0.50234987	
524	0.58258362	0.50148588	
524.2	0.58201732	0.50062337	
524.4	0.58119849	0.49976235	
524.6	0.58068311	0.49890281	
524.8	0.57955607	0.49804475	
525	0.57836778	0.49718816	
525.2	0.57768465	0.49633305	
525.4	0.57707028	0.49547941	
525.6	0.57657419	0.49462723	
525.8	0.57562394	0.49377652	
526	0.574785	0.49292728	
526.2	0.57456829	0.49207949	
526.4	0.5735354	0.49123317	
526.6	0.57320092	0.4903883	
526.8	0.57241306	0.48954488	
527	0.57211356	0.48870291	
527.2	0.57152245	0.48786239	
527.4	0.57056148	0.48702332	
527.6	0.57003425	0.48618569	
527.8	0.56942545	0.4853495	
528	0.56906507	0.48451475	
528.2	0.5681772	0.48368143	
528.4	0.56747521	0.48284955	
528.6	0.56737385	0.4820191	
528.8	0.56729919	0.48119007	
529	0.56644346	0.48036247	
529.2	0.56603704	0.4795363	
529.4	0.56627208	0.47871155	
529.6	0.56586216	0.47788821	
529.8	0.56533055	0.47706629	
530	0.56473252	0.47624579	
530.2	0.56446722	0.47542669	
530.4	0.56333354	0.47460901	
530.6	0.56282499	0.47379273	
530.8	0.5619298	0.47297785	
531	0.56089772	0.47216438	
531.2	0.5605953	0.47135231	
531.4	0.55997134	0.47054163	
531.6	0.55928323	0.46973234	
531.8	0.55837556	0.46892445	
532	0.55772928	0.46811795	
532.2	0.55658336	0.46731283	
532.4	0.55618148	0.4665091	
532.6	0.55604172	0.46570676	
532.8	0.55595088	0.46490579	
533	0.55543261	0.4641062	
533.2	0.55582809	0.46330798	
533.4	0.55590637	0.46251114	
533.6	0.55519459	0.46171567	
533.8	0.5549703	0.46092156	
534	0.55418171	0.46012883	
534.2	0.55400771	0.45933745	
534.4	0.55338081	0.45854744	
534.6	0.55291145	0.45775878	
534.8	0.55279685	0.45697148	
535	0.55196956	0.45618554	
535.2	0.55185789	0.45540095	
535.4	0.5511023	0.4546177	
535.6	0.54996033	0.45383581	
535.8	0.54877599	0.45305526	
536	0.5480367	0.45227605	
536.2	0.54717811	0.45149818	
536.4	0.54672959	0.45072165	
536.6	0.54622906	0.44994645	
536.8	0.54563477	0.44917259	
537	0.54485264	0.44840006	
537.2	0.54394136	0.44762886	
537.4	0.54322819	0.44685898	
537.6	0.54250217	0.44609043	
537.8	0.54197635	0.4453232	
538	0.54143959	0.44455729	
538.2	0.54128564	0.4437927	
538.4	0.54107219	0.44302942	
538.6	0.54076763	0.44226745	
538.8	0.54054183	0.4415068	
539	0.54000929	0.44074745	
539.2	0.54012235	0.43998941	
539.4	0.54008607	0.43923267	
539.6	0.53970849	0.43847724	
539.8	0.53985786	0.4377231	
