Conc1	3E-07	
Start1	240	
Stop1	479.8	
Kobs	6.26099209825532E-17	
Error Kobs	21232939032442.3	
Koff	0	
Error Koff	0	
Time1	Data1	Fit1	
240	-0.00652328	0	
240.2	-0.0072902	0	
240.4	-0.00829879	0	
240.6	-0.00947083	0	
240.8	-0.01043463	0	
241	-0.01130968	0	
241.2	-0.01236856	0	
241.4	-0.01309592	0	
241.6	-0.01398878	0	
241.8	-0.0147607	0	
242	-0.01544348	0	
242.2	-0.01591913	0	
242.4	-0.01708503	0	
242.6	-0.01831582	0	
242.8	-0.019143	0	
243	-0.01980849	0	
243.2	-0.02051359	0	
243.4	-0.02122804	0	
243.6	-0.02203934	0	
243.8	-0.02305425	0	
244	-0.02381809	0	
244.2	-0.02423111	0	
244.4	-0.02491996	0	
244.6	-0.02525221	0	
244.8	-0.02557569	0	
245	-0.02600328	0	
245.2	-0.02614003	0	
245.4	-0.02593409	0	
245.6	-0.02619402	0	
245.8	-0.02594476	0	
246	-0.02585408	0	
246.2	-0.02580832	0	
246.4	-0.0261924	0	
246.6	-0.0264189	0	
246.8	-0.02640817	0	
247	-0.02668707	0	
247.2	-0.02695947	0	
247.4	-0.02699385	0	
247.6	-0.0274965	0	
247.8	-0.02792076	0	
248	-0.02812785	0	
248.2	-0.02848941	0	
248.4	-0.02885228	0	
248.6	-0.02915201	0	
248.8	-0.02965428	0	
249	-0.02996369	0	
249.2	-0.030032	0	
249.4	-0.03053249	0	
249.6	-0.03050828	0	
249.8	-0.03038438	0	
250	-0.03060401	0	
250.2	-0.03094147	0	
250.4	-0.03132287	0	
250.6	-0.03169673	0	
250.8	-0.03193381	0	
251	-0.03244403	0	
251.2	-0.03265017	0	
251.4	-0.03292981	0	
251.6	-0.03356905	0	
251.8	-0.03390428	0	
252	-0.03434078	0	
252.2	-0.03463346	0	
252.4	-0.03465235	0	
252.6	-0.034588	0	
252.8	-0.03460053	0	
253	-0.03492973	0	
253.2	-0.03482376	0	
253.4	-0.03475615	0	
253.6	-0.03471567	0	
253.8	-0.03459827	0	
254	-0.03490472	0	
254.2	-0.03462782	0	
254.4	-0.03452809	0	
254.6	-0.03478482	0	
254.8	-0.0347506	0	
255	-0.03507993	0	
255.2	-0.03494457	0	
255.4	-0.03550158	0	
255.6	-0.03589772	0	
255.8	-0.03578845	0	
256	-0.03599539	0	
256.2	-0.03633638	0	
256.4	-0.03658624	0	
256.6	-0.03652909	0	
256.8	-0.03677067	0	
257	-0.037091	0	
257.2	-0.03685644	0	
257.4	-0.03721513	0	
257.6	-0.0377361	0	
257.8	-0.03769818	0	
258	-0.03831129	0	
258.2	-0.03818381	0	
258.4	-0.03872199	0	
258.6	-0.03890183	0	
258.8	-0.03877319	0	
259	-0.03873694	0	
259.2	-0.03875135	0	
259.4	-0.03890652	0	
259.6	-0.03909358	0	
259.8	-0.03909699	0	
260	-0.0394009	0	
260.2	-0.03980991	0	
260.4	-0.03969577	0	
260.6	-0.0394367	0	
260.8	-0.03944238	0	
261	-0.03943191	0	
261.2	-0.03919874	0	
261.4	-0.0394489	0	
261.6	-0.03990426	0	
261.8	-0.04025656	0	
262	-0.04042669	0	
262.2	-0.04058766	0	
262.4	-0.04089086	0	
262.6	-0.0407328	0	
262.8	-0.04063466	0	
263	-0.04053393	0	
263.2	-0.04064598	0	
263.4	-0.04077428	0	
263.6	-0.04091841	0	
263.8	-0.04069217	0	
264	-0.04040668	0	
264.2	-0.04037685	0	
264.4	-0.03995445	0	
264.6	-0.04003309	0	
264.8	-0.03936363	0	
265	-0.03922936	0	
265.2	-0.03893318	0	
265.4	-0.03890335	0	
265.6	-0.03927079	0	
265.8	-0.03909283	0	
266	-0.0392798	0	
266.2	-0.03982281	0	
266.4	-0.03999984	0	
266.6	-0.03984231	0	
266.8	-0.04009042	0	
267	-0.04026079	0	
267.2	-0.04025568	0	
267.4	-0.04037019	0	
267.6	-0.04047509	0	
267.8	-0.04063511	0	
268	-0.04084977	0	
268.2	-0.04116622	0	
268.4	-0.04128998	0	
268.6	-0.04148491	0	
268.8	-0.04122829	0	
269	-0.04142657	0	
269.2	-0.04111268	0	
269.4	-0.04127282	0	
269.6	-0.0417408	0	
269.8	-0.04175778	0	
270	-0.04208922	0	
270.2	-0.0420343	0	
270.4	-0.04157254	0	
270.6	-0.04136034	0	
270.8	-0.04149038	0	
271	-0.04129915	0	
271.2	-0.04111232	0	
271.4	-0.04115471	0	
271.6	-0.04138935	0	
271.8	-0.04156225	0	
272	-0.04160832	0	
272.2	-0.04166122	0	
272.4	-0.04182105	0	
272.6	-0.04195876	0	
272.8	-0.04206519	0	
273	-0.04188941	0	
273.2	-0.04167254	0	
273.4	-0.0420074	0	
273.6	-0.04236353	0	
273.8	-0.04204081	0	
274	-0.04172705	0	
274.2	-0.0415969	0	
274.4	-0.04167598	0	
274.6	-0.04196612	0	
274.8	-0.04218284	0	
275	-0.04233322	0	
275.2	-0.04231714	0	
275.4	-0.04268753	0	
275.6	-0.04298903	0	
275.8	-0.04306168	0	
276	-0.04342509	0	
276.2	-0.0436896	0	
276.4	-0.04396866	0	
276.6	-0.0441222	0	
276.8	-0.04414254	0	
277	-0.04387839	0	
277.2	-0.0439486	0	
277.4	-0.04390848	0	
277.6	-0.04407371	0	
277.8	-0.04347117	0	
278	-0.04341567	0	
278.2	-0.04339533	0	
278.4	-0.04343427	0	
278.6	-0.04328988	0	
278.8	-0.04311558	0	
279	-0.04335252	0	
279.2	-0.04360098	0	
279.4	-0.0439895	0	
279.6	-0.0442366	0	
279.8	-0.04472609	0	
280	-0.04476521	0	
280.2	-0.04490572	0	
280.4	-0.04517106	0	
280.6	-0.04496073	0	
280.8	-0.04464106	0	
281	-0.0443879	0	
281.2	-0.04477446	0	
281.4	-0.04428861	0	
281.6	-0.04395383	0	
281.8	-0.04338735	0	
282	-0.04292045	0	
282.2	-0.0425372	0	
282.4	-0.04261541	0	
282.6	-0.0424093	0	
282.8	-0.04242048	0	
283	-0.04296697	0	
283.2	-0.04301379	0	
283.4	-0.04339183	0	
283.6	-0.04388917	0	
283.8	-0.0442785	0	
284	-0.04415263	0	
284.2	-0.04439586	0	
284.4	-0.04476523	0	
284.6	-0.04475657	0	
284.8	-0.04533687	0	
285	-0.04587725	0	
285.2	-0.0460141	0	
285.4	-0.04587123	0	
285.6	-0.04565919	0	
285.8	-0.04560172	0	
286	-0.0452286	0	
286.2	-0.04521726	0	
286.4	-0.04489376	0	
286.6	-0.04436321	0	
286.8	-0.04409861	0	
287	-0.04409522	0	
287.2	-0.04382513	0	
287.4	-0.04386378	0	
287.6	-0.04375468	0	
287.8	-0.04389151	0	
288	-0.04411938	0	
288.2	-0.0441368	0	
288.4	-0.04505055	0	
288.6	-0.04540611	0	
288.8	-0.04589863	0	
289	-0.04581013	0	
289.2	-0.04593471	0	
289.4	-0.0461663	0	
289.6	-0.04591401	0	
289.8	-0.04570347	0	
290	-0.04548762	0	
290.2	-0.04544886	0	
290.4	-0.04499723	0	
290.6	-0.04497076	0	
290.8	-0.04466157	0	
291	-0.04474448	0	
291.2	-0.04454313	0	
291.4	-0.04450353	0	
291.6	-0.04456142	0	
291.8	-0.0445755	0	
292	-0.04483948	0	
292.2	-0.04504845	0	
292.4	-0.04531067	0	
292.6	-0.04547947	0	
292.8	-0.04591334	0	
293	-0.04591663	0	
293.2	-0.04618768	0	
293.4	-0.04615097	0	
293.6	-0.04635632	0	
293.8	-0.04675202	0	
294	-0.04715036	0	
294.2	-0.04741652	0	
294.4	-0.04726755	0	
294.6	-0.04724028	0	
294.8	-0.04710941	0	
295	-0.04716742	0	
295.2	-0.04720189	0	
295.4	-0.04707482	0	
295.6	-0.04678732	0	
295.8	-0.04660498	0	
296	-0.04685802	0	
296.2	-0.04713171	0	
296.4	-0.04686373	0	
296.6	-0.04694803	0	
296.8	-0.04717105	0	
297	-0.04688886	0	
297.2	-0.04702629	0	
297.4	-0.04683778	0	
297.6	-0.04694039	0	
297.8	-0.04697092	0	
298	-0.04668545	0	
298.2	-0.04629246	0	
298.4	-0.04612442	0	
298.6	-0.04574008	0	
298.8	-0.04567895	0	
299	-0.04571886	0	
299.2	-0.04567171	0	
299.4	-0.04540918	0	
299.6	-0.0451342	0	
299.8	-0.04535262	0	
300	-0.04552179	0	
300.2	-0.04565028	0	
300.4	-0.04570525	0	
300.6	-0.04561095	0	
300.8	-0.04610722	0	
301	-0.04593966	0	
301.2	-0.0458912	0	
301.4	-0.04565782	0	
301.6	-0.04554208	0	
301.8	-0.04553866	0	
302	-0.04577822	0	
302.2	-0.04604114	0	
302.4	-0.04629523	0	
302.6	-0.0463252	0	
302.8	-0.04674025	0	
303	-0.04689766	0	
303.2	-0.04712579	0	
303.4	-0.04742563	0	
303.6	-0.04728104	0	
303.8	-0.04737183	0	
304	-0.04732306	0	
304.2	-0.04737809	0	
304.4	-0.0475217	0	
304.6	-0.0472291	0	
304.8	-0.04733666	0	
305	-0.04677178	0	
305.2	-0.04660142	0	
305.4	-0.04658908	0	
305.6	-0.04660131	0	
305.8	-0.0467786	0	
306	-0.04702696	0	
306.2	-0.04660684	0	
306.4	-0.04679358	0	
306.6	-0.0467773	0	
306.8	-0.04666915	0	
307	-0.04675397	0	
307.2	-0.04725463	0	
307.4	-0.04716434	0	
307.6	-0.04675571	0	
307.8	-0.04694694	0	
308	-0.04695965	0	
308.2	-0.04681707	0	
308.4	-0.04694393	0	
308.6	-0.04714642	0	
308.8	-0.04716602	0	
309	-0.04733192	0	
309.2	-0.04757336	0	
309.4	-0.04803042	0	
309.6	-0.04802986	0	
309.8	-0.04781382	0	
310	-0.04762764	0	
310.2	-0.04715392	0	
310.4	-0.04712999	0	
310.6	-0.04677009	0	
310.8	-0.04696122	0	
311	-0.04714089	0	
311.2	-0.04711324	0	
311.4	-0.04670559	0	
311.6	-0.04654234	0	
311.8	-0.04667005	0	
312	-0.04633554	0	
312.2	-0.04627976	0	
312.4	-0.04668842	0	
312.6	-0.04705598	0	
312.8	-0.04726017	0	
313	-0.04733802	0	
313.2	-0.04736145	0	
313.4	-0.04767395	0	
313.6	-0.04767881	0	
313.8	-0.04772968	0	
314	-0.0478714	0	
314.2	-0.04768443	0	
314.4	-0.04792741	0	
314.6	-0.04838918	0	
314.8	-0.0485592	0	
315	-0.0483209	0	
315.2	-0.0481526	0	
315.4	-0.0478792	0	
315.6	-0.0476583	0	
315.8	-0.04765699	0	
316	-0.0474988	0	
316.2	-0.04714051	0	
316.4	-0.04719398	0	
316.6	-0.0470504	0	
316.8	-0.04682123	0	
317	-0.0467931	0	
317.2	-0.04695202	0	
317.4	-0.04717511	0	
317.6	-0.04738076	0	
317.8	-0.04698678	0	
318	-0.04711239	0	
318.2	-0.04712084	0	
318.4	-0.04748408	0	
318.6	-0.04761678	0	
318.8	-0.04734621	0	
319	-0.04740009	0	
319.2	-0.0474349	0	
319.4	-0.04738005	0	
319.6	-0.04759776	0	
319.8	-0.04794314	0	
320	-0.04798004	0	
320.2	-0.04787152	0	
320.4	-0.04800278	0	
320.6	-0.04798453	0	
320.8	-0.04835058	0	
321	-0.0486918	0	
321.2	-0.04882485	0	
321.4	-0.04906276	0	
321.6	-0.04890568	0	
321.8	-0.04867163	0	
322	-0.04874634	0	
322.2	-0.04868052	0	
322.4	-0.04866985	0	
322.6	-0.04875992	0	
322.8	-0.04855126	0	
323	-0.04888132	0	
323.2	-0.04890272	0	
323.4	-0.04879727	0	
323.6	-0.04875836	0	
323.8	-0.04835197	0	
324	-0.04837133	0	
324.2	-0.04838099	0	
324.4	-0.04809585	0	
324.6	-0.04794334	0	
324.8	-0.04796458	0	
325	-0.04785544	0	
325.2	-0.04792703	0	
325.4	-0.04778289	0	
325.6	-0.04781769	0	
325.8	-0.04796912	0	
326	-0.04786725	0	
326.2	-0.04821089	0	
326.4	-0.04861084	0	
326.6	-0.04862816	0	
326.8	-0.04881286	0	
327	-0.04927786	0	
327.2	-0.04912626	0	
327.4	-0.04896	0	
327.6	-0.0491278	0	
327.8	-0.0491079	0	
328	-0.04936419	0	
328.2	-0.04928299	0	
328.4	-0.04907556	0	
328.6	-0.04879873	0	
328.8	-0.04860695	0	
329	-0.04844534	0	
329.2	-0.04829993	0	
329.4	-0.04830189	0	
329.6	-0.04830281	0	
329.8	-0.04805946	0	
330	-0.04848911	0	
330.2	-0.04836761	0	
330.4	-0.04829228	0	
330.6	-0.04799201	0	
330.8	-0.04852715	0	
331	-0.04845165	0	
331.2	-0.04842685	0	
331.4	-0.04852627	0	
331.6	-0.04860793	0	
331.8	-0.04876468	0	
332	-0.04883519	0	
332.2	-0.04885062	0	
332.4	-0.04870066	0	
332.6	-0.04851638	0	
332.8	-0.04856092	0	
333	-0.04856663	0	
333.2	-0.04855431	0	
333.4	-0.04835589	0	
333.6	-0.04796043	0	
333.8	-0.04819059	0	
334	-0.04834046	0	
334.2	-0.04765641	0	
334.4	-0.04764771	0	
334.6	-0.04770424	0	
334.8	-0.04792975	0	
335	-0.04763206	0	
335.2	-0.04772659	0	
335.4	-0.04757978	0	
335.6	-0.04744808	0	
335.8	-0.04758681	0	
336	-0.04752103	0	
336.2	-0.04760775	0	
336.4	-0.04751991	0	
336.6	-0.04784135	0	
336.8	-0.04785183	0	
337	-0.04798182	0	
337.2	-0.04812218	0	
337.4	-0.04811244	0	
337.6	-0.04824603	0	
337.8	-0.04882979	0	
338	-0.04885124	0	
338.2	-0.04909795	0	
338.4	-0.0495064	0	
338.6	-0.04933686	0	
338.8	-0.04928748	0	
339	-0.04944881	0	
339.2	-0.04934629	0	
339.4	-0.04919995	0	
339.6	-0.04895655	0	
339.8	-0.04870256	0	
340	-0.04852694	0	
340.2	-0.048466	0	
340.4	-0.04829642	0	
340.6	-0.04851497	0	
340.8	-0.04828187	0	
341	-0.0483268	0	
341.2	-0.04850827	0	
341.4	-0.04890051	0	
341.6	-0.04928968	0	
341.8	-0.04961899	0	
342	-0.04960411	0	
342.2	-0.04958344	0	
342.4	-0.04950879	0	
342.6	-0.04948423	0	
342.8	-0.04978147	0	
343	-0.04985711	0	
343.2	-0.04962894	0	
343.4	-0.04947352	0	
343.6	-0.04941589	0	
343.8	-0.04895162	0	
344	-0.04881296	0	
344.2	-0.04871878	0	
344.4	-0.04860591	0	
344.6	-0.04869975	0	
344.8	-0.04856168	0	
345	-0.04850208	0	
345.2	-0.04870763	0	
345.4	-0.04875786	0	
345.6	-0.04865216	0	
345.8	-0.04831539	0	
346	-0.04841962	0	
346.2	-0.04816559	0	
346.4	-0.0484001	0	
346.6	-0.04907085	0	
346.8	-0.04905098	0	
347	-0.04925725	0	
347.2	-0.04970233	0	
347.4	-0.04980472	0	
347.6	-0.05034464	0	
347.8	-0.05022584	0	
348	-0.05056599	0	
348.2	-0.05035628	0	
348.4	-0.05069226	0	
348.6	-0.05077393	0	
348.8	-0.05072922	0	
349	-0.05044909	0	
349.2	-0.05041097	0	
349.4	-0.05028406	0	
349.6	-0.04995917	0	
349.8	-0.04938783	0	
350	-0.04943728	0	
350.2	-0.04895229	0	
350.4	-0.04911537	0	
350.6	-0.04946323	0	
350.8	-0.04919919	0	
351	-0.04929377	0	
351.2	-0.04947392	0	
351.4	-0.04938927	0	
351.6	-0.0494733	0	
351.8	-0.04914904	0	
352	-0.04911962	0	
352.2	-0.04914394	0	
352.4	-0.04962499	0	
352.6	-0.04967587	0	
352.8	-0.05012711	0	
353	-0.0501311	0	
353.2	-0.05027549	0	
353.4	-0.05018856	0	
353.6	-0.04968744	0	
353.8	-0.0498139	0	
354	-0.04998366	0	
354.2	-0.04970956	0	
354.4	-0.0499836	0	
354.6	-0.05006313	0	
354.8	-0.05004966	0	
355	-0.04988398	0	
355.2	-0.04990509	0	
355.4	-0.04963012	0	
355.6	-0.04965029	0	
355.8	-0.04969977	0	
356	-0.04979612	0	
356.2	-0.05040539	0	
356.4	-0.05042861	0	
356.6	-0.05071478	0	
356.8	-0.05077729	0	
357	-0.05049192	0	
357.2	-0.05030511	0	
357.4	-0.04987563	0	
357.6	-0.04988051	0	
357.8	-0.05024258	0	
358	-0.05018782	0	
358.2	-0.05021027	0	
358.4	-0.05051787	0	
358.6	-0.05054778	0	
358.8	-0.05075983	0	
359	-0.05072624	0	
359.2	-0.05096422	0	
359.4	-0.05101913	0	
359.6	-0.05122172	0	
359.8	-0.05119574	0	
360	-0.04883901	0	
360.2	-0.04778721	0	
360.4	-0.04719386	0	
360.6	-0.04648285	0	
360.8	-0.04567024	0	
361	-0.04502448	0	
361.2	-0.04342591	0	
361.4	-0.04238256	0	
361.6	-0.04169569	0	
361.8	-0.04071044	0	
362	-0.0401817	0	
362.2	-0.03971231	0	
362.4	-0.03894872	0	
362.6	-0.03872373	0	
362.8	-0.03797247	0	
363	-0.03750129	0	
363.2	-0.03710387	0	
363.4	-0.03639806	0	
363.6	-0.03543534	0	
363.8	-0.0346137	0	
364	-0.03418857	0	
364.2	-0.03393575	0	
364.4	-0.03360568	0	
364.6	-0.03326996	0	
364.8	-0.03270989	0	
365	-0.03194779	0	
365.2	-0.03106573	0	
365.4	-0.03128259	0	
365.6	-0.03133157	0	
365.8	-0.03106037	0	
366	-0.03109852	0	
366.2	-0.03098476	0	
366.4	-0.03064654	0	
366.6	-0.03063622	0	
366.8	-0.03055422	0	
367	-0.03067546	0	
367.2	-0.03033027	0	
367.4	-0.02987413	0	
367.6	-0.02956035	0	
367.8	-0.02914559	0	
368	-0.0288553	0	
368.2	-0.02790673	0	
368.4	-0.02743531	0	
368.6	-0.02735985	0	
368.8	-0.02676834	0	
369	-0.02642436	0	
369.2	-0.0263512	0	
369.4	-0.02631166	0	
369.6	-0.02640908	0	
369.8	-0.0262001	0	
370	-0.02602118	0	
370.2	-0.0256294	0	
370.4	-0.02537955	0	
370.6	-0.02583819	0	
370.8	-0.02595133	0	
371	-0.02585771	0	
371.2	-0.02545867	0	
371.4	-0.02559786	0	
371.6	-0.02565872	0	
371.8	-0.02548059	0	
372	-0.02561978	0	
372.2	-0.02531139	0	
372.4	-0.02569885	0	
372.6	-0.02536346	0	
372.8	-0.02509525	0	
373	-0.02522209	0	
373.2	-0.02509516	0	
373.4	-0.02493848	0	
373.6	-0.02479094	0	
373.8	-0.02451206	0	
374	-0.02402971	0	
374.2	-0.02364268	0	
374.4	-0.02382218	0	
374.6	-0.02380215	0	
374.8	-0.02344083	0	
375	-0.02325896	0	
375.2	-0.0230272	0	
375.4	-0.02325182	0	
375.6	-0.0230593	0	
375.8	-0.02298063	0	
376	-0.0231535	0	
376.2	-0.02312305	0	
376.4	-0.02323433	0	
376.6	-0.02323294	0	
376.8	-0.02330911	0	
377	-0.02336725	0	
377.2	-0.02293333	0	
377.4	-0.02283674	0	
377.6	-0.0229448	0	
377.8	-0.02250132	0	
378	-0.02216211	0	
378.2	-0.02212923	0	
378.4	-0.02180934	0	
378.6	-0.02147126	0	
378.8	-0.02085579	0	
379	-0.0204902	0	
379.2	-0.02020593	0	
379.4	-0.02008997	0	
379.6	-0.02008933	0	
379.8	-0.01997144	0	
380	-0.02038392	0	
380.2	-0.02075992	0	
380.4	-0.02114716	0	
380.6	-0.02153791	0	
380.8	-0.02156191	0	
381	-0.02173931	0	
381.2	-0.02183454	0	
381.4	-0.02216802	0	
381.6	-0.02281044	0	
381.8	-0.02260841	0	
382	-0.02285946	0	
382.2	-0.02288917	0	
382.4	-0.02264425	0	
382.6	-0.02238192	0	
382.8	-0.02220288	0	
383	-0.02216658	0	
383.2	-0.02188723	0	
383.4	-0.0214434	0	
383.6	-0.02122426	0	
383.8	-0.02073856	0	
384	-0.02068667	0	
384.2	-0.02094553	0	
384.4	-0.02084164	0	
384.6	-0.02087663	0	
384.8	-0.02057356	0	
385	-0.0204112	0	
385.2	-0.02051149	0	
385.4	-0.02069644	0	
385.6	-0.02114376	0	
385.8	-0.02099103	0	
386	-0.02123013	0	
386.2	-0.02149336	0	
386.4	-0.02161711	0	
386.6	-0.0215846	0	
386.8	-0.02180819	0	
387	-0.02166898	0	
387.2	-0.0213763	0	
387.4	-0.02131585	0	
387.6	-0.02138939	0	
387.8	-0.02117573	0	
388	-0.02107395	0	
388.2	-0.02186652	0	
388.4	-0.02137653	0	
388.6	-0.02098001	0	
388.8	-0.02059153	0	
389	-0.02058387	0	
389.2	-0.02069219	0	
389.4	-0.02044824	0	
389.6	-0.02074142	0	
389.8	-0.02063617	0	
390	-0.02063709	0	
390.2	-0.02073076	0	
390.4	-0.02099975	0	
390.6	-0.02116384	0	
390.8	-0.02109908	0	
391	-0.02122065	0	
391.2	-0.02159653	0	
391.4	-0.0219457	0	
391.6	-0.02217529	0	
391.8	-0.02202862	0	
392	-0.02197602	0	
392.2	-0.0223124	0	
392.4	-0.02179422	0	
392.6	-0.0220069	0	
392.8	-0.02204887	0	
393	-0.02165193	0	
393.2	-0.0212358	0	
393.4	-0.02075246	0	
393.6	-0.02074611	0	
393.8	-0.02045763	0	
394	-0.02019372	0	
394.2	-0.02006711	0	
394.4	-0.02016748	0	
394.6	-0.02034352	0	
394.8	-0.02035843	0	
395	-0.02086501	0	
395.2	-0.02088541	0	
395.4	-0.02068686	0	
395.6	-0.02076526	0	
395.8	-0.02072225	0	
396	-0.0213489	0	
396.2	-0.02159448	0	
396.4	-0.02169479	0	
396.6	-0.02199035	0	
396.8	-0.02149279	0	
397	-0.02106163	0	
397.2	-0.02111572	0	
397.4	-0.02151305	0	
397.6	-0.02178519	0	
397.8	-0.0217061	0	
398	-0.02155589	0	
398.2	-0.02166161	0	
398.4	-0.02207783	0	
398.6	-0.02271074	0	
398.8	-0.0228122	0	
399	-0.02298422	0	
399.2	-0.0230529	0	
399.4	-0.0236396	0	
399.6	-0.02380351	0	
399.8	-0.02404135	0	
400	-0.02406875	0	
400.2	-0.02346299	0	
400.4	-0.02348907	0	
400.6	-0.02322265	0	
400.8	-0.02297776	0	
401	-0.02250694	0	
401.2	-0.02230035	0	
401.4	-0.02220107	0	
401.6	-0.0218296	0	
401.8	-0.02139311	0	
402	-0.02152589	0	
402.2	-0.02126456	0	
402.4	-0.02154004	0	
402.6	-0.02171331	0	
402.8	-0.02150139	0	
403	-0.02162258	0	
403.2	-0.02188169	0	
403.4	-0.02198188	0	
403.6	-0.02166483	0	
403.8	-0.02184086	0	
404	-0.02160573	0	
404.2	-0.02208284	0	
404.4	-0.02255317	0	
404.6	-0.02265152	0	
404.8	-0.02338015	0	
405	-0.02315265	0	
405.2	-0.02311813	0	
405.4	-0.02317406	0	
405.6	-0.02339957	0	
405.8	-0.0234058	0	
406	-0.02367059	0	
406.2	-0.02359364	0	
406.4	-0.02365643	0	
406.6	-0.0236328	0	
406.8	-0.0234815	0	
407	-0.02351124	0	
407.2	-0.02339372	0	
407.4	-0.02322196	0	
407.6	-0.02299407	0	
407.8	-0.02281112	0	
408	-0.02280974	0	
408.2	-0.02325456	0	
408.4	-0.02311803	0	
408.6	-0.02306094	0	
408.8	-0.02323583	0	
409	-0.0228507	0	
409.2	-0.02302164	0	
409.4	-0.02284025	0	
409.6	-0.02256729	0	
409.8	-0.02295264	0	
410	-0.02318455	0	
410.2	-0.02305018	0	
410.4	-0.02292039	0	
410.6	-0.02301707	0	
410.8	-0.02319451	0	
411	-0.02327202	0	
411.2	-0.02289692	0	
411.4	-0.02285443	0	
411.6	-0.02317681	0	
411.8	-0.02319384	0	
412	-0.02349877	0	
412.2	-0.02369369	0	
412.4	-0.02373106	0	
412.6	-0.02395277	0	
412.8	-0.02432022	0	
413	-0.02469113	0	
413.2	-0.02496872	0	
413.4	-0.02437852	0	
413.6	-0.02452515	0	
413.8	-0.02504109	0	
414	-0.02479013	0	
414.2	-0.02468693	0	
414.4	-0.02453778	0	
414.6	-0.0244319	0	
414.8	-0.02433613	0	
415	-0.02402242	0	
415.2	-0.02337535	0	
415.4	-0.02331345	0	
415.6	-0.02338776	0	
415.8	-0.02308046	0	
416	-0.02322806	0	
416.2	-0.02334277	0	
416.4	-0.02336033	0	
416.6	-0.02354161	0	
416.8	-0.023994	0	
417	-0.02406825	0	
417.2	-0.02385463	0	
417.4	-0.02410772	0	
417.6	-0.02470918	0	
417.8	-0.02511383	0	
418	-0.02512776	0	
418.2	-0.02549525	0	
418.4	-0.02547562	0	
418.6	-0.02543665	0	
418.8	-0.02519385	0	
419	-0.025004	0	
419.2	-0.02474105	0	
419.4	-0.0245133	0	
419.6	-0.0242366	0	
419.8	-0.02409908	0	
420	-0.02371812	0	
420.2	-0.02351129	0	
420.4	-0.02327916	0	
420.6	-0.02284309	0	
420.8	-0.02233536	0	
421	-0.02176341	0	
421.2	-0.02157758	0	
421.4	-0.02172812	0	
421.6	-0.02161028	0	
421.8	-0.02157927	0	
422	-0.02162585	0	
422.2	-0.02194483	0	
422.4	-0.02255671	0	
422.6	-0.02276851	0	
422.8	-0.02317774	0	
423	-0.02364707	0	
423.2	-0.02395722	0	
423.4	-0.02403191	0	
423.6	-0.02450815	0	
423.8	-0.02487574	0	
424	-0.02524909	0	
424.2	-0.02568659	0	
424.4	-0.02515668	0	
424.6	-0.02484047	0	
424.8	-0.02429628	0	
425	-0.0243349	0	
425.2	-0.02394906	0	
425.4	-0.02365208	0	
425.6	-0.02342811	0	
425.8	-0.02369025	0	
426	-0.02340477	0	
426.2	-0.02346041	0	
426.4	-0.02400922	0	
426.6	-0.02378992	0	
426.8	-0.02394862	0	
427	-0.02400751	0	
427.2	-0.02439421	0	
427.4	-0.02460008	0	
427.6	-0.02498372	0	
427.8	-0.02515342	0	
428	-0.02534396	0	
428.2	-0.02553492	0	
428.4	-0.02527665	0	
428.6	-0.02520599	0	
428.8	-0.02495543	0	
429	-0.02514664	0	
429.2	-0.0249533	0	
429.4	-0.02488995	0	
429.6	-0.02493817	0	
429.8	-0.02553648	0	
430	-0.02534612	0	
430.2	-0.02600278	0	
430.4	-0.02619572	0	
430.6	-0.02615824	0	
430.8	-0.02620669	0	
431	-0.02605083	0	
431.2	-0.02607543	0	
431.4	-0.02592367	0	
431.6	-0.02569473	0	
431.8	-0.02584708	0	
432	-0.02592114	0	
432.2	-0.02571113	0	
432.4	-0.0248357	0	
432.6	-0.02463144	0	
432.8	-0.02445201	0	
433	-0.0240997	0	
433.2	-0.02447989	0	
433.4	-0.02379505	0	
433.6	-0.02369286	0	
433.8	-0.02365947	0	
434	-0.02333457	0	
434.2	-0.02315154	0	
434.4	-0.02265721	0	
434.6	-0.02258575	0	
434.8	-0.02264237	0	
435	-0.02263506	0	
435.2	-0.02282227	0	
435.4	-0.02312007	0	
435.6	-0.02326978	0	
435.8	-0.02372131	0	
436	-0.0236587	0	
436.2	-0.02390948	0	
436.4	-0.02397228	0	
436.6	-0.02488218	0	
436.8	-0.02484666	0	
437	-0.02518168	0	
437.2	-0.02539791	0	
437.4	-0.02478448	0	
437.6	-0.02494713	0	
437.8	-0.02488221	0	
438	-0.02470871	0	
438.2	-0.02452054	0	
438.4	-0.0243251	0	
438.6	-0.02430793	0	
438.8	-0.02464286	0	
439	-0.02443718	0	
439.2	-0.02419657	0	
439.4	-0.02454447	0	
439.6	-0.02474056	0	
439.8	-0.02485123	0	
440	-0.02538964	0	
440.2	-0.02589904	0	
440.4	-0.02585462	0	
440.6	-0.0263727	0	
440.8	-0.02626025	0	
441	-0.02633606	0	
441.2	-0.02634236	0	
441.4	-0.02658972	0	
441.6	-0.02649621	0	
441.8	-0.0263338	0	
442	-0.02605983	0	
442.2	-0.02593688	0	
442.4	-0.02544395	0	
442.6	-0.02543614	0	
442.8	-0.02578317	0	
443	-0.025403	0	
443.2	-0.02553772	0	
443.4	-0.02574066	0	
443.6	-0.02571364	0	
443.8	-0.0256118	0	
444	-0.02592632	0	
444.2	-0.02611337	0	
444.4	-0.02613946	0	
444.6	-0.02594309	0	
444.8	-0.0256735	0	
445	-0.02545426	0	
445.2	-0.02534105	0	
445.4	-0.02501975	0	
445.6	-0.02471496	0	
445.8	-0.02441366	0	
446	-0.02441363	0	
446.2	-0.02428687	0	
446.4	-0.02417793	0	
446.6	-0.02453185	0	
446.8	-0.02511891	0	
447	-0.02566061	0	
447.2	-0.02617612	0	
447.4	-0.02649184	0	
447.6	-0.02718145	0	
447.8	-0.02739111	0	
448	-0.02811483	0	
448.2	-0.02842117	0	
448.4	-0.02814639	0	
448.6	-0.02811422	0	
448.8	-0.02808447	0	
449	-0.02776504	0	
449.2	-0.02784476	0	
449.4	-0.02755525	0	
449.6	-0.02739454	0	
449.8	-0.02713909	0	
450	-0.02691142	0	
450.2	-0.02653851	0	
450.4	-0.02638902	0	
450.6	-0.02652128	0	
450.8	-0.02682523	0	
451	-0.02692211	0	
451.2	-0.02690009	0	
451.4	-0.02671095	0	
451.6	-0.02690403	0	
451.8	-0.02669579	0	
452	-0.02691795	0	
452.2	-0.02686486	0	
452.4	-0.02682984	0	
452.6	-0.02681521	0	
452.8	-0.0272531	0	
453	-0.02733511	0	
453.2	-0.02784336	0	
453.4	-0.02757345	0	
453.6	-0.02746959	0	
453.8	-0.02721293	0	
454	-0.0268148	0	
454.2	-0.02656444	0	
454.4	-0.02634531	0	
454.6	-0.02627938	0	
454.8	-0.0259746	0	
455	-0.025791	0	
455.2	-0.02539864	0	
455.4	-0.02508379	0	
455.6	-0.02559367	0	
455.8	-0.02541022	0	
456	-0.02577344	0	
456.2	-0.02610184	0	
456.4	-0.02602059	0	
456.6	-0.02604718	0	
456.8	-0.02661772	0	
457	-0.02624799	0	
457.2	-0.0263719	0	
457.4	-0.0263674	0	
457.6	-0.02640606	0	
457.8	-0.0266063	0	
458	-0.02690174	0	
458.2	-0.02717425	0	
458.4	-0.02745185	0	
458.6	-0.0277864	0	
458.8	-0.02776298	0	
459	-0.02762362	0	
459.2	-0.02734093	0	
459.4	-0.02734139	0	
459.6	-0.02760948	0	
459.8	-0.02752798	0	
460	-0.02791431	0	
460.2	-0.02831068	0	
460.4	-0.02802853	0	
460.6	-0.02824294	0	
460.8	-0.02830065	0	
461	-0.02843253	0	
461.2	-0.02859036	0	
461.4	-0.02845947	0	
461.6	-0.02802778	0	
461.8	-0.02780235	0	
462	-0.02771724	0	
462.2	-0.02764098	0	
462.4	-0.02759249	0	
462.6	-0.02749281	0	
462.8	-0.0270886	0	
463	-0.02695855	0	
463.2	-0.02703347	0	
463.4	-0.02712737	0	
463.6	-0.02773632	0	
463.8	-0.02794537	0	
464	-0.02839805	0	
464.2	-0.02935049	0	
464.4	-0.02939086	0	
464.6	-0.0300191	0	
464.8	-0.03022618	0	
465	-0.03021282	0	
465.2	-0.02995867	0	
465.4	-0.02964159	0	
465.6	-0.02916612	0	
465.8	-0.02912768	0	
466	-0.02931544	0	
466.2	-0.02916442	0	
466.4	-0.02916935	0	
466.6	-0.02896764	0	
466.8	-0.02887054	0	
467	-0.02875069	0	
467.2	-0.02866388	0	
467.4	-0.02875942	0	
467.6	-0.02887284	0	
467.8	-0.0287107	0	
468	-0.02900282	0	
468.2	-0.02916594	0	
468.4	-0.02887695	0	
468.6	-0.02882323	0	
468.8	-0.0287763	0	
469	-0.02858633	0	
469.2	-0.02854726	0	
469.4	-0.02849753	0	
469.6	-0.02882997	0	
469.8	-0.02931669	0	
470	-0.02951442	0	
470.2	-0.0299014	0	
470.4	-0.03003249	0	
470.6	-0.0300924	0	
470.8	-0.030047	0	
471	-0.03004604	0	
471.2	-0.03024591	0	
471.4	-0.03064821	0	
471.6	-0.03068334	0	
471.8	-0.03058978	0	
472	-0.03023443	0	
472.2	-0.02994853	0	
472.4	-0.03000428	0	
472.6	-0.02987664	0	
472.8	-0.02979988	0	
473	-0.02960383	0	
473.2	-0.02930781	0	
473.4	-0.02949087	0	
473.6	-0.02941349	0	
473.8	-0.02925967	0	
474	-0.02922294	0	
474.2	-0.02941201	0	
474.4	-0.02904715	0	
474.6	-0.02921979	0	
474.8	-0.02894824	0	
475	-0.02888494	0	
475.2	-0.02920085	0	
475.4	-0.02924145	0	
475.6	-0.02903413	0	
475.8	-0.02924848	0	
476	-0.0292923	0	
476.2	-0.02983342	0	
476.4	-0.03056489	0	
476.6	-0.0300842	0	
476.8	-0.03025606	0	
477	-0.02983437	0	
477.2	-0.02915579	0	
477.4	-0.02895259	0	
477.6	-0.0282908	0	
477.8	-0.02782176	0	
478	-0.02737823	0	
478.2	-0.02711217	0	
478.4	-0.02698081	0	
478.6	-0.0270861	0	
478.8	-0.02708943	0	
479	-0.02742387	0	
479.2	-0.02801459	0	
479.4	-0.02835338	0	
479.6	-0.02914927	0	
479.8	-0.03021247	0	
