Conc1	5.72E-08	
Start1	300	
Stop1	539.8	
Kobs	1.56524802456383E-17	
Error Kobs	23563907851364.1	
Koff	0	
Error Koff	0	
Time1	Data1	Fit1	
300	0.00000368	0	
300.2	-0.00140072	0	
300.4	-0.00335994	0	
300.6	-0.00510945	0	
300.8	-0.00668959	0	
301	-0.00862718	0	
301.2	-0.01039422	0	
301.4	-0.01204102	0	
301.6	-0.01318956	0	
301.8	-0.01403295	0	
302	-0.0142686	0	
302.2	-0.0143114	0	
302.4	-0.01464387	0	
302.6	-0.01514036	0	
302.8	-0.01522168	0	
303	-0.01533218	0	
303.2	-0.01576555	0	
303.4	-0.01582711	0	
303.6	-0.01594297	0	
303.8	-0.01608835	0	
304	-0.01670034	0	
304.2	-0.0165437	0	
304.4	-0.01711702	0	
304.6	-0.01716562	0	
304.8	-0.01738432	0	
305	-0.01812236	0	
305.2	-0.01815353	0	
305.4	-0.01831382	0	
305.6	-0.01819599	0	
305.8	-0.01795118	0	
306	-0.01834679	0	
306.2	-0.01900108	0	
306.4	-0.01938856	0	
306.6	-0.01953197	0	
306.8	-0.01963073	0	
307	-0.0197609	0	
307.2	-0.01998528	0	
307.4	-0.0201131	0	
307.6	-0.02054555	0	
307.8	-0.02077408	0	
308	-0.02121268	0	
308.2	-0.02123367	0	
308.4	-0.02138654	0	
308.6	-0.02147761	0	
308.8	-0.02160199	0	
309	-0.0217307	0	
309.2	-0.02128235	0	
309.4	-0.02150474	0	
309.6	-0.02139427	0	
309.8	-0.02168647	0	
310	-0.0225002	0	
310.2	-0.02270588	0	
310.4	-0.02294719	0	
310.6	-0.0231065	0	
310.8	-0.02352062	0	
311	-0.02369808	0	
311.2	-0.02385145	0	
311.4	-0.0240372	0	
311.6	-0.02461339	0	
311.8	-0.02424401	0	
312	-0.02445214	0	
312.2	-0.02447907	0	
312.4	-0.02426399	0	
312.6	-0.02429311	0	
312.8	-0.02439885	0	
313	-0.02420847	0	
313.2	-0.02376808	0	
313.4	-0.0238693	0	
313.6	-0.02353365	0	
313.8	-0.02337344	0	
314	-0.02312289	0	
314.2	-0.02313814	0	
314.4	-0.02344327	0	
314.6	-0.02349973	0	
314.8	-0.02395649	0	
315	-0.02423385	0	
315.2	-0.02450825	0	
315.4	-0.0247063	0	
315.6	-0.0248544	0	
315.8	-0.02488795	0	
316	-0.02546022	0	
316.2	-0.02566774	0	
316.4	-0.02548044	0	
316.6	-0.02569176	0	
316.8	-0.02558896	0	
317	-0.02500702	0	
317.2	-0.02446057	0	
317.4	-0.02433221	0	
317.6	-0.02415773	0	
317.8	-0.0240598	0	
318	-0.02402367	0	
318.2	-0.02433028	0	
318.4	-0.02469367	0	
318.6	-0.02475717	0	
318.8	-0.02499049	0	
319	-0.0252894	0	
319.2	-0.02529472	0	
319.4	-0.02533224	0	
319.6	-0.02568468	0	
319.8	-0.02606901	0	
320	-0.02625343	0	
320.2	-0.02673052	0	
320.4	-0.02657514	0	
320.6	-0.02687825	0	
320.8	-0.02659312	0	
321	-0.02655572	0	
321.2	-0.02653377	0	
321.4	-0.02692647	0	
321.6	-0.02709722	0	
321.8	-0.02689673	0	
322	-0.02700085	0	
322.2	-0.02701934	0	
322.4	-0.02718492	0	
322.6	-0.0271087	0	
322.8	-0.02701196	0	
323	-0.02712708	0	
323.2	-0.02673272	0	
323.4	-0.02642815	0	
323.6	-0.02640491	0	
323.8	-0.02652467	0	
324	-0.02683552	0	
324.2	-0.02712446	0	
324.4	-0.02701545	0	
324.6	-0.02697943	0	
324.8	-0.02699747	0	
325	-0.02689758	0	
325.2	-0.02707333	0	
325.4	-0.02743126	0	
325.6	-0.02763793	0	
325.8	-0.02760197	0	
326	-0.02818266	0	
326.2	-0.02847953	0	
326.4	-0.02911668	0	
326.6	-0.02935171	0	
326.8	-0.02898497	0	
327	-0.02881677	0	
327.2	-0.02847903	0	
327.4	-0.02835101	0	
327.6	-0.02865254	0	
327.8	-0.02884733	0	
328	-0.02843576	0	
328.2	-0.02829176	0	
328.4	-0.02825469	0	
328.6	-0.02790573	0	
328.8	-0.02787576	0	
329	-0.02771641	0	
329.2	-0.02797374	0	
329.4	-0.02813347	0	
329.6	-0.02853051	0	
329.8	-0.02843794	0	
330	-0.0291502	0	
330.2	-0.02957171	0	
330.4	-0.02985983	0	
330.6	-0.0296737	0	
330.8	-0.02945922	0	
331	-0.02998741	0	
331.2	-0.03011259	0	
331.4	-0.03036029	0	
331.6	-0.03038098	0	
331.8	-0.03028401	0	
332	-0.02974833	0	
332.2	-0.02975485	0	
332.4	-0.02946894	0	
332.6	-0.0292454	0	
332.8	-0.02892334	0	
333	-0.02861305	0	
333.2	-0.02847081	0	
333.4	-0.02861445	0	
333.6	-0.02867936	0	
333.8	-0.02833442	0	
334	-0.02849937	0	
334.2	-0.02809123	0	
334.4	-0.02800159	0	
334.6	-0.02807188	0	
334.8	-0.02863244	0	
335	-0.028977	0	
335.2	-0.02920928	0	
335.4	-0.02941679	0	
335.6	-0.02949872	0	
335.8	-0.0298782	0	
336	-0.03012993	0	
336.2	-0.02991343	0	
336.4	-0.03001586	0	
336.6	-0.03019967	0	
336.8	-0.03005996	0	
337	-0.03000149	0	
337.2	-0.03004481	0	
337.4	-0.02992028	0	
337.6	-0.02958716	0	
337.8	-0.02908495	0	
338	-0.02918049	0	
338.2	-0.02911921	0	
338.4	-0.0293851	0	
338.6	-0.02931981	0	
338.8	-0.02958746	0	
339	-0.02951626	0	
339.2	-0.02985436	0	
339.4	-0.02969078	0	
339.6	-0.02988808	0	
339.8	-0.03010913	0	
340	-0.0299911	0	
340.2	-0.02973942	0	
340.4	-0.03014514	0	
340.6	-0.03020376	0	
340.8	-0.02997546	0	
341	-0.02969702	0	
341.2	-0.02991471	0	
341.4	-0.03011005	0	
341.6	-0.03026756	0	
341.8	-0.03032602	0	
342	-0.03079543	0	
342.2	-0.03070673	0	
342.4	-0.03059387	0	
342.6	-0.03030174	0	
342.8	-0.03035867	0	
343	-0.03034571	0	
343.2	-0.03050574	0	
343.4	-0.03037039	0	
343.6	-0.03047272	0	
343.8	-0.03052268	0	
344	-0.03067914	0	
344.2	-0.03096893	0	
344.4	-0.03094505	0	
344.6	-0.03090259	0	
344.8	-0.03103369	0	
345	-0.03118989	0	
345.2	-0.031915	0	
345.4	-0.03216516	0	
345.6	-0.03204041	0	
345.8	-0.03211167	0	
346	-0.03225965	0	
346.2	-0.03203431	0	
346.4	-0.03200924	0	
346.6	-0.03127396	0	
346.8	-0.03114522	0	
347	-0.03114388	0	
347.2	-0.03108133	0	
347.4	-0.03092039	0	
347.6	-0.03085738	0	
347.8	-0.03092291	0	
348	-0.03078598	0	
348.2	-0.03052077	0	
348.4	-0.03023191	0	
348.6	-0.03043012	0	
348.8	-0.03051793	0	
349	-0.03053374	0	
349.2	-0.03109486	0	
349.4	-0.03118518	0	
349.6	-0.03135328	0	
349.8	-0.0315105	0	
350	-0.03143239	0	
350.2	-0.03118875	0	
350.4	-0.03103167	0	
350.6	-0.03053801	0	
350.8	-0.03086427	0	
351	-0.03073862	0	
351.2	-0.03071657	0	
351.4	-0.03038461	0	
351.6	-0.03054619	0	
351.8	-0.03047202	0	
352	-0.03005146	0	
352.2	-0.03001145	0	
352.4	-0.03007498	0	
352.6	-0.03017548	0	
352.8	-0.03017386	0	
353	-0.03038488	0	
353.2	-0.03062764	0	
353.4	-0.03097114	0	
353.6	-0.03089885	0	
353.8	-0.03062681	0	
354	-0.03076819	0	
354.2	-0.0308631	0	
354.4	-0.03101447	0	
354.6	-0.0308349	0	
354.8	-0.03095727	0	
355	-0.03085852	0	
355.2	-0.03101068	0	
355.4	-0.03135271	0	
355.6	-0.03214878	0	
355.8	-0.0319674	0	
356	-0.03188328	0	
356.2	-0.0319734	0	
356.4	-0.0321643	0	
356.6	-0.032266	0	
356.8	-0.0325903	0	
357	-0.03287177	0	
357.2	-0.03295774	0	
357.4	-0.03320963	0	
357.6	-0.03277203	0	
357.8	-0.03283814	0	
358	-0.03303869	0	
358.2	-0.03275381	0	
358.4	-0.03257782	0	
358.6	-0.0323094	0	
358.8	-0.03236275	0	
359	-0.03247001	0	
359.2	-0.03283147	0	
359.4	-0.03297576	0	
359.6	-0.0329204	0	
359.8	-0.03249058	0	
360	-0.03259453	0	
360.2	-0.03285496	0	
360.4	-0.03303214	0	
360.6	-0.03307995	0	
360.8	-0.03285897	0	
361	-0.03286611	0	
361.2	-0.03223358	0	
361.4	-0.03215675	0	
361.6	-0.03180914	0	
361.8	-0.03194005	0	
362	-0.03176402	0	
362.2	-0.03141128	0	
362.4	-0.03156263	0	
362.6	-0.03171804	0	
362.8	-0.0315829	0	
363	-0.03167859	0	
363.2	-0.03172087	0	
363.4	-0.03191157	0	
363.6	-0.03212095	0	
363.8	-0.03255122	0	
364	-0.03320569	0	
364.2	-0.03335548	0	
364.4	-0.03329303	0	
364.6	-0.03328292	0	
364.8	-0.03286669	0	
365	-0.03283459	0	
365.2	-0.03261022	0	
365.4	-0.03312069	0	
365.6	-0.03335705	0	
365.8	-0.03345586	0	
366	-0.03344041	0	
366.2	-0.03334571	0	
366.4	-0.03343434	0	
366.6	-0.03337128	0	
366.8	-0.03317617	0	
367	-0.03335947	0	
367.2	-0.03346646	0	
367.4	-0.03387273	0	
367.6	-0.03387597	0	
367.8	-0.03386139	0	
368	-0.03379029	0	
368.2	-0.03369651	0	
368.4	-0.03388768	0	
368.6	-0.03375565	0	
368.8	-0.03355198	0	
369	-0.03347547	0	
369.2	-0.03382848	0	
369.4	-0.03378778	0	
369.6	-0.03382008	0	
369.8	-0.03361185	0	
370	-0.03380042	0	
370.2	-0.03346206	0	
370.4	-0.03357958	0	
370.6	-0.03390057	0	
370.8	-0.03402696	0	
371	-0.0343449	0	
371.2	-0.03438952	0	
371.4	-0.03427692	0	
371.6	-0.0338788	0	
371.8	-0.03367963	0	
372	-0.03352508	0	
372.2	-0.03363826	0	
372.4	-0.03351599	0	
372.6	-0.03312608	0	
372.8	-0.03267617	0	
373	-0.032379	0	
373.2	-0.03222363	0	
373.4	-0.03199159	0	
373.6	-0.03231825	0	
373.8	-0.03243541	0	
374	-0.03267758	0	
374.2	-0.0327409	0	
374.4	-0.03288197	0	
374.6	-0.03315757	0	
374.8	-0.03322319	0	
375	-0.03331731	0	
375.2	-0.03322089	0	
375.4	-0.03321288	0	
375.6	-0.03304862	0	
375.8	-0.03329979	0	
376	-0.03309205	0	
376.2	-0.03293476	0	
376.4	-0.03298395	0	
376.6	-0.03282969	0	
376.8	-0.03259766	0	
377	-0.03261573	0	
377.2	-0.03272149	0	
377.4	-0.03289174	0	
377.6	-0.03314422	0	
377.8	-0.03331791	0	
378	-0.03342254	0	
378.2	-0.03325037	0	
378.4	-0.0331106	0	
378.6	-0.03303799	0	
378.8	-0.03322385	0	
379	-0.03306154	0	
379.2	-0.03306556	0	
379.4	-0.03305991	0	
379.6	-0.03271414	0	
379.8	-0.032846	0	
380	-0.03270807	0	
380.2	-0.03251022	0	
380.4	-0.03282159	0	
380.6	-0.0323774	0	
380.8	-0.03254803	0	
381	-0.03261983	0	
381.2	-0.03295112	0	
381.4	-0.03291627	0	
381.6	-0.03330589	0	
381.8	-0.03385784	0	
382	-0.03388983	0	
382.2	-0.03383059	0	
382.4	-0.03371325	0	
382.6	-0.03367625	0	
382.8	-0.03415933	0	
383	-0.03400108	0	
383.2	-0.033891	0	
383.4	-0.03379627	0	
383.6	-0.03370696	0	
383.8	-0.0341538	0	
384	-0.03404095	0	
384.2	-0.03375701	0	
384.4	-0.03367911	0	
384.6	-0.03322305	0	
384.8	-0.03344807	0	
385	-0.03348288	0	
385.2	-0.03388894	0	
385.4	-0.03399895	0	
385.6	-0.03434177	0	
385.8	-0.03442014	0	
386	-0.03445855	0	
386.2	-0.0344092	0	
386.4	-0.03440894	0	
386.6	-0.03481577	0	
386.8	-0.03494502	0	
387	-0.03493456	0	
387.2	-0.03512279	0	
387.4	-0.03542697	0	
387.6	-0.03567383	0	
387.8	-0.03590001	0	
388	-0.03543605	0	
388.2	-0.03548022	0	
388.4	-0.03543067	0	
388.6	-0.03573588	0	
388.8	-0.0358358	0	
389	-0.03583851	0	
389.2	-0.0362258	0	
389.4	-0.03586755	0	
389.6	-0.03564948	0	
389.8	-0.03552125	0	
390	-0.0354685	0	
390.2	-0.03501133	0	
390.4	-0.03489286	0	
390.6	-0.0350105	0	
390.8	-0.03499578	0	
391	-0.03504529	0	
391.2	-0.03479132	0	
391.4	-0.03471082	0	
391.6	-0.03431142	0	
391.8	-0.0341758	0	
392	-0.03380777	0	
392.2	-0.0338243	0	
392.4	-0.03363149	0	
392.6	-0.03357988	0	
392.8	-0.03340756	0	
393	-0.03329563	0	
393.2	-0.03334648	0	
393.4	-0.03283419	0	
393.6	-0.03289724	0	
393.8	-0.03306902	0	
394	-0.03292376	0	
394.2	-0.03296384	0	
394.4	-0.03329455	0	
394.6	-0.03363819	0	
394.8	-0.03372869	0	
395	-0.03365156	0	
395.2	-0.0335835	0	
395.4	-0.0337049	0	
395.6	-0.03351152	0	
395.8	-0.03336146	0	
396	-0.03346435	0	
396.2	-0.03366366	0	
396.4	-0.03392657	0	
396.6	-0.0341238	0	
396.8	-0.03458421	0	
397	-0.03446197	0	
397.2	-0.03467668	0	
397.4	-0.03483966	0	
397.6	-0.03528331	0	
397.8	-0.03521776	0	
398	-0.03539598	0	
398.2	-0.03563731	0	
398.4	-0.03582281	0	
398.6	-0.03568987	0	
398.8	-0.03568484	0	
399	-0.03558487	0	
399.2	-0.03543452	0	
399.4	-0.03501814	0	
399.6	-0.03488251	0	
399.8	-0.03475755	0	
400	-0.03472184	0	
400.2	-0.03462056	0	
400.4	-0.03450028	0	
400.6	-0.03440094	0	
400.8	-0.03444018	0	
401	-0.03435287	0	
401.2	-0.03457648	0	
401.4	-0.03454342	0	
401.6	-0.03464712	0	
401.8	-0.03460062	0	
402	-0.03493994	0	
402.2	-0.03462926	0	
402.4	-0.03432896	0	
402.6	-0.03425248	0	
402.8	-0.03431461	0	
403	-0.03421761	0	
403.2	-0.03432276	0	
403.4	-0.03432365	0	
403.6	-0.03440003	0	
403.8	-0.03439649	0	
404	-0.03445561	0	
404.2	-0.03519835	0	
404.4	-0.03515935	0	
404.6	-0.03547055	0	
404.8	-0.03544881	0	
405	-0.03535077	0	
405.2	-0.03531517	0	
405.4	-0.03549336	0	
405.6	-0.03559993	0	
405.8	-0.03578666	0	
406	-0.03575573	0	
406.2	-0.0353031	0	
406.4	-0.03516648	0	
406.6	-0.03533888	0	
406.8	-0.03572073	0	
407	-0.03597297	0	
407.2	-0.03618852	0	
407.4	-0.03632173	0	
407.6	-0.03642349	0	
407.8	-0.03662686	0	
408	-0.0365253	0	
408.2	-0.03684267	0	
408.4	-0.03630684	0	
408.6	-0.03582374	0	
408.8	-0.03534065	0	
409	-0.0351343	0	
409.2	-0.03508583	0	
409.4	-0.03531317	0	
409.6	-0.03484024	0	
409.8	-0.03479253	0	
410	-0.03446844	0	
410.2	-0.03401806	0	
410.4	-0.03413078	0	
410.6	-0.03454209	0	
410.8	-0.03483619	0	
411	-0.03500977	0	
411.2	-0.03495886	0	
411.4	-0.03520951	0	
411.6	-0.03515848	0	
411.8	-0.03480365	0	
412	-0.03458318	0	
412.2	-0.03489952	0	
412.4	-0.03456458	0	
412.6	-0.03442146	0	
412.8	-0.03472545	0	
413	-0.03500348	0	
413.2	-0.03529708	0	
413.4	-0.03551071	0	
413.6	-0.0353429	0	
413.8	-0.03579627	0	
414	-0.03586375	0	
414.2	-0.03613909	0	
414.4	-0.03644945	0	
414.6	-0.03689568	0	
414.8	-0.03686922	0	
415	-0.03709625	0	
415.2	-0.03659918	0	
415.4	-0.0366622	0	
415.6	-0.03620924	0	
415.8	-0.03595734	0	
416	-0.03613283	0	
416.2	-0.03609003	0	
416.4	-0.03594213	0	
416.6	-0.03587875	0	
416.8	-0.0357717	0	
417	-0.03599011	0	
417.2	-0.0360843	0	
417.4	-0.03616149	0	
417.6	-0.03619156	0	
417.8	-0.03627502	0	
418	-0.0362116	0	
418.2	-0.0362286	0	
418.4	-0.03612437	0	
418.6	-0.03614987	0	
418.8	-0.03587316	0	
419	-0.03580659	0	
419.2	-0.03551226	0	
419.4	-0.03564953	0	
419.6	-0.03555183	0	
419.8	-0.0356753	0	
420	-0.04848508	0	
420.2	-0.04640835	0	
420.4	-0.04422694	0	
420.6	-0.0420966	0	
420.8	-0.03966208	0	
421	-0.03757469	0	
421.2	-0.03554042	0	
421.4	-0.03348026	0	
421.6	-0.03214455	0	
421.8	-0.03066091	0	
422	-0.02991132	0	
422.2	-0.02960824	0	
422.4	-0.02896623	0	
422.6	-0.02857507	0	
422.8	-0.02812889	0	
423	-0.02752158	0	
423.2	-0.02723393	0	
423.4	-0.0266807	0	
423.6	-0.02608144	0	
423.8	-0.02531061	0	
424	-0.02506725	0	
424.2	-0.02467122	0	
424.4	-0.02430517	0	
424.6	-0.02370466	0	
424.8	-0.02339639	0	
425	-0.02301955	0	
425.2	-0.02256149	0	
425.4	-0.02226669	0	
425.6	-0.02238459	0	
425.8	-0.02179391	0	
426	-0.0218965	0	
426.2	-0.02174276	0	
426.4	-0.0214147	0	
426.6	-0.02150503	0	
426.8	-0.02140031	0	
427	-0.0208894	0	
427.2	-0.0206564	0	
427.4	-0.02032973	0	
427.6	-0.01992091	0	
427.8	-0.01967986	0	
428	-0.0198312	0	
428.2	-0.01945522	0	
428.4	-0.01927179	0	
428.6	-0.01889877	0	
428.8	-0.01901681	0	
429	-0.0185216	0	
429.2	-0.01849687	0	
429.4	-0.01863813	0	
429.6	-0.01827179	0	
429.8	-0.01793007	0	
430	-0.0176428	0	
430.2	-0.01737721	0	
430.4	-0.01724553	0	
430.6	-0.01712425	0	
430.8	-0.01681805	0	
431	-0.01646936	0	
431.2	-0.0165596	0	
431.4	-0.01643104	0	
431.6	-0.01646953	0	
431.8	-0.0166096	0	
432	-0.0167505	0	
432.2	-0.01689253	0	
432.4	-0.01728337	0	
432.6	-0.01724842	0	
432.8	-0.01740261	0	
433	-0.01740893	0	
433.2	-0.01766348	0	
433.4	-0.01745029	0	
433.6	-0.01694467	0	
433.8	-0.01693908	0	
434	-0.01682989	0	
434.2	-0.0170276	0	
434.4	-0.01674104	0	
434.6	-0.01654373	0	
434.8	-0.01637602	0	
435	-0.01681261	0	
435.2	-0.01667044	0	
435.4	-0.01678054	0	
435.6	-0.01688736	0	
435.8	-0.01700882	0	
436	-0.01730829	0	
436.2	-0.01748924	0	
436.4	-0.01724793	0	
436.6	-0.01686187	0	
436.8	-0.0163452	0	
437	-0.01620719	0	
437.2	-0.01563232	0	
437.4	-0.01504325	0	
437.6	-0.01473442	0	
437.8	-0.01447438	0	
438	-0.01409129	0	
438.2	-0.01392874	0	
438.4	-0.01367801	0	
438.6	-0.01401714	0	
438.8	-0.01375544	0	
439	-0.01414824	0	
439.2	-0.0137585	0	
439.4	-0.01420084	0	
439.6	-0.01431928	0	
439.8	-0.01456954	0	
440	-0.01500756	0	
440.2	-0.01489723	0	
440.4	-0.01464731	0	
440.6	-0.01452138	0	
440.8	-0.01427336	0	
441	-0.01428498	0	
441.2	-0.01407603	0	
441.4	-0.01408036	0	
441.6	-0.01396765	0	
441.8	-0.01363998	0	
442	-0.01367939	0	
442.2	-0.0138504	0	
442.4	-0.01406225	0	
442.6	-0.0144293	0	
442.8	-0.01430534	0	
443	-0.01466917	0	
443.2	-0.01457609	0	
443.4	-0.01466732	0	
443.6	-0.01450674	0	
443.8	-0.01447116	0	
444	-0.01434439	0	
444.2	-0.01398487	0	
444.4	-0.0139958	0	
444.6	-0.01382475	0	
444.8	-0.01332142	0	
445	-0.01335332	0	
445.2	-0.01317031	0	
445.4	-0.01287712	0	
445.6	-0.0124919	0	
445.8	-0.01210777	0	
446	-0.01209239	0	
446.2	-0.01223138	0	
446.4	-0.012434	0	
446.6	-0.01278869	0	
446.8	-0.01246882	0	
447	-0.01247059	0	
447.2	-0.01266715	0	
447.4	-0.01282073	0	
447.6	-0.01256436	0	
447.8	-0.01255727	0	
448	-0.01290585	0	
448.2	-0.01311604	0	
448.4	-0.01313705	0	
448.6	-0.01293123	0	
448.8	-0.0130869	0	
449	-0.01313277	0	
449.2	-0.01308078	0	
449.4	-0.01281897	0	
449.6	-0.01291101	0	
449.8	-0.01314534	0	
450	-0.01339692	0	
450.2	-0.01386074	0	
450.4	-0.01386278	0	
450.6	-0.01414756	0	
450.8	-0.01408041	0	
451	-0.0140824	0	
451.2	-0.01409305	0	
451.4	-0.01389334	0	
451.6	-0.01366751	0	
451.8	-0.01371938	0	
452	-0.01378738	0	
452.2	-0.01370481	0	
452.4	-0.01363893	0	
452.6	-0.0136066	0	
452.8	-0.01372016	0	
453	-0.01356126	0	
453.2	-0.01360468	0	
453.4	-0.01348183	0	
453.6	-0.01385134	0	
453.8	-0.01369294	0	
454	-0.01364712	0	
454.2	-0.01359252	0	
454.4	-0.01343346	0	
454.6	-0.0135672	0	
454.8	-0.01300961	0	
455	-0.01267454	0	
455.2	-0.01236714	0	
455.4	-0.01245142	0	
455.6	-0.01285723	0	
455.8	-0.01272358	0	
456	-0.01287301	0	
456.2	-0.01303585	0	
456.4	-0.01301843	0	
456.6	-0.01288082	0	
456.8	-0.0129889	0	
457	-0.01293642	0	
457.2	-0.01271464	0	
457.4	-0.01264314	0	
457.6	-0.01246861	0	
457.8	-0.01223012	0	
458	-0.01227356	0	
458.2	-0.01220409	0	
458.4	-0.0122307	0	
458.6	-0.0122677	0	
458.8	-0.01229072	0	
459	-0.01267825	0	
459.2	-0.01236028	0	
459.4	-0.01251828	0	
459.6	-0.01270535	0	
459.8	-0.01250521	0	
460	-0.01252446	0	
460.2	-0.01238702	0	
460.4	-0.01247701	0	
460.6	-0.01254725	0	
460.8	-0.01278123	0	
461	-0.01267968	0	
461.2	-0.01235679	0	
461.4	-0.0124326	0	
461.6	-0.01242417	0	
461.8	-0.01263021	0	
462	-0.01276462	0	
462.2	-0.01295532	0	
462.4	-0.01303571	0	
462.6	-0.01339828	0	
462.8	-0.0133907	0	
463	-0.0132033	0	
463.2	-0.0131118	0	
463.4	-0.01336775	0	
463.6	-0.01335383	0	
463.8	-0.0134902	0	
464	-0.01364689	0	
464.2	-0.0136643	0	
464.4	-0.01377778	0	
464.6	-0.01382352	0	
464.8	-0.01362887	0	
465	-0.01337631	0	
465.2	-0.01317429	0	
465.4	-0.01349515	0	
465.6	-0.01317453	0	
465.8	-0.01316016	0	
466	-0.01310261	0	
466.2	-0.01289883	0	
466.4	-0.01262686	0	
466.6	-0.01272584	0	
466.8	-0.01206885	0	
467	-0.01213459	0	
467.2	-0.01207933	0	
467.4	-0.01185741	0	
467.6	-0.01150149	0	
467.8	-0.01145665	0	
468	-0.01134784	0	
468.2	-0.01116991	0	
468.4	-0.01125724	0	
468.6	-0.0115019	0	
468.8	-0.01195246	0	
469	-0.01231255	0	
469.2	-0.01290538	0	
469.4	-0.01317004	0	
469.6	-0.01330831	0	
469.8	-0.01391046	0	
470	-0.01397399	0	
470.2	-0.01412593	0	
470.4	-0.01458944	0	
470.6	-0.01470102	0	
470.8	-0.01434219	0	
471	-0.01437073	0	
471.2	-0.014262	0	
471.4	-0.01421177	0	
471.6	-0.01391355	0	
471.8	-0.01378183	0	
472	-0.01369393	0	
472.2	-0.01305232	0	
472.4	-0.01270664	0	
472.6	-0.01256341	0	
472.8	-0.01249053	0	
473	-0.01236331	0	
473.2	-0.0124672	0	
473.4	-0.01262277	0	
473.6	-0.01271228	0	
473.8	-0.01290887	0	
474	-0.01252261	0	
474.2	-0.01263579	0	
474.4	-0.01291451	0	
474.6	-0.01283334	0	
474.8	-0.01294164	0	
475	-0.01291745	0	
475.2	-0.01308197	0	
475.4	-0.01330032	0	
475.6	-0.0133125	0	
475.8	-0.01325672	0	
476	-0.01329927	0	
476.2	-0.01274542	0	
476.4	-0.01289923	0	
476.6	-0.01308028	0	
476.8	-0.01326726	0	
477	-0.01356997	0	
477.2	-0.01370323	0	
477.4	-0.01381315	0	
477.6	-0.01379484	0	
477.8	-0.01392687	0	
478	-0.0139019	0	
478.2	-0.01429532	0	
478.4	-0.01498982	0	
478.6	-0.01479682	0	
478.8	-0.01462701	0	
479	-0.01428254	0	
479.2	-0.01445606	0	
479.4	-0.0145443	0	
479.6	-0.01482099	0	
479.8	-0.01479845	0	
480	-0.01504734	0	
480.2	-0.01472832	0	
480.4	-0.01461458	0	
480.6	-0.01438446	0	
480.8	-0.01441724	0	
481	-0.01395548	0	
481.2	-0.01388083	0	
481.4	-0.01373919	0	
481.6	-0.01377061	0	
481.8	-0.0134387	0	
482	-0.01344723	0	
482.2	-0.01356172	0	
482.4	-0.01351005	0	
482.6	-0.01319436	0	
482.8	-0.01302227	0	
483	-0.01316148	0	
483.2	-0.01334058	0	
483.4	-0.01330379	0	
483.6	-0.01367805	0	
483.8	-0.01345018	0	
484	-0.01338237	0	
484.2	-0.01368894	0	
484.4	-0.01411352	0	
484.6	-0.01398956	0	
484.8	-0.01431516	0	
485	-0.01409058	0	
485.2	-0.01448238	0	
485.4	-0.01440737	0	
485.6	-0.0141977	0	
485.8	-0.01408708	0	
486	-0.0143047	0	
486.2	-0.01454084	0	
486.4	-0.01437798	0	
486.6	-0.01456113	0	
486.8	-0.01415677	0	
487	-0.01417642	0	
487.2	-0.01379777	0	
487.4	-0.01360121	0	
487.6	-0.01362294	0	
487.8	-0.0134085	0	
488	-0.01340504	0	
488.2	-0.01366381	0	
488.4	-0.01364301	0	
488.6	-0.01355202	0	
488.8	-0.01384072	0	
489	-0.01367181	0	
489.2	-0.01388083	0	
489.4	-0.0135642	0	
489.6	-0.01369215	0	
489.8	-0.01379352	0	
490	-0.0140482	0	
490.2	-0.01406068	0	
490.4	-0.01380327	0	
490.6	-0.01377801	0	
490.8	-0.01366036	0	
491	-0.01369679	0	
491.2	-0.0136291	0	
491.4	-0.0134707	0	
491.6	-0.01358215	0	
491.8	-0.01358068	0	
492	-0.01383312	0	
492.2	-0.01389239	0	
492.4	-0.01399333	0	
492.6	-0.01401104	0	
492.8	-0.01394685	0	
493	-0.01400587	0	
493.2	-0.01420746	0	
493.4	-0.01403442	0	
493.6	-0.0145205	0	
493.8	-0.01474138	0	
494	-0.0151433	0	
494.2	-0.01522856	0	
494.4	-0.01522146	0	
494.6	-0.01530843	0	
494.8	-0.01532039	0	
495	-0.01489296	0	
495.2	-0.01477088	0	
495.4	-0.01469398	0	
495.6	-0.01537847	0	
495.8	-0.01554405	0	
496	-0.01557136	0	
496.2	-0.01516201	0	
496.4	-0.01491951	0	
496.6	-0.01468606	0	
496.8	-0.01448274	0	
497	-0.01424434	0	
497.2	-0.01390044	0	
497.4	-0.01406146	0	
497.6	-0.01412223	0	
497.8	-0.0141179	0	
498	-0.01400078	0	
498.2	-0.0142171	0	
498.4	-0.0140703	0	
498.6	-0.01383603	0	
498.8	-0.01363774	0	
499	-0.01364425	0	
499.2	-0.01378632	0	
499.4	-0.01384847	0	
499.6	-0.01405124	0	
499.8	-0.01394577	0	
500	-0.01391113	0	
500.2	-0.01389089	0	
500.4	-0.01403174	0	
500.6	-0.01411913	0	
500.8	-0.01382726	0	
501	-0.01395872	0	
501.2	-0.01425349	0	
501.4	-0.01442215	0	
501.6	-0.01460094	0	
501.8	-0.0147958	0	
502	-0.01506892	0	
502.2	-0.01559668	0	
502.4	-0.01563991	0	
502.6	-0.01573235	0	
502.8	-0.01568377	0	
503	-0.01563433	0	
503.2	-0.01497511	0	
503.4	-0.01443479	0	
503.6	-0.0142998	0	
503.8	-0.01397262	0	
504	-0.01396236	0	
504.2	-0.01384999	0	
504.4	-0.01391112	0	
504.6	-0.01361673	0	
504.8	-0.01330702	0	
505	-0.01360857	0	
505.2	-0.01360725	0	
505.4	-0.01338016	0	
505.6	-0.01346477	0	
505.8	-0.01348145	0	
506	-0.01368248	0	
506.2	-0.01419526	0	
506.4	-0.01425583	0	
506.6	-0.01432012	0	
506.8	-0.01433481	0	
507	-0.01432574	0	
507.2	-0.01407239	0	
507.4	-0.01379391	0	
507.6	-0.01404416	0	
507.8	-0.01409651	0	
508	-0.01447324	0	
508.2	-0.01439614	0	
508.4	-0.0146898	0	
508.6	-0.01462157	0	
508.8	-0.01464257	0	
509	-0.01467228	0	
509.2	-0.01433937	0	
509.4	-0.01426017	0	
509.6	-0.01454558	0	
509.8	-0.01490438	0	
510	-0.01498165	0	
510.2	-0.01524184	0	
510.4	-0.01520728	0	
510.6	-0.0154291	0	
510.8	-0.01552242	0	
511	-0.01538042	0	
511.2	-0.01564049	0	
511.4	-0.01549786	0	
511.6	-0.01536844	0	
511.8	-0.0154371	0	
512	-0.01547857	0	
512.2	-0.01528436	0	
512.4	-0.01536607	0	
512.6	-0.01496932	0	
512.8	-0.01475126	0	
513	-0.01474486	0	
513.2	-0.01421383	0	
513.4	-0.01425745	0	
513.6	-0.01423059	0	
513.8	-0.01403108	0	
514	-0.01397168	0	
514.2	-0.01420834	0	
514.4	-0.01428856	0	
514.6	-0.0140837	0	
514.8	-0.01379777	0	
515	-0.01375277	0	
515.2	-0.01412195	0	
515.4	-0.01395805	0	
515.6	-0.01404703	0	
515.8	-0.01438351	0	
516	-0.01434506	0	
516.2	-0.01423357	0	
516.4	-0.0142732	0	
516.6	-0.01430258	0	
516.8	-0.01469968	0	
517	-0.01460564	0	
517.2	-0.01446507	0	
517.4	-0.01498012	0	
517.6	-0.01534086	0	
517.8	-0.01530593	0	
518	-0.01524966	0	
518.2	-0.01560272	0	
518.4	-0.01533639	0	
518.6	-0.01500093	0	
518.8	-0.01493621	0	
519	-0.01504589	0	
519.2	-0.0151253	0	
519.4	-0.01523079	0	
519.6	-0.01534244	0	
519.8	-0.01501088	0	
520	-0.01511954	0	
520.2	-0.01511378	0	
520.4	-0.01533571	0	
520.6	-0.01559597	0	
520.8	-0.01572715	0	
521	-0.01549078	0	
521.2	-0.01573385	0	
521.4	-0.01542796	0	
521.6	-0.01540098	0	
521.8	-0.01505709	0	
522	-0.01473068	0	
522.2	-0.01468084	0	
522.4	-0.01441481	0	
522.6	-0.01477033	0	
522.8	-0.0149576	0	
523	-0.01524334	0	
523.2	-0.01551007	0	
523.4	-0.01590573	0	
523.6	-0.01588155	0	
523.8	-0.01595216	0	
524	-0.01645789	0	
524.2	-0.01622401	0	
524.4	-0.01619075	0	
524.6	-0.01583063	0	
524.8	-0.01552703	0	
525	-0.0153178	0	
525.2	-0.01524743	0	
525.4	-0.01513726	0	
525.6	-0.01541423	0	
525.8	-0.01501507	0	
526	-0.01469451	0	
526.2	-0.01484392	0	
526.4	-0.01533511	0	
526.6	-0.01559501	0	
526.8	-0.01557474	0	
527	-0.01600232	0	
527.2	-0.0160815	0	
527.4	-0.01630637	0	
527.6	-0.01630125	0	
527.8	-0.01660251	0	
528	-0.0168188	0	
528.2	-0.01632295	0	
528.4	-0.01638477	0	
528.6	-0.01638429	0	
528.8	-0.01665711	0	
529	-0.01667574	0	
529.2	-0.01672852	0	
529.4	-0.01698134	0	
529.6	-0.01660489	0	
529.8	-0.01603223	0	
530	-0.01570628	0	
530.2	-0.01532461	0	
530.4	-0.01512701	0	
530.6	-0.01472543	0	
530.8	-0.01482396	0	
531	-0.01480136	0	
531.2	-0.01439425	0	
531.4	-0.01480864	0	
531.6	-0.01469516	0	
531.8	-0.01486082	0	
532	-0.01530935	0	
532.2	-0.01517672	0	
532.4	-0.01519063	0	
532.6	-0.01529467	0	
532.8	-0.01532045	0	
533	-0.01529679	0	
533.2	-0.01505888	0	
533.4	-0.01488964	0	
533.6	-0.01466194	0	
533.8	-0.01456201	0	
534	-0.01457498	0	
534.2	-0.01446023	0	
534.4	-0.01494394	0	
534.6	-0.01523536	0	
534.8	-0.01544522	0	
535	-0.01541307	0	
535.2	-0.01540814	0	
535.4	-0.01598054	0	
535.6	-0.01614262	0	
535.8	-0.01652788	0	
536	-0.0168883	0	
536.2	-0.01641445	0	
536.4	-0.01628068	0	
536.6	-0.01648624	0	
536.8	-0.0165617	0	
537	-0.01642381	0	
537.2	-0.01604828	0	
537.4	-0.0164228	0	
537.6	-0.01675173	0	
537.8	-0.01676005	0	
538	-0.01675895	0	
538.2	-0.01677433	0	
538.4	-0.01705175	0	
538.6	-0.0168714	0	
538.8	-0.01666963	0	
539	-0.01653747	0	
539.2	-0.01633087	0	
539.4	-0.01645045	0	
539.6	-0.01643778	0	
539.8	-0.01622067	0	
