Conc1	3E-07	
Start1	240	
Stop1	479.8	
Kobs	0.0016867676463781	
Error Kobs	9.85346487724176E-06	
Koff	0	
Error Koff	0	
Time1	Data1	Fit1	
240	0.03288156	0	
240.2	0.04368773	0.0237152	
240.4	0.05653062	0.04715191	
240.6	0.0715964	0.07031341	
240.8	0.08824105	0.09320291	
241	0.10672289	0.11582362	
241.2	0.12673176	0.1381787	
241.4	0.14754071	0.16027125	
241.6	0.16937667	0.18210437	
241.8	0.19133823	0.2036811	
242	0.21251968	0.22500446	
242.2	0.2330498	0.24607741	
242.4	0.25309556	0.2669029	
242.6	0.27250491	0.28748383	
242.8	0.29208365	0.30782308	
243	0.31136879	0.32792348	
243.2	0.33033308	0.34778785	
243.4	0.3492413	0.36741894	
243.6	0.36797901	0.3868195	
243.8	0.38676548	0.40599224	
244	0.4057086	0.42493983	
244.2	0.42398093	0.44366492	
244.4	0.44250681	0.46217012	
244.6	0.46083326	0.48045801	
244.8	0.47889534	0.49853114	
245	0.49685518	0.51639204	
245.2	0.51463156	0.5340432	
245.4	0.53242589	0.55148707	
245.6	0.55020622	0.5687261	
245.8	0.56759344	0.58576269	
246	0.58505807	0.60259922	
246.2	0.60219427	0.61923804	
246.4	0.61896888	0.63568146	
246.6	0.6354425	0.65193179	
246.8	0.65231145	0.66799129	
247	0.6686752	0.6838622	
247.2	0.6848572	0.69954673	
247.4	0.70107951	0.71504708	
247.6	0.71714549	0.73036541	
247.8	0.7329596	0.74550386	
248	0.74850415	0.76046453	
248.2	0.7637396	0.77524951	
248.4	0.77943256	0.78986088	
248.6	0.7946576	0.80430066	
248.8	0.81012821	0.81857088	
249	0.82501702	0.83267351	
249.2	0.83984113	0.84661054	
249.4	0.85467266	0.86038391	
249.6	0.86907797	0.87399553	
249.8	0.8835962	0.88744731	
250	0.89795033	0.90074112	
250.2	0.91158935	0.91387883	
250.4	0.92494627	0.92686225	
250.6	0.93869248	0.93969321	
250.8	0.95206148	0.9523735	
251	0.96501103	0.96490488	
251.2	0.97793528	0.9772891	
251.4	0.9907121	0.98952789	
251.6	1.00326064	1.00162296	
251.8	1.01596602	1.013576	
252	1.02820253	1.02538867	
252.2	1.04019756	1.03706262	
252.4	1.05264014	1.04859949	
252.6	1.06483901	1.06000088	
252.8	1.07676806	1.07126838	
253	1.08838263	1.08240356	
253.2	1.10022682	1.09340798	
253.4	1.11215791	1.10428318	
253.6	1.12378913	1.11503066	
253.8	1.13529863	1.12565194	
254	1.14647319	1.13614849	
254.2	1.15747748	1.14652178	
254.4	1.16815603	1.15677326	
254.6	1.17937558	1.16690435	
254.8	1.18931917	1.17691647	
255	1.1994062	1.18681102	
255.2	1.20947239	1.19658937	
255.4	1.21922689	1.2062529	
255.6	1.22890558	1.21580294	
255.8	1.23867649	1.22524084	
256	1.24802048	1.23456791	
256.2	1.25708567	1.24378545	
256.4	1.26649905	1.25289475	
256.6	1.27562997	1.26189707	
256.8	1.28471226	1.27079368	
257	1.29378661	1.27958582	
257.2	1.30293301	1.28827471	
257.4	1.31198854	1.29686157	
257.6	1.32029002	1.30534759	
257.8	1.32853433	1.31373395	
258	1.33700101	1.32202184	
258.2	1.34506918	1.3302124	
258.4	1.35312664	1.33830677	
258.6	1.36082603	1.3463061	
258.8	1.36840157	1.35421148	
259	1.37619741	1.36202403	
259.2	1.3838102	1.36974484	
259.4	1.39128148	1.37737499	
259.6	1.39898955	1.38491553	
259.8	1.4063966	1.39236752	
260	1.41370841	1.399732	
260.2	1.42070522	1.40701	
260.4	1.42791215	1.41420254	
260.6	1.43515591	1.42131061	
260.8	1.44192674	1.42833521	
261	1.44871855	1.43527732	
261.2	1.45529002	1.44213791	
261.4	1.46195838	1.44891793	
261.6	1.46809506	1.45561833	
261.8	1.47420272	1.46224005	
262	1.48049746	1.46878402	
262.2	1.48623988	1.47525113	
262.4	1.49250657	1.4816423	
262.6	1.49848141	1.48795842	
262.8	1.50485995	1.49420037	
263	1.51087166	1.50036902	
263.2	1.51703263	1.50646523	
263.4	1.52295989	1.51248985	
263.6	1.5287263	1.51844372	
263.8	1.5342353	1.52432768	
264	1.53959811	1.53014254	
264.2	1.54475051	1.53588911	
264.4	1.55012897	1.54156821	
264.6	1.55506834	1.54718061	
264.8	1.56000146	1.5527271	
265	1.56520312	1.55820847	
265.2	1.56984901	1.56362546	
265.4	1.57469095	1.56897884	
265.6	1.57959821	1.57426936	
265.8	1.58421494	1.57949775	
266	1.5887978	1.58466474	
266.2	1.59301548	1.58977106	
266.4	1.59754116	1.59481741	
266.6	1.60202134	1.5998045	
266.8	1.60656129	1.60473303	
267	1.61108197	1.60960368	
267.2	1.61521694	1.61441713	
267.4	1.61923624	1.61917406	
267.6	1.62335818	1.62387513	
267.8	1.62728192	1.628521	
268	1.63132311	1.6331123	
268.2	1.63550356	1.63764969	
268.4	1.6392924	1.6421338	
268.6	1.64339852	1.64656525	
268.8	1.64793207	1.65094466	
269	1.65179983	1.65527265	
269.2	1.65555546	1.6595498	
269.4	1.65962704	1.66377674	
269.6	1.66412211	1.66795403	
269.8	1.66770635	1.67208227	
270	1.67128999	1.67616203	
270.2	1.67517108	1.68019389	
270.4	1.67910844	1.68417839	
270.6	1.68305635	1.68811611	
270.8	1.68640289	1.69200758	
271	1.68931774	1.69585336	
271.2	1.69247326	1.69965398	
271.4	1.69556896	1.70340996	
271.6	1.69870262	1.70712184	
271.8	1.70191204	1.71079013	
272	1.70485627	1.71441534	
272.2	1.70772556	1.71799798	
272.4	1.7108428	1.72153855	
272.6	1.7141392	1.72503754	
272.8	1.71702721	1.72849544	
273	1.71987185	1.73191274	
273.2	1.72311746	1.73528991	
273.4	1.72619954	1.73862741	
273.6	1.72932115	1.74192573	
273.8	1.73196093	1.74518531	
274	1.73469658	1.74840662	
274.2	1.7375532	1.7515901	
274.4	1.74000524	1.75473619	
274.6	1.74255916	1.75784534	
274.8	1.74471154	1.76091797	
275	1.74714245	1.76395453	
275.2	1.75025716	1.76695543	
275.4	1.75244545	1.76992108	
275.6	1.75506286	1.77285191	
275.8	1.75730032	1.77574833	
276	1.75989139	1.77861073	
276.2	1.76249525	1.78143951	
276.4	1.76562542	1.78423508	
276.6	1.7683424	1.78699782	
276.8	1.77082924	1.78972812	
277	1.77339781	1.79242635	
277.2	1.77556636	1.7950929	
277.4	1.77751987	1.79772814	
277.6	1.77947297	1.80033243	
277.8	1.78180737	1.80290613	
278	1.78368299	1.80544962	
278.2	1.78579419	1.80796323	
278.4	1.78799423	1.81044733	
278.6	1.79009114	1.81290226	
278.8	1.79243832	1.81532835	
279	1.79475039	1.81772596	
279.2	1.79678289	1.82009541	
279.4	1.79836778	1.82243704	
279.6	1.80035977	1.82475117	
279.8	1.80213518	1.82703813	
280	1.8042884	1.82929823	
280.2	1.80602458	1.83153178	
280.4	1.80841577	1.83373911	
280.6	1.81023898	1.83592052	
280.8	1.81217572	1.83807631	
281	1.81408011	1.84020679	
281.2	1.81562435	1.84231225	
281.4	1.81747799	1.84439298	
281.6	1.81945178	1.84644928	
281.8	1.82170817	1.84848143	
282	1.82332634	1.85048972	
282.2	1.82497169	1.85247442	
282.4	1.82713711	1.85443582	
282.6	1.82888886	1.85637419	
282.8	1.83088376	1.85828979	
283	1.83253274	1.8601829	
283.2	1.83407377	1.86205377	
283.4	1.83524857	1.86390268	
283.6	1.83655451	1.86572987	
283.8	1.83769776	1.86753561	
284	1.83901242	1.86932015	
284.2	1.84075878	1.87108372	
284.4	1.84245317	1.87282659	
284.6	1.84419756	1.87454899	
284.8	1.84570666	1.87625116	
285	1.84749032	1.87793335	
285.2	1.84910422	1.87959578	
285.4	1.85050767	1.88123869	
285.6	1.8521827	1.8828623	
285.8	1.8532781	1.88446685	
286	1.85483972	1.88605256	
286.2	1.85652108	1.88761965	
286.4	1.85821877	1.88916833	
286.6	1.85951295	1.89069883	
286.8	1.86122686	1.89221135	
287	1.86267622	1.89370611	
287.2	1.86366157	1.89518332	
287.4	1.86466439	1.89664319	
287.6	1.86614843	1.89808591	
287.8	1.86740843	1.89951168	
288	1.8689909	1.90092072	
288.2	1.87037592	1.90231321	
288.4	1.87177016	1.90368934	
288.6	1.87308586	1.90504932	
288.8	1.87426904	1.90639332	
289	1.87574183	1.90772154	
289.2	1.87686376	1.90903417	
289.4	1.87795768	1.91033138	
289.6	1.87914509	1.91161336	
289.8	1.88003696	1.91288028	
290	1.88168353	1.91413233	
290.2	1.88283152	1.91536967	
290.4	1.88370649	1.91659248	
290.6	1.88469776	1.91780093	
290.8	1.88590389	1.9189952	
291	1.88691148	1.92017543	
291.2	1.88803888	1.92134181	
291.4	1.88946188	1.92249449	
291.6	1.89079474	1.92363364	
291.8	1.89162058	1.9247594	
292	1.8929514	1.92587195	
292.2	1.8937824	1.92697143	
292.4	1.89533467	1.92805801	
292.6	1.89646152	1.92913182	
292.8	1.89770302	1.93019302	
293	1.89891847	1.93124176	
293.2	1.90018662	1.93227818	
293.4	1.90158669	1.93330244	
293.6	1.90271332	1.93431466	
293.8	1.9038666	1.935315	
294	1.90510127	1.93630359	
294.2	1.90595855	1.93728058	
294.4	1.90695241	1.93824609	
294.6	1.9079299	1.93920026	
294.8	1.90895277	1.94014323	
295	1.90992049	1.94107512	
295.2	1.91092114	1.94199607	
295.4	1.9115471	1.94290621	
295.6	1.91203087	1.94380565	
295.8	1.91269858	1.94469454	
296	1.91343266	1.94557299	
296.2	1.91412307	1.94644112	
296.4	1.91546918	1.94729905	
296.6	1.91592591	1.94814692	
296.8	1.91649179	1.94898482	
297	1.9176392	1.94981289	
297.2	1.91841001	1.95063123	
297.4	1.91944793	1.95143996	
297.6	1.92022743	1.9522392	
297.8	1.92084919	1.95302905	
298	1.92195789	1.95380962	
298.2	1.92284986	1.95458103	
298.4	1.92359943	1.95534338	
298.6	1.92467752	1.95609677	
298.8	1.92562593	1.95684132	
299	1.92669473	1.95757713	
299.2	1.92770535	1.9583043	
299.4	1.92851651	1.95902292	
299.6	1.9291574	1.95973311	
299.8	1.93029992	1.96043496	
300	1.93083371	1.96112856	
300.2	1.93167602	1.96181402	
300.4	1.93284344	1.96249143	
300.6	1.93345167	1.96316089	
300.8	1.93394684	1.96382249	
301	1.93484102	1.96447631	
301.2	1.93531611	1.96512246	
301.4	1.93614585	1.96576102	
301.6	1.9366817	1.96639208	
301.8	1.93727761	1.96701573	
302	1.93837216	1.96763206	
302.2	1.93909046	1.96824115	
302.4	1.93989466	1.96884308	
302.6	1.94086415	1.96943795	
302.8	1.94160569	1.97002583	
303	1.94230368	1.97060681	
303.2	1.94319761	1.97118097	
303.4	1.94406877	1.97174838	
303.6	1.94496005	1.97230914	
303.8	1.945824	1.9728633	
304	1.94620798	1.97341096	
304.2	1.94700369	1.97395219	
304.4	1.94791904	1.97448706	
304.6	1.94840499	1.97501565	
304.8	1.94890751	1.97553803	
305	1.94969601	1.97605428	
305.2	1.9503919	1.97656447	
305.4	1.95123829	1.97706866	
305.6	1.95170006	1.97756694	
305.8	1.95223116	1.97805936	
306	1.95300545	1.978546	
306.2	1.95355162	1.97902693	
306.4	1.9540452	1.9795022	
306.6	1.95417623	1.9799719	
306.8	1.95450877	1.98043608	
307	1.95507877	1.98089481	
307.2	1.95602171	1.98134816	
307.4	1.95672292	1.98179618	
307.6	1.95747829	1.98223894	
307.8	1.95804875	1.98267649	
308	1.95865002	1.98310892	
308.2	1.9593798	1.98353626	
308.4	1.96000154	1.98395858	
308.6	1.9607762	1.98437595	
308.8	1.96153212	1.98478841	
309	1.96148854	1.98519603	
309.2	1.961979	1.98559887	
309.4	1.96257787	1.98599697	
309.6	1.96301173	1.9863904	
309.8	1.96334436	1.98677921	
310	1.96395876	1.98716345	
310.2	1.96461527	1.98754318	
310.4	1.96489915	1.98791845	
310.6	1.96518543	1.98828931	
310.8	1.96580277	1.98865582	
311	1.96639292	1.98901803	
311.2	1.96721128	1.98937598	
311.4	1.96817667	1.98972973	
311.6	1.96920181	1.99007932	
311.8	1.97016898	1.99042481	
312	1.97098421	1.99076624	
312.2	1.97152321	1.99110367	
312.4	1.97201385	1.99143713	
312.6	1.97260877	1.99176667	
312.8	1.97299825	1.99209234	
313	1.9728006	1.99241419	
313.2	1.97385158	1.99273226	
313.4	1.97450822	1.9930466	
313.6	1.97508833	1.99335724	
313.8	1.97533664	1.99366424	
314	1.97574654	1.99396763	
314.2	1.97628436	1.99426746	
314.4	1.97666374	1.99456376	
314.6	1.97718194	1.99485659	
314.8	1.97765865	1.99514598	
315	1.97784161	1.99543197	
315.2	1.97880573	1.9957146	
315.4	1.97958681	1.99599392	
315.6	1.98017697	1.99626995	
315.8	1.98079143	1.99654274	
316	1.98118896	1.99681233	
316.2	1.98126742	1.99707875	
316.4	1.981443	1.99734204	
316.6	1.98177446	1.99760225	
316.8	1.98216955	1.99785939	
317	1.98240889	1.99811352	
317.2	1.98322661	1.99836466	
317.4	1.98337578	1.99861286	
317.6	1.98384979	1.99885813	
317.8	1.98415277	1.99910053	
318	1.98486188	1.99934008	
318.2	1.98531556	1.99957682	
318.4	1.98584981	1.99981078	
318.6	1.98623267	2.00004199	
318.8	1.9865583	2.00027049	
319	1.98686393	2.0004963	
319.2	1.98752821	2.00071946	
319.4	1.98776991	2.00094	
319.6	1.98797989	2.00115795	
319.8	1.98838218	2.00137334	
320	1.98842671	2.00158621	
320.2	1.98873878	2.00179657	
320.4	1.9891906	2.00200446	
320.6	1.98979121	2.00220991	
320.8	1.99005708	2.00241295	
321	1.99059501	2.0026136	
321.2	1.99093294	2.0028119	
321.4	1.99185912	2.00300787	
321.6	1.99262665	2.00320154	
321.8	1.99290546	2.00339293	
322	1.99346227	2.00358208	
322.2	1.99406779	2.003769	
322.4	1.99487282	2.00395373	
322.6	1.99521717	2.00413629	
322.8	1.99556406	2.00431671	
323	1.99578113	2.004495	
323.2	1.99625361	2.00467121	
323.4	1.9965213	2.00484534	
323.6	1.99684618	2.00501743	
323.8	1.99707079	2.0051875	
324	1.99727332	2.00535557	
324.2	1.9978899	2.00552167	
324.4	1.99818136	2.00568582	
324.6	1.99824627	2.00584804	
324.8	1.99837112	2.00600835	
325	1.99901597	2.00616679	
325.2	1.99918154	2.00632336	
325.4	1.99977742	2.00647809	
325.6	2.00004774	2.00663101	
325.8	2.0004312	2.00678213	
326	2.00106285	2.00693148	
326.2	2.00173988	2.00707907	
326.4	2.00190276	2.00722493	
326.6	2.00170367	2.00736907	
326.8	2.00210038	2.00751153	
327	2.00265068	2.00765231	
327.2	2.00320052	2.00779143	
327.4	2.00387385	2.00792893	
327.6	2.00410308	2.00806481	
327.8	2.00409643	2.00819909	
328	2.00432214	2.0083318	
328.2	2.00482213	2.00846294	
328.4	2.00495166	2.00859255	
328.6	2.00503184	2.00872064	
328.8	2.00531467	2.00884722	
329	2.00590159	2.00897232	
329.2	2.00621409	2.00909594	
329.4	2.00654815	2.00921812	
329.6	2.00725343	2.00933886	
329.8	2.00753632	2.00945818	
330	2.00793315	2.0095761	
330.2	2.00805934	2.00969264	
330.4	2.00819122	2.0098078	
330.6	2.00842449	2.00992162	
330.8	2.00917265	2.0100341	
331	2.0095373	2.01014525	
331.2	2.00993596	2.01025511	
331.4	2.01015931	2.01036367	
331.6	2.00990051	2.01047096	
331.8	2.00976527	2.01057698	
332	2.00951221	2.01068177	
332.2	2.00987906	2.01078532	
332.4	2.0100567	2.01088766	
332.6	2.01041836	2.01098879	
332.8	2.01106153	2.01108874	
333	2.01152864	2.01118751	
333.2	2.01170619	2.01128512	
333.4	2.01164339	2.01138159	
333.6	2.01212582	2.01147692	
333.8	2.01246103	2.01157114	
334	2.01305919	2.01166425	
334.2	2.01310077	2.01175626	
334.4	2.01342222	2.01184719	
334.6	2.01392367	2.01193706	
334.8	2.01428375	2.01202587	
335	2.01462473	2.01211364	
335.2	2.01477208	2.01220038	
335.4	2.01472774	2.0122861	
335.6	2.01500167	2.01237081	
335.8	2.01483044	2.01245453	
336	2.01512032	2.01253726	
336.2	2.01568893	2.01261902	
336.4	2.01602309	2.01269983	
336.6	2.01621099	2.01277968	
336.8	2.01622916	2.0128586	
337	2.01580291	2.01293659	
337.2	2.01582433	2.01301366	
337.4	2.01566805	2.01308983	
337.6	2.01576001	2.0131651	
337.8	2.01596958	2.01323949	
338	2.01629699	2.01331301	
338.2	2.01635337	2.01338566	
338.4	2.01675947	2.01345746	
338.6	2.01739029	2.01352842	
338.8	2.01798294	2.01359854	
339	2.01843454	2.01366784	
339.2	2.01866155	2.01373633	
339.4	2.01935335	2.01380401	
339.6	2.02022063	2.0138709	
339.8	2.02057946	2.013937	
340	2.02116643	2.01400232	
340.2	2.02159201	2.01406688	
340.4	2.02183284	2.01413068	
340.6	2.02211233	2.01419373	
340.8	2.02198951	2.01425605	
341	2.02195838	2.01431762	
341.2	2.02216422	2.01437848	
341.4	2.02231604	2.01443862	
341.6	2.02210067	2.01449806	
341.8	2.02260995	2.01455679	
342	2.02311217	2.01461484	
342.2	2.02328634	2.01467221	
342.4	2.02373014	2.0147289	
342.6	2.02390222	2.01478492	
342.8	2.02411725	2.01484029	
343	2.02406087	2.01489501	
343.2	2.02471046	2.01494909	
343.4	2.02523864	2.01500253	
343.6	2.02587568	2.01505534	
343.8	2.02600029	2.01510753	
344	2.02617696	2.01515911	
344.2	2.02667675	2.01521009	
344.4	2.02648388	2.01526046	
344.6	2.02680386	2.01531025	
344.8	2.02667789	2.01535945	
345	2.02716891	2.01540807	
345.2	2.0272944	2.01545612	
345.4	2.02750187	2.0155036	
345.6	2.02736103	2.01555053	
345.8	2.02786519	2.01559691	
346	2.02788689	2.01564274	
346.2	2.02796949	2.01568804	
346.4	2.02798156	2.0157328	
346.6	2.02837658	2.01577704	
346.8	2.02874304	2.01582076	
347	2.02898024	2.01586396	
347.2	2.02968315	2.01590666	
347.4	2.02995595	2.01594885	
347.6	2.02987158	2.01599055	
347.8	2.02995155	2.01603176	
348	2.0302266	2.01607249	
348.2	2.03056678	2.01611274	
348.4	2.03079066	2.01615251	
348.6	2.03139348	2.01619182	
348.8	2.03120995	2.01623067	
349	2.03147014	2.01626906	
349.2	2.03131278	2.016307	
349.4	2.03156484	2.0163445	
349.6	2.03143577	2.01638155	
349.8	2.03155056	2.01641817	
350	2.03156201	2.01645436	
350.2	2.03177637	2.01649012	
350.4	2.03205905	2.01652546	
350.6	2.03251144	2.01656039	
350.8	2.03234676	2.01659491	
351	2.03223737	2.01662903	
351.2	2.03273721	2.01666274	
351.4	2.03243861	2.01669606	
351.6	2.03238784	2.01672898	
351.8	2.03245707	2.01676152	
352	2.03267181	2.01679368	
352.2	2.03283015	2.01682546	
352.4	2.03315947	2.01685686	
352.6	2.03337204	2.0168879	
352.8	2.03327818	2.01691857	
353	2.03349421	2.01694889	
353.2	2.03376196	2.01697884	
353.4	2.03388639	2.01700845	
353.6	2.03386019	2.0170377	
353.8	2.03436401	2.01706662	
354	2.03464723	2.01709519	
354.2	2.03477516	2.01712343	
354.4	2.03522412	2.01715134	
354.6	2.03520353	2.01717892	
354.8	2.03579793	2.01720617	
355	2.0361079	2.01723311	
355.2	2.03651679	2.01725973	
355.4	2.03640158	2.01728603	
355.6	2.03661533	2.01731203	
355.8	2.03630779	2.01733772	
356	2.036533	2.01736311	
356.2	2.03674764	2.01738821	
356.4	2.03711941	2.017413	
356.6	2.03749248	2.01743751	
356.8	2.03733556	2.01746173	
357	2.03733326	2.01748566	
357.2	2.03783089	2.01750932	
357.4	2.0378572	2.01753269	
357.6	2.03815393	2.01755579	
357.8	2.0384807	2.01757862	
358	2.03852242	2.01760118	
358.2	2.03860006	2.01762348	
358.4	2.03890468	2.01764552	
358.6	2.03907202	2.01766729	
358.8	2.03948947	2.01768881	
359	2.03936137	2.01771008	
359.2	2.03936719	2.0177311	
359.4	2.03936654	2.01775187	
359.6	2.03922073	2.0177724	
359.8	2.03914608	2.01779268	
360	2.03914608	2.01781283	
360.2	2.03884454	2.01713223	
360.4	2.03872269	2.01645186	
360.6	2.03874651	2.01577172	
360.8	2.03828747	2.0150918	
361	2.0378234	2.01441212	
361.2	2.03759204	2.01373266	
361.4	2.03694323	2.01305344	
361.6	2.0364416	2.01237444	
361.8	2.03571161	2.01169568	
362	2.03521114	2.01101714	
362.2	2.03430528	2.01033883	
362.4	2.03398101	2.00966075	
362.6	2.0334059	2.0089829	
362.8	2.03284904	2.00830527	
363	2.03216534	2.00762788	
363.2	2.0316386	2.00695071	
363.4	2.03085157	2.00627377	
363.6	2.03015577	2.00559706	
363.8	2.02908493	2.00492058	
364	2.02802939	2.00424433	
364.2	2.0270517	2.00356831	
364.4	2.02662313	2.00289251	
364.6	2.02583684	2.00221694	
364.8	2.0243791	2.0015416	
365	2.02326454	2.00086649	
365.2	2.02262404	2.0001916	
365.4	2.02137981	1.99951694	
365.6	2.02029674	1.99884251	
365.8	2.01895715	1.99816831	
366	2.01840332	1.99749433	
366.2	2.01747879	1.99682059	
366.4	2.01705309	1.99614706	
366.6	2.01657149	1.99547377	
366.8	2.01605546	1.9948007	
367	2.01538995	1.99412787	
367.2	2.01459267	1.99345525	
367.4	2.01399085	1.99278287	
367.6	2.01365142	1.99211071	
367.8	2.01299986	1.99143878	
368	2.01270306	1.99076707	
368.2	2.01238109	1.99009559	
368.4	2.01153615	1.98942434	
368.6	2.01084282	1.98875331	
368.8	2.00957868	1.98808251	
369	2.00889726	1.98741194	
369.2	2.00800474	1.98674159	
369.4	2.00682497	1.98607147	
369.6	2.00569176	1.98540158	
369.8	2.0046236	1.98473191	
370	2.00398268	1.98406246	
370.2	2.00269209	1.98339324	
370.4	2.00175125	1.98272425	
370.6	2.00081744	1.98205549	
370.8	1.99995441	1.98138695	
371	1.99923196	1.98071863	
371.2	1.99848988	1.98005054	
371.4	1.9979187	1.97938268	
371.6	1.9974491	1.97871504	
371.8	1.99679937	1.97804762	
372	1.99623311	1.97738044	
372.2	1.99530716	1.97671347	
372.4	1.99431368	1.97604673	
372.6	1.99395066	1.97538022	
372.8	1.99278375	1.97471393	
373	1.99210285	1.97404787	
373.2	1.99112707	1.97338203	
373.4	1.99025028	1.97271641	
373.6	1.98903143	1.97205102	
373.8	1.98832353	1.97138585	
374	1.9873627	1.97072091	
374.2	1.98619843	1.97005619	
374.4	1.98544505	1.9693917	
374.6	1.98503927	1.96872743	
374.8	1.98429343	1.96806339	
375	1.98368147	1.96739957	
375.2	1.9825712	1.96673597	
375.4	1.98172835	1.96607259	
375.6	1.98118768	1.96540945	
375.8	1.98017299	1.96474652	
376	1.97950202	1.96408382	
376.2	1.97834658	1.96342134	
376.4	1.97748352	1.96275908	
376.6	1.9764146	1.96209705	
376.8	1.97528525	1.96143524	
377	1.97450453	1.96077366	
377.2	1.97361399	1.96011229	
377.4	1.97251984	1.95945115	
377.6	1.97182173	1.95879024	
377.8	1.97167167	1.95812954	
378	1.97051188	1.95746907	
378.2	1.9697976	1.95680883	
378.4	1.96912976	1.9561488	
378.6	1.96843686	1.955489	
378.8	1.96750978	1.95482942	
379	1.96683205	1.95417006	
379.2	1.96581324	1.95351093	
379.4	1.96541869	1.95285201	
379.6	1.96496495	1.95219332	
379.8	1.96405284	1.95153486	
380	1.96321645	1.95087661	
380.2	1.9624737	1.95021859	
380.4	1.96190523	1.94956078	
380.6	1.96085689	1.9489032	
380.8	1.96040334	1.94824584	
381	1.95933356	1.94758871	
381.2	1.95843904	1.94693179	
381.4	1.95744224	1.9462751	
381.6	1.95665756	1.94561863	
381.8	1.95581716	1.94496238	
382	1.95445477	1.94430635	
382.2	1.95366359	1.94365054	
382.4	1.95270821	1.94299495	
382.6	1.95194469	1.94233959	
382.8	1.9510473	1.94168444	
383	1.95047731	1.94102952	
383.2	1.94949412	1.94037482	
383.4	1.94909823	1.93972033	
383.6	1.94872016	1.93906607	
383.8	1.94810877	1.93841203	
384	1.94772002	1.93775821	
384.2	1.94739638	1.93710461	
384.4	1.94679915	1.93645123	
384.6	1.94601613	1.93579808	
384.8	1.94520635	1.93514514	
385	1.94386266	1.93449242	
385.2	1.94319697	1.93383992	
385.4	1.94234401	1.93318764	
385.6	1.94182629	1.93253559	
385.8	1.94107576	1.93188375	
386	1.94043673	1.93123213	
386.2	1.93999842	1.93058073	
386.4	1.93896408	1.92992955	
386.6	1.9378548	1.9292786	
386.8	1.93699542	1.92862786	
387	1.93654069	1.92797734	
387.2	1.93587425	1.92732704	
387.4	1.93545256	1.92667696	
387.6	1.93528251	1.92602709	
387.8	1.93456077	1.92537745	
388	1.93344756	1.92472803	
388.2	1.93261054	1.92407882	
388.4	1.93209667	1.92342984	
388.6	1.93135467	1.92278107	
388.8	1.93005155	1.92213252	
389	1.92923726	1.9214842	
389.2	1.92878612	1.92083609	
389.4	1.9283173	1.92018819	
389.6	1.92748703	1.91954052	
389.8	1.92635437	1.91889307	
390	1.92536317	1.91824583	
390.2	1.92432956	1.91759881	
390.4	1.92312744	1.91695201	
390.6	1.92245198	1.91630543	
390.8	1.9218496	1.91565907	
391	1.92100033	1.91501292	
391.2	1.92024473	1.914367	
391.4	1.91917514	1.91372129	
391.6	1.9184402	1.91307579	
391.8	1.91708119	1.91243052	
392	1.91619439	1.91178546	
392.2	1.9159798	1.91114063	
392.4	1.91544183	1.910496	
392.6	1.91511225	1.9098516	
392.8	1.91414212	1.90920741	
393	1.91374512	1.90856344	
393.2	1.91355379	1.90791969	
393.4	1.91280408	1.90727616	
393.6	1.91210372	1.90663284	
393.8	1.91148092	1.90598974	
394	1.91105021	1.90534685	
394.2	1.91072524	1.90470419	
394.4	1.90994537	1.90406174	
394.6	1.9093585	1.9034195	
394.8	1.90827823	1.90277749	
395	1.90749474	1.90213569	
395.2	1.90653876	1.9014941	
395.4	1.905523	1.90085273	
395.6	1.90462767	1.90021158	
395.8	1.90351593	1.89957065	
396	1.90302562	1.89892993	
396.2	1.90224219	1.89828943	
396.4	1.90165994	1.89764914	
396.6	1.90089718	1.89700907	
396.8	1.8998473	1.89636921	
397	1.89953333	1.89572958	
397.2	1.89922008	1.89509015	
397.4	1.89856091	1.89445095	
397.6	1.89824204	1.89381195	
397.8	1.89754722	1.89317318	
398	1.89713828	1.89253462	
398.2	1.89645664	1.89189627	
398.4	1.89555247	1.89125814	
398.6	1.89485443	1.89062023	
398.8	1.89387136	1.88998253	
399	1.89307282	1.88934504	
399.2	1.89197633	1.88870777	
399.4	1.89109037	1.88807072	
399.6	1.89018795	1.88743388	
399.8	1.88915164	1.88679725	
400	1.88856158	1.88616084	
400.2	1.88765935	1.88552465	
400.4	1.88687546	1.88488866	
400.6	1.88592526	1.8842529	
400.8	1.88546777	1.88361735	
401	1.88499358	1.88298201	
401.2	1.88440485	1.88234688	
401.4	1.88414883	1.88171197	
401.6	1.88360361	1.88107728	
401.8	1.88303489	1.8804428	
402	1.88287937	1.87980853	
402.2	1.88246111	1.87917448	
402.4	1.88189967	1.87854064	
402.6	1.88150598	1.87790701	
402.8	1.8811388	1.8772736	
403	1.88056917	1.8766404	
403.2	1.88000814	1.87600742	
403.4	1.8797892	1.87537465	
403.6	1.87884626	1.87474209	
403.8	1.8779368	1.87410975	
404	1.87729598	1.87347762	
404.2	1.87627236	1.8728457	
404.4	1.87513816	1.87221399	
404.6	1.87418293	1.8715825	
404.8	1.87336167	1.87095122	
405	1.87256561	1.87032016	
405.2	1.8716011	1.86968931	
405.4	1.87100261	1.86905867	
405.6	1.86994448	1.86842824	
405.8	1.86956199	1.86779802	
406	1.86923384	1.86716802	
406.2	1.86836571	1.86653823	
406.4	1.867718	1.86590866	
406.6	1.86752881	1.86527929	
406.8	1.86685046	1.86465014	
407	1.86598059	1.8640212	
407.2	1.8654561	1.86339247	
407.4	1.86485378	1.86276395	
407.6	1.86377923	1.86213565	
407.8	1.86288587	1.86150756	
408	1.8619244	1.86087968	
408.2	1.8608842	1.86025201	
408.4	1.86030505	1.85962455	
408.6	1.85968482	1.85899731	
408.8	1.8590628	1.85837027	
409	1.85840764	1.85774345	
409.2	1.85757263	1.85711684	
409.4	1.85711998	1.85649044	
409.6	1.85681871	1.85586425	
409.8	1.85697232	1.85523828	
410	1.85640031	1.85461251	
410.2	1.85573988	1.85398696	
410.4	1.85551971	1.85336161	
410.6	1.85520099	1.85273648	
410.8	1.85434156	1.85211156	
411	1.85349165	1.85148685	
411.2	1.85294683	1.85086235	
411.4	1.85248167	1.85023806	
411.6	1.85156662	1.84961398	
411.8	1.85063715	1.84899011	
412	1.84958983	1.84836645	
412.2	1.84874671	1.847743	
412.4	1.84820352	1.84711977	
412.6	1.84698893	1.84649674	
412.8	1.84611177	1.84587392	
413	1.84536322	1.84525132	
413.2	1.84450206	1.84462892	
413.4	1.8435977	1.84400673	
413.6	1.84332133	1.84338475	
413.8	1.84280792	1.84276299	
414	1.84197992	1.84214143	
414.2	1.84170494	1.84152008	
414.4	1.84116505	1.84089894	
414.6	1.84075237	1.84027801	
414.8	1.8402109	1.83965729	
415	1.83990019	1.83903678	
415.2	1.83956033	1.83841648	
415.4	1.83935999	1.83779639	
415.6	1.83851376	1.83717651	
415.8	1.83807069	1.83655683	
416	1.83720191	1.83593737	
416.2	1.83672202	1.83531812	
416.4	1.83627215	1.83469907	
416.6	1.83574993	1.83408023	
416.8	1.8355115	1.8334616	
417	1.83494394	1.83284318	
417.2	1.83445049	1.83222497	
417.4	1.8338235	1.83160697	
417.6	1.83352322	1.83098917	
417.8	1.83299905	1.83037158	
418	1.83224569	1.82975421	
418.2	1.83187321	1.82913704	
418.4	1.83114651	1.82852007	
418.6	1.83046521	1.82790332	
418.8	1.82958914	1.82728678	
419	1.82847006	1.82667044	
419.2	1.82719662	1.82605431	
419.4	1.82648436	1.82543839	
419.6	1.82500457	1.82482267	
419.8	1.82415073	1.82420717	
420	1.82286572	1.82359187	
420.2	1.82206781	1.82297677	
420.4	1.8214269	1.82236189	
420.6	1.82113062	1.82174721	
420.8	1.82045456	1.82113275	
421	1.82025812	1.82051848	
421.2	1.81998748	1.81990443	
421.4	1.8195174	1.81929058	
421.6	1.81931075	1.81867694	
421.8	1.81875899	1.81806351	
422	1.81846745	1.81745028	
422.2	1.81828951	1.81683726	
422.4	1.81773624	1.81622445	
422.6	1.81716758	1.81561184	
422.8	1.81668753	1.81499944	
423	1.81611189	1.81438725	
423.2	1.81589582	1.81377526	
423.4	1.81535924	1.81316348	
423.6	1.81408122	1.81255191	
423.8	1.81332066	1.81194054	
424	1.81240087	1.81132938	
424.2	1.81195091	1.81071842	
424.4	1.81135963	1.81010767	
424.6	1.81054015	1.80949713	
424.8	1.80983464	1.80888679	
425	1.80942629	1.80827666	
425.2	1.80861252	1.80766674	
425.4	1.80817112	1.80705702	
425.6	1.80740466	1.8064475	
425.8	1.80663822	1.80583819	
426	1.80654499	1.80522909	
426.2	1.8058858	1.80462019	
426.4	1.80495986	1.8040115	
426.6	1.80448453	1.80340301	
426.8	1.80379066	1.80279473	
427	1.80303802	1.80218665	
427.2	1.80252733	1.80157878	
427.4	1.8019454	1.80097112	
427.6	1.80102213	1.80036365	
427.8	1.80033831	1.7997564	
428	1.79975914	1.79914935	
428.2	1.79899007	1.7985425	
428.4	1.79814808	1.79793586	
428.6	1.79762265	1.79732942	
428.8	1.79722738	1.79672319	
429	1.79671212	1.79611716	
429.2	1.7964088	1.79551133	
429.4	1.79581638	1.79490571	
429.6	1.79516852	1.7943003	
429.8	1.79488405	1.79369509	
430	1.79447146	1.79309008	
430.2	1.79404489	1.79248528	
430.4	1.79316596	1.79188068	
430.6	1.79271036	1.79127628	
430.8	1.79211096	1.79067209	
431	1.79203587	1.7900681	
431.2	1.79198542	1.78946432	
431.4	1.79128005	1.78886074	
431.6	1.78997025	1.78825736	
431.8	1.78925893	1.78765419	
432	1.78826526	1.78705122	
432.2	1.78762184	1.78644845	
432.4	1.7870963	1.78584589	
432.6	1.78621428	1.78524353	
432.8	1.78516622	1.78464137	
433	1.78474738	1.78403942	
433.2	1.78424989	1.78343767	
433.4	1.78361931	1.78283612	
433.6	1.7831729	1.78223478	
433.8	1.78263142	1.78163363	
434	1.78253028	1.7810327	
434.2	1.78223045	1.78043196	
434.4	1.78167853	1.77983143	
434.6	1.78119476	1.77923109	
434.8	1.78128027	1.77863097	
435	1.78095341	1.77803104	
435.2	1.78003752	1.77743132	
435.4	1.77913124	1.77683179	
435.6	1.77830357	1.77623247	
435.8	1.77791263	1.77563336	
436	1.77722922	1.77503444	
436.2	1.77678351	1.77443573	
436.4	1.77631953	1.77383722	
436.6	1.77554618	1.77323891	
436.8	1.77472357	1.7726408	
437	1.77440273	1.7720429	
437.2	1.77401598	1.77144519	
437.4	1.77363993	1.77084769	
437.6	1.77281475	1.77025039	
437.8	1.77203924	1.76965329	
438	1.77177925	1.76905639	
438.2	1.77079464	1.76845969	
438.4	1.77026829	1.7678632	
438.6	1.76964612	1.7672669	
438.8	1.76931692	1.76667081	
439	1.76822515	1.76607492	
439.2	1.76756714	1.76547923	
439.4	1.76705961	1.76488374	
439.6	1.76639199	1.76428845	
439.8	1.76613931	1.76369336	
440	1.76552817	1.76309847	
440.2	1.7650196	1.76250378	
440.4	1.76450601	1.7619093	
440.6	1.76366961	1.76131501	
440.8	1.76288669	1.76072093	
441	1.76260911	1.76012704	
441.2	1.76219263	1.75953336	
441.4	1.76139678	1.75893987	
441.6	1.76033418	1.75834659	
441.8	1.75973735	1.7577535	
442	1.75910243	1.75716062	
442.2	1.75843678	1.75656793	
442.4	1.7575925	1.75597545	
442.6	1.75702064	1.75538316	
442.8	1.75646225	1.75479108	
443	1.7559432	1.75419919	
443.2	1.75558613	1.75360751	
443.4	1.75548875	1.75301602	
443.6	1.75489826	1.75242474	
443.8	1.75450857	1.75183365	
444	1.75388066	1.75124276	
444.2	1.75357538	1.75065207	
444.4	1.75289319	1.75006158	
444.6	1.75261735	1.74947129	
444.8	1.7521056	1.7488812	
445	1.75196988	1.74829131	
445.2	1.75138611	1.74770162	
445.4	1.75087937	1.74711213	
445.6	1.75035498	1.74652283	
445.8	1.7498833	1.74593373	
446	1.74930298	1.74534484	
446.2	1.74911564	1.74475614	
446.4	1.74854424	1.74416764	
446.6	1.7481641	1.74357934	
446.8	1.74786278	1.74299123	
447	1.74714988	1.74240333	
447.2	1.74652172	1.74181562	
447.4	1.74584676	1.74122811	
447.6	1.74486186	1.7406408	
447.8	1.74408441	1.74005369	
448	1.74333737	1.73946677	
448.2	1.74280198	1.73888006	
448.4	1.74199699	1.73829354	
448.6	1.74141128	1.73770722	
448.8	1.74080099	1.7371211	
449	1.74064715	1.73653517	
449.2	1.7397881	1.73594944	
449.4	1.73925708	1.73536391	
449.6	1.7389286	1.73477858	
449.8	1.73872793	1.73419345	
450	1.73885478	1.73360851	
450.2	1.73835055	1.73302377	
450.4	1.73796063	1.73243923	
450.6	1.73775024	1.73185488	
450.8	1.73720449	1.73127073	
451	1.73650535	1.73068678	
451.2	1.73593075	1.73010302	
451.4	1.73544947	1.72951947	
451.6	1.73497798	1.72893611	
451.8	1.73429946	1.72835294	
452	1.73371407	1.72776997	
452.2	1.73350643	1.7271872	
452.4	1.73280013	1.72660463	
452.6	1.7320933	1.72602225	
452.8	1.73192779	1.72544007	
453	1.73127833	1.72485808	
453.2	1.73073152	1.72427629	
453.4	1.73023933	1.7236947	
453.6	1.72995144	1.72311331	
453.8	1.72938582	1.72253211	
454	1.72879971	1.7219511	
454.2	1.72781231	1.72137029	
454.4	1.72761808	1.72078968	
454.6	1.72717408	1.72020926	
454.8	1.72637702	1.71962904	
455	1.72596069	1.71904902	
455.2	1.72577614	1.71846919	
455.4	1.72524496	1.71788955	
455.6	1.72472328	1.71731012	
455.8	1.72446592	1.71673087	
456	1.72381962	1.71615183	
456.2	1.72360558	1.71557297	
456.4	1.72304018	1.71499432	
456.6	1.72230446	1.71441585	
456.8	1.72211824	1.71383759	
457	1.72152847	1.71325952	
457.2	1.72125158	1.71268164	
457.4	1.72038689	1.71210396	
457.6	1.71959418	1.71152647	
457.8	1.71891499	1.71094918	
458	1.71823009	1.71037208	
458.2	1.71712742	1.70979518	
458.4	1.71659264	1.70921847	
458.6	1.71569059	1.70864196	
458.8	1.71522736	1.70806564	
459	1.71482254	1.70748951	
459.2	1.71407532	1.70691358	
459.4	1.7132016	1.70633785	
459.6	1.712768	1.7057623	
459.8	1.71249014	1.70518696	
460	1.71170726	1.7046118	
460.2	1.71128916	1.70403684	
460.4	1.71084324	1.70346208	
460.6	1.7104216	1.70288751	
460.8	1.71048791	1.70231313	
461	1.71029025	1.70173894	
461.2	1.70998037	1.70116495	
461.4	1.70959647	1.70059115	
461.6	1.70933118	1.70001755	
461.8	1.70927888	1.69944414	
462	1.70875084	1.69887092	
462.2	1.70817726	1.6982979	
462.4	1.70793814	1.69772507	
462.6	1.70702554	1.69715243	
462.8	1.70661229	1.69657999	
463	1.7060119	1.69600774	
463.2	1.7048695	1.69543568	
463.4	1.70431838	1.69486382	
463.6	1.7035845	1.69429214	
463.8	1.70337367	1.69372067	
464	1.70250862	1.69314938	
464.2	1.70199598	1.69257829	
464.4	1.70141083	1.69200738	
464.6	1.7006124	1.69143668	
464.8	1.69999665	1.69086616	
465	1.69927733	1.69029584	
465.2	1.69864045	1.68972571	
465.4	1.69829946	1.68915577	
465.6	1.69813604	1.68858602	
465.8	1.69765617	1.68801647	
466	1.69713289	1.6874471	
466.2	1.69682632	1.68687793	
466.4	1.69647332	1.68630896	
466.6	1.69592881	1.68574017	
466.8	1.69553347	1.68517157	
467	1.69518507	1.68460317	
467.2	1.69473025	1.68403496	
467.4	1.69427711	1.68346694	
467.6	1.69407369	1.68289911	
467.8	1.69370401	1.68233148	
468	1.69310304	1.68176403	
468.2	1.69207589	1.68119678	
468.4	1.691105	1.68062972	
468.6	1.69003864	1.68006285	
468.8	1.6893014	1.67949617	
469	1.68843983	1.67892968	
469.2	1.68789939	1.67836338	
469.4	1.68725687	1.67779728	
469.6	1.68665504	1.67723136	
469.8	1.68581002	1.67666564	
470	1.68541447	1.6761001	
470.2	1.68525471	1.67553476	
470.4	1.68495601	1.67496961	
470.6	1.68453163	1.67440464	
470.8	1.68449012	1.67383987	
471	1.68465481	1.67327529	
471.2	1.68458938	1.6727109	
471.4	1.6839811	1.6721467	
471.6	1.68413087	1.67158269	
471.8	1.68382543	1.67101887	
472	1.6835591	1.67045525	
472.2	1.68233419	1.66989181	
472.4	1.68210393	1.66932856	
472.6	1.68171374	1.6687655	
472.8	1.68106819	1.66820263	
473	1.68043279	1.66763995	
473.2	1.67982331	1.66707746	
473.4	1.6789719	1.66651516	
473.6	1.6785747	1.66595305	
473.8	1.67800563	1.66539113	
474	1.67757584	1.6648294	
474.2	1.67744035	1.66426786	
474.4	1.67672325	1.66370651	
474.6	1.67610296	1.66314534	
474.8	1.67555909	1.66258437	
475	1.67503684	1.66202359	
475.2	1.67452545	1.66146299	
475.4	1.67409218	1.66090259	
475.6	1.67431702	1.66034237	
475.8	1.67395656	1.65978234	
476	1.67308662	1.6592225	
476.2	1.67218406	1.65866285	
476.4	1.67203199	1.65810339	
476.6	1.67171165	1.65754412	
476.8	1.67112487	1.65698503	
477	1.67057146	1.65642614	
477.2	1.67005214	1.65586743	
477.4	1.66955496	1.65530891	
477.6	1.6692566	1.65475058	
477.8	1.66838834	1.65419244	
478	1.66779185	1.65363449	
478.2	1.66722402	1.65307672	
478.4	1.66639619	1.65251915	
478.6	1.66589814	1.65196176	
478.8	1.66559417	1.65140456	
479	1.66568773	1.65084754	
479.2	1.66586628	1.65029072	
479.4	1.66618688	1.64973408	
479.6	1.66650486	1.64917763	
479.8	1.66655917	1.64862137	
